1 0.8555327643975743 0.2640000000000001 0.15506552879514857 0.020427821206389807
0 0.778 0.2640000000000001 0.16666666424358845 0.020427821206389807
1 0.23733894803783914 0.5640000000000002 0.4746778960756783 0.01896869112021909
1 0.764 0.9780000000000001 0.472 0.017509561034048375
0 0.528 0.9780000000000001 0.16666666424358845 0.017509561034048375
1 0.937 0.6539999999999999 0.126 0.014591300861706942
0 0.874 0.6539999999999999 0.12499999818269135 0.014591300861706942
1 0.03158664454985774 0.9759999999999999 0.06317328909971548 0.01021391060319479
1 0.5709287766304569 0.28999999999999987 0.14985755326091385 0.008754780517024073
0 0.496 0.28999999999999987 0.12499999818269135 0.008754780517024073
1 0.8226727348672211 0.6779999999999999 0.1573454697344423 0.008754780517024073
0 0.7439999999999982 0.6779999999999999 0.10416666515224278 0.008754780517024073
1 0.48194218509697023 0.9399999999999998 0.3198843701939404 0.008754780517024073
0 0.3219999999999982 0.9399999999999998 0.10416666515224278 0.008754780517024073
1 0.6858951503774697 0.068 0.2957903007549394 0.0072956504308535845
0 0.5379999999999981 0.068 0.062499999091345675 0.0072956504308535845