1 0.905 0.97 0.19 0.03210086189575668
0 0.81 0.97 0.2499999963653827 0.03210086189575668
1 0.8220498015232278 0.864 0.28409960304645576 0.0306417318095846
0 0.6799999999999982 0.864 0.062499999091345675 0.0306417318095846
1 0.6397975944767077 0.08 0.28759518895341535 0.01605043094787834
0 0.49599999999999816 0.08 0.10416666515224278 0.01605043094787834
1 0.22545303287608476 0.882 0.2629060657521695 0.01605043094787834
0 0.094 0.882 0.12499999818269135 0.01605043094787834
1 0.47041183592916425 0.21400000000000183 0.27682367185832846 0.013132170775537815
0 0.3319999999999982 0.21400000000000183 0.1458333312131399 0.013132170775537815
1 0.11900762970926552 0.24000000000000182 0.23801525941853105 0.013132170775537815
1 0.16846525421473052 0.008000000000001818 0.33693050842946104 0.011673040689365734
1 0.45938420382630646 0.3340000000000018 0.5347684076526129 0.011673040689365734
0 0.19199999999999817 0.3340000000000018 0.10416666515224278 0.011673040689365734
1 0.16492611678694266 0.23599999999999818 0.3298522335738853 0.010213910603193653
1 0.26933866614621 0.3199999999999982 0.53867733229242 0.010213910603193653
1 0.06357267778313508 0.4499999999999982 0.12714535556627016 0.010213910603193653
1 0.948 0.6099999999999982 0.104 0.010213910603193653
0 0.896 0.6099999999999982 0.08333333212179422 0.010213910603193653
1 0.916 0.8139999999999982 0.168 0.010213910603193653
0 0.832 0.8139999999999982 0.12499999818269135 0.010213910603193653
0 0.9711666669695515 0.564 0.05766666606089711 0.008754780517025211
1 0.5207507529827599 0.958 0.13750150596551974 0.005836520344681048