1 0.16027988926671605 0.976 0.3205597785334321 0.03355999198192603
1 0.560463201483748 0.294 0.564926402967496 0.024805211464901732
0 0.2779999999999982 0.294 0.1458333312131399 0.024805211464901732
1 0.948 0.806 0.104 0.021886951292560297
0 0.896 0.806 0.16666666424358845 0.021886951292560297
1 0.3779552738910206 0.15599999999999978 0.41591054778204123 0.017509561034048146
0 0.17 0.15599999999999978 0.08333333212179422 0.017509561034048146
1 0.916 0.6199999999999998 0.168 0.017509561034048146
0 0.8319999999999982 0.6199999999999998 0.22916666333493413 0.017509561034048146
0 0.9921666669695515 0.8479999999999998 0.015666666060897113 0.017509561034048146
1 0.4205250614610486 0.5220000000000002 0.2850501229220972 0.016050430947877885
0 0.2779999999999982 0.5220000000000002 0.18749999727403702 0.016050430947877885
1 0.08323132075799732 0.058 0.16646264151599463 0.014591300861707169
1 0.6634723349077849 0.428 0.2909446698155698 0.014591300861707169
0 0.5179999999999981 0.428 0.10416666515224278 0.014591300861707169
1 0.97 0.478 0.06 0.014591300861707169
0 0.9399999999999982 0.478 0.10416666515224278 0.014591300861707169
1 0.2957426828646112 0.734 0.14348536572922238 0.014591300861707169
0 0.224 0.734 0.04166666606089711 0.014591300861707169
1 0.34989300991396155 0.8280000000000002 0.14378601982792316 0.013132170775536451
0 0.2779999999999982 0.8280000000000002 0.1458333312131399 0.013132170775536451
1 0.78 0.362 0.44 0.011673040689365734
0 0.56 0.362 0.08333333212179422 0.011673040689365734
1 0.144699325013622 0.928 0.289398650027244 0.011673040689365734
1 0.405423111923943 0.6040000000000002 0.558846223847886 0.010213910603195018
0 0.126 0.6040000000000002 0.08333333212179422 0.010213910603195018
1 0.6097910571792072 0.7760000000000002 0.2955821143584144 0.010213910603195018
0 0.4619999999999982 0.7760000000000002 0.10416666515224278 0.010213910603195018
1 0.3105698200415372 0.568 0.28113964008307446 0.0087547805170243
0 0.17 0.568 0.12499999818269135 0.0087547805170243
1 0.916 0.38200000000000023 0.168 0.0072956504308535845
0 0.832 0.38200000000000023 0.08333333212179422 0.0072956504308535845
1 0.36681122636987856 0.8480000000000002 0.2856224527397571 0.0072956504308535845
0 0.224 0.8480000000000002 0.04166666606089711 0.0072956504308535845
1 0.6126046701251034 0.686 0.14920934025020688 0.005836520344682867
1 0.3898561673092554 0.708 0.2877123346185108 0.005836520344682867
0 0.2459999999999982 0.708 0.062499999091345675 0.005836520344682867
1 0.19525609652693493 0.4360000000000002 0.13851219305386986 0.00437739025851215
0 0.12599999999999817 0.4360000000000002 0.062499999091345675 0.00437739025851215
1 0.889 0.7460000000000002 0.222 0.00437739025851215
0 0.7779999999999981 0.7460000000000002 0.062499999091345675 0.00437739025851215