1 0.28097338719584514 0.27 0.21394677439169027 0.018968691120218865
0 0.1740000000000009 0.27 0.2083333303044874 0.018968691120218865
1 0.7367647029039854 0.532 0.21752940580797075 0.014591300861707169
0 0.6280000000000009 0.532 0.1458333312131417 0.014591300861707169
1 0.7031940288589094 0.544 0.2143880577178188 0.014591300861707169
0 0.5960000000000009 0.544 0.1458333312131417 0.014591300861707169
1 0.917 0.714 0.166 0.014591300861707169
0 0.834000000000001 0.714 0.18749999727403882 0.014591300861707169
1 0.6019265792288716 0.26 0.2958531584577431 0.011673040689365734
0 0.454 0.26 0.12499999818269135 0.011673040689365734
1 0.95 0.5480000000000003 0.1 0.010213910603195018
0 0.9 0.5480000000000003 0.10416666515224278 0.010213910603195018
1 0.7486685841921799 0.5580000000000003 0.21733716838435976 0.010213910603195018
0 0.64 0.5580000000000003 0.10416666515224278 0.010213910603195018
1 0.977 0.9120000000000003 0.046 0.010213910603195018
0 0.9457500004543271 0.9120000000000003 0.10849999909134567 0.010213910603195018
1 0.879 0.04 0.242 0.0072956504308535845
0 0.758 0.04 0.10416666515224278 0.0072956504308535845