1 0.5467040773818226 0.09400000000000727 0.40540815476364517 0.03210086189575668
0 0.3439999999999982 0.09400000000000727 0.27083332939583127 0.03210086189575668
1 0.742 0.214 0.516 0.030641731809591875
0 0.48399999999999815 0.214 0.22916666333493413 0.030641731809591875
1 0.23425830825833874 0.43999999999999273 0.4685166165166775 0.026264341551068354
0 0.049124998864183 0.43999999999999273 0.098249997728366 0.026264341551068354
1 0.2600276936175942 0.176 0.1360553872351884 0.018968691120215226
0 0.19199999999999817 0.176 0.22916666333493413 0.018968691120215226
1 0.33942388863025735 0.392 0.2748477772605147 0.018968691120215226
0 0.20199999999999818 0.392 0.18749999727403702 0.018968691120215226
1 0.28046346907390035 0.006647825215426565 0.13292693814780068 0.01329565043085313
0 0.214 0.006647825215426565 0.16666666424358845 0.01329565043085313
1 0.883 0.12400000000000727 0.234 0.013132170775541454
0 0.7659999999999981 0.12400000000000727 0.18749999727403702 0.013132170775541454
1 0.0891352438660906 0.488 0.1422704877321812 0.005836520344688324
0 0.029833333030448557 0.488 0.059666666060897114 0.005836520344688324
1 0.3300664358622507 0.502 0.14813287172450146 0.005836520344688324
0 0.2559999999999982 0.502 0.062499999091345675 0.005836520344688324