1 0.8785365518996187 0.025999999999999773 0.18907310379923728 0.02042782120638958
0 0.7839999999999998 0.025999999999999773 0.10416666515224324 0.02042782120638958
1 0.963 0.19999999999999976 0.074 0.017509561034048146
0 0.926 0.19999999999999976 0.14583333121314082 0.017509561034048146
1 0.38010855407605165 0.3160000000000002 0.12421710815210327 0.016050430947877885
0 0.318 0.3160000000000002 0.14583333121314082 0.016050430947877885
1 0.21515934370527862 0.18800000000000022 0.22631868741055722 0.013132170775536451
0 0.102 0.18800000000000022 0.14583333121314082 0.013132170775536451
1 0.7343593290655499 0.050000000000000225 0.1367186581310998 0.010213910603195018
0 0.6659999999999998 0.050000000000000225 0.10416666515224324 0.010213910603195018
1 0.1449538746067201 0.578 0.1499077492134402 0.0087547805170243
0 0.07000000000000012 0.578 0.08333333212179492 0.0087547805170243
1 0.9344200908141358 0.658 0.10484018162827169 0.0087547805170243
0 0.8819999999999998 0.658 0.10416666515224324 0.0087547805170243
1 0.41589445808404685 0.536 0.12778891616809368 0.005836520344682867
0 0.3520000000000002 0.536 0.062499999091346126 0.005836520344682867