1 0.988 0.748 0.024 0.023346081378724192
0 0.9619583337119393 0.748 0.07608333257612139 0.023346081378724192
1 0.868 0.754 0.264 0.020427821206394584
0 0.7360000000000009 0.754 0.2083333303044874 0.020427821206394584
1 0.6296096964638719 0.614 0.3512193929277437 0.018968691120215226
0 0.4540000000000009 0.614 0.16666666424359028 0.018968691120215226
1 0.1744307852538759 0.7840000000000072 0.13286157050775182 0.017509561034050422
0 0.108 0.7840000000000072 0.10416666515224278 0.017509561034050422
1 0.7048783858607549 0.5820000000000073 0.26175677172150974 0.013132170775541454
0 0.574 0.5820000000000073 0.12499999818269135 0.013132170775541454
1 0.7340579770226232 0.604 0.21211595404524633 0.010213910603197292
0 0.628 0.604 0.10416666515224278 0.010213910603197292
1 0.971 0.6 0.058 0.005836520344688324
0 0.942 0.6 0.04166666606089711 0.005836520344688324