1 0.7138538955010167 0.9963143515736665 0.5037077910020334 0.007371296852667001
0 0.4619999999999995 0.9963143515736665 0.20833333030448647 0.007371296852667001
1 0.54123485158337 0.4600000000000073 0.5464697031667402 0.027723471637247712
0 0.26800000000000046 0.4600000000000073 0.1041666651522437 0.027723471637247712
1 0.3742029842936581 0.6819999999999927 0.32440596858731624 0.026264341551068354
0 0.212 0.6819999999999927 0.062499999091345675 0.026264341551068354
1 0.01528707296913035 0.238 0.0305741459382607 0.023346081378724192
1 0.78 0.5499999999999927 0.44 0.016050430947871064
0 0.5600000000000005 0.5499999999999927 0.12499999818269225 0.016050430947871064
1 0.932 0.028 0.136 0.014591300861706258
0 0.8639999999999995 0.028 0.16666666424358936 0.014591300861706258
1 0.2848144494591043 0.15800000000000727 0.5696288989182086 0.013132170775541454
1 0.30243523885017204 0.29200000000000725 0.24487047770034406 0.013132170775541454
0 0.18000000000000047 0.29200000000000725 0.1041666651522437 0.013132170775541454
1 0.7803816244085465 0.466 0.33276324881709296 0.008754780517017934
0 0.6140000000000004 0.466 0.1041666651522437 0.008754780517017934
1 0.6653402399045489 0.486 0.16668047980909795 0.008754780517017934
0 0.5820000000000004 0.486 0.08333333212179514 0.008754780517017934
1 0.41345477507428313 0.021999999999992723 0.16290955014856626 0.007295650430853129
0 0.33200000000000046 0.021999999999992723 0.08333333212179514 0.007295650430853129
1 0.25913790491340294 0.352 0.15827580982680592 0.005836520344688324
0 0.18000000000000047 0.352 0.08333333212179514 0.005836520344688324
1 0.932 0.796 0.136 0.004377390258508967