1 0.0632180528806548 0.066 0.1264361057613096 0.036478252154265645
1 0.4056145281040508 0.066 0.41922905620810164 0.029182601723412516
0 0.196 0.066 0.29166666242628164 0.029182601723412516
1 0.967 0.6819999999999982 0.066 0.026264341551071994
0 0.9340000000000005 0.6819999999999982 0.1041666651522437 0.026264341551071994
1 0.07077671280383993 0.512 0.14155342560767986 0.01605043094787834
1 0.2217935532306974 0.444 0.2875871064613948 0.014591300861706258
0 0.08066666606089712 0.444 0.16133333212179424 0.014591300861706258
1 0.94 0.62 0.12 0.014591300861706258
0 0.88 0.62 0.04166666606089711 0.014591300861706258
1 0.6211905384730763 0.4120000000000018 0.30638107694615246 0.013132170775537815
0 0.46800000000000047 0.4120000000000018 0.14583333121314082 0.013132170775537815