1 0.7823371654231905 0.302 0.18867433084638105 0.026264341551071994
0 0.688 0.302 0.12499999818269225 0.026264341551071994
1 0.7452271665849673 0.428 0.18245433316993467 0.026264341551071994
0 0.6540000000000002 0.428 0.062499999091346126 0.026264341551071994
1 0.759509175919375 0.9897986971337741 0.23101835183874983 0.020402605732451774
0 0.644 0.9897986971337741 0.12499999818269225 0.020402605732451774
1 0.7051638256761023 0.2040000000000009 0.23032765135220462 0.021886951292561206
0 0.59 0.2040000000000009 0.16666666424358936 0.021886951292561206
1 0.979 0.88 0.042 0.01605043094787834
0 0.952958333711939 0.88 0.09408333257612185 0.01605043094787834
1 0.8700861870116312 0.946 0.23617237402326235 0.01605043094787834
0 0.7519999999999998 0.946 0.10416666515224324 0.01605043094787834
1 0.8932967093481107 0.538 0.1945934186962213 0.014591300861706258
0 0.7959999999999998 0.538 0.08333333212179468 0.014591300861706258
1 0.968 0.038 0.064 0.011673040689365734
0 0.9359999999999997 0.038 0.10416666515224324 0.011673040689365734
1 0.8627247520668937 0.1380000000000009 0.19744950413378728 0.010213910603195472
0 0.7639999999999998 0.1380000000000009 0.08333333212179468 0.010213910603195472
0 0.9911666669695512 0.6340000000000009 0.01766666606089757 0.010213910603195472