1 0.3904726070055276 0.098 0.7809452140110552 0.03939651232660981
0 0.945875001135817 0.3440000000000073 0.108249997728366 0.03210086189575668
1 0.027958155575443015 0.9620000000000073 0.05591631115088603 0.027723471637247712
1 0.8586833770243174 0.9874339146122293 0.2293667540486349 0.025132170775541453
0 0.744 0.9874339146122293 0.10416666515224278 0.025132170775541453
1 0.7651681192488968 0.9964339146122293 0.1503362384977936 0.007132170775541453
0 0.69 0.9964339146122293 0.10416666515224278 0.007132170775541453
1 0.6623348346560806 0.456 0.3766696693121612 0.023346081378724192
0 0.4740000000000009 0.456 0.22916666333493596 0.023346081378724192
1 0.7277324983526996 0.116 0.22746499670539924 0.018968691120215226
0 0.6140000000000009 0.116 0.2499999963653845 0.018968691120215226
1 0.769 0.30600000000000727 0.462 0.017509561034050422
0 0.5380000000000009 0.30600000000000727 0.22916666333493596 0.017509561034050422
1 0.45236950780661755 0.5060000000000072 0.2167390156132351 0.017509561034050422
0 0.3440000000000009 0.5060000000000072 0.2083333303044874 0.017509561034050422
1 0.7092591127143923 0.4899999999999927 0.23051822542878472 0.016050430947871064
0 0.594 0.4899999999999927 0.12499999818269135 0.016050430947871064
1 0.7287753336404649 0.6300000000000072 0.2295506672809297 0.013132170775541454
0 0.6140000000000009 0.6300000000000072 0.16666666424359028 0.013132170775541454
1 0.959 0.6340000000000072 0.082 0.013132170775541454
0 0.9121250006814907 0.6340000000000072 0.1757499986370185 0.013132170775541454
1 0.304681790688197 0.7420000000000073 0.13736358137639398 0.013132170775541454
0 0.236 0.7420000000000073 0.12499999818269135 0.013132170775541454
1 0.06125922170301237 0.9100000000000072 0.12251844340602475 0.013132170775541454
1 0.33527394611374983 0.12599999999999273 0.07054789222749969 0.011673040689362096
0 0.3 0.12599999999999273 0.08333333212179422 0.011673040689362096