1 0.49004706696816086 0.6779999999999927 0.5920941339363217 0.036478252154265645
0 0.19400000000000092 0.6779999999999927 0.27083332939583304 0.036478252154265645
1 0.912 0.057999999999992724 0.176 0.026264341551068354
0 0.824000000000001 0.057999999999992724 0.18749999727403882 0.026264341551068354
1 0.16331365402170558 0.184 0.32662730804341117 0.02480521146490355
0 0.013874999318510163 0.184 0.027749998637020327 0.02480521146490355
1 0.47690500096781036 0.8739999999999927 0.3058100019356207 0.021886951292559388
0 0.3240000000000009 0.8739999999999927 0.2499999963653845 0.021886951292559388
1 0.17721843507272933 0.3240000000000073 0.20243687014545866 0.017509561034050422
0 0.076 0.3240000000000073 0.12499999818269135 0.017509561034050422
1 0.836 0.5539999999999927 0.328 0.016050430947871064
0 0.6720000000000009 0.5539999999999927 0.16666666424359028 0.016050430947871064
1 0.7514495801209723 0.522 0.2908991602419446 0.014591300861706258
0 0.6060000000000009 0.522 0.1458333312131417 0.014591300861706258
1 0.35621528901541843 0.07600000000000727 0.21643057803083685 0.013132170775541454
0 0.248 0.07600000000000727 0.10416666515224278 0.013132170775541454
1 0.5991017004189307 0.08400000000000728 0.2902034008378614 0.013132170775541454
0 0.4540000000000009 0.08400000000000728 0.1458333312131417 0.013132170775541454
1 0.95 0.8740000000000073 0.1 0.013132170775541454
0 0.9 0.8740000000000073 0.12499999818269135 0.013132170775541454
1 0.07096448202711964 0.21199999999999272 0.14192896405423927 0.011673040689362096
1 0.44523268202093097 0.06 0.17446536404186191 0.010213910603197292
0 0.358 0.06 0.12499999818269135 0.010213910603197292
1 0.017440589029204603 0.238 0.03488117805840921 0.010213910603197292
1 0.923 0.89 0.154 0.008754780517017934
0 0.846 0.89 0.10416666515224278 0.008754780517017934