1 0.3692441185805701 0.6439999999999927 0.2424882371611402 0.026264341551068354
0 0.24800000000000091 0.6439999999999927 0.16666666424359028 0.026264341551068354
1 0.912 0.674 0.176 0.02480521146490355
0 0.824000000000001 0.674 0.2499999963653845 0.02480521146490355
1 0.8454493597807614 0.144 0.17489871956152275 0.023346081378724192
0 0.758 0.144 0.08333333212179422 0.023346081378724192
1 0.31643359066991616 0.6599999999999927 0.3728671813398323 0.021886951292559388
0 0.13000000000000092 0.6599999999999927 0.18749999727403882 0.021886951292559388
1 0.858 0.6599999999999927 0.284 0.021886951292559388
0 0.7160000000000009 0.6599999999999927 0.2083333303044874 0.021886951292559388
1 0.923 0.794 0.154 0.020427821206394584
0 0.846 0.794 0.12499999818269135 0.020427821206394584
1 0.7904060510867903 0.8660000000000073 0.17281210217358056 0.017509561034050422
0 0.704 0.8660000000000073 0.08333333212179422 0.017509561034050422
1 0.16959173067089978 0.8880000000000072 0.23118346134179957 0.017509561034050422
0 0.06866666606089802 0.8880000000000072 0.13733333212179605 0.017509561034050422
1 0.0843697373037121 0.906 0.1687394746074242 0.014591300861706258
1 0.4622602402768098 0.6759999999999927 0.2525204805536196 0.011673040689362096
0 0.3360000000000009 0.6759999999999927 0.1458333312131417 0.011673040689362096