1 0.16751317262176418 0.9440000000000073 0.33102634524352836 0.03210086189575668
0 0.037458332803285886 0.9440000000000073 0.07491666560657177 0.03210086189575668
1 0.13374999555094655 0.58 0.2674999911018931 0.030641731809591875
1 0.35287884404737996 0.6340000000000072 0.13775768809475994 0.017509561034050422
0 0.2840000000000009 0.6340000000000072 0.16666666424359028 0.017509561034050422
1 0.7042022172018843 0.38199999999999273 0.2964044344037684 0.016050430947871064
0 0.5560000000000009 0.38199999999999273 0.16666666424359028 0.016050430947871064
1 0.06834793353483291 0.156 0.13669586706966583 0.014591300861706258
0 0.016249999545672834 0.156 0.03249999909134567 0.014591300861706258
1 0.3587663866308976 0.308 0.19353277326179522 0.010213910603197292
0 0.262 0.308 0.12499999818269135 0.010213910603197292
1 0.4398271646138901 0.618 0.07165432922778019 0.010213910603197292
0 0.4040000000000009 0.618 0.16666666424359028 0.010213910603197292