1 0.17220797229939308 0.6180000000000073 0.34441594459878616 0.03210086189575668
0 0.9701250006814908 0.478 0.059749998637018506 0.029182601723412516
1 0.817 0.3800000000000073 0.366 0.027723471637247712
0 0.6340000000000009 0.3800000000000073 0.16666666424359028 0.027723471637247712
1 0.21665509187751195 0.6260000000000073 0.4333101837550239 0.027723471637247712
0 0.041749998637018504 0.6260000000000073 0.08349999727403701 0.027723471637247712
1 0.028542185813611468 0.8720000000000073 0.057084371627222935 0.027723471637247712
0 0.944875001135817 0.009836520344681049 0.110249997728366 0.019673040689362098
1 0.947 0.836 0.106 0.023346081378724192
0 0.8940000000000009 0.836 0.16666666424359028 0.023346081378724192
1 0.10715329479820684 0.8359999999999927 0.2143065895964137 0.021886951292559388
0 0.02229166583373444 0.8359999999999927 0.04458333166746888 0.021886951292559388
1 0.10893045760818132 0.04 0.21786091521636264 0.020427821206394584
1 0.25915656296868295 0.858 0.39831312593736584 0.020427821206394584
0 0.06124999954567283 0.858 0.12249999909134567 0.020427821206394584
1 0.15029928552207183 0.11 0.24859857104414368 0.018968691120215226
0 0.04945833280328588 0.11 0.09891666560657177 0.018968691120215226
1 0.5901435577039128 0.044000000000007276 0.2802871154078257 0.017509561034050422
0 0.45 0.044000000000007276 0.062499999091345675 0.017509561034050422
1 0.4615325483665401 0.9976226097414911 0.3710650967330803 0.004754780517017935
0 0.276 0.9976226097414911 0.12499999818269135 0.004754780517017935
1 0.633 0.3399999999999927 0.734 0.016050430947871064
0 0.266 0.3399999999999927 0.10416666515224278 0.016050430947871064
1 0.6568288401380132 0.206 0.4376576802760264 0.014591300861706258
0 0.4380000000000009 0.206 0.2083333303044874 0.014591300861706258
0 0.9819166674238786 0.23 0.03616666515224279 0.014591300861706258
1 0.1478813553182872 0.6399999999999927 0.2957627106365744 0.011673040689362096
0 0.012833333030448557 0.6399999999999927 0.025666666060897115 0.011673040689362096
1 0.855 0.956 0.29 0.010213910603197292
0 0.710000000000001 0.956 0.1458333312131417 0.010213910603197292
1 0.974 0.772 0.052 0.008754780517017934
0 0.948 0.772 0.062499999091345675 0.008754780517017934
1 0.35342300899945167 0.796 0.19884601799890333 0.008754780517017934
0 0.254 0.796 0.12499999818269135 0.008754780517017934