1 0.97 0.6940000000000036 0.06 0.02626434155107563
0 0.9231250006814907 0.6940000000000036 0.15374999863701852 0.02626434155107563
1 0.856 0.008742172780057445 0.288 0.01748434556011489
0 0.712 0.008742172780057445 0.12499999818269135 0.01748434556011489
1 0.3801367926882558 0.504 0.26827358537651164 0.017509561034050422
0 0.246 0.504 0.12499999818269135 0.017509561034050422
1 0.4189517726952972 0.672 0.4099035453905944 0.017509561034050422
0 0.2140000000000009 0.672 0.1458333312131417 0.017509561034050422
1 0.4348504463532281 0.48800000000000365 0.20570089270645622 0.01605043094787834
0 0.3320000000000009 0.48800000000000365 0.1458333312131417 0.01605043094787834
1 0.927 0.054 0.146 0.010213910603197292
0 0.854 0.054 0.08333333212179422 0.010213910603197292
1 0.921 0.088 0.158 0.007295650430853129
0 0.842 0.088 0.062499999091345675 0.007295650430853129