1 0.34707869572070377 0.5119999999999982 0.6941573914414075 0.03355999198192512
1 0.31842541022106524 0.8819999999999982 0.5528508204421305 0.026264341551071994
0 0.042 0.8819999999999982 0.08333333212179422 0.026264341551071994
1 0.5748393870494201 0.884 0.34967877409884024 0.023346081378731467
0 0.3999999999999982 0.884 0.10416666515224278 0.023346081378731467
1 0.928 0.536 0.144 0.021886951292559388
0 0.8559999999999982 0.536 0.18749999727403702 0.021886951292559388
1 0.7265349414003686 0.596 0.3690698828007371 0.021886951292559388
0 0.5420000000000018 0.596 0.2916666624262834 0.021886951292559388
1 0.6150551051223884 0.4139999999999982 0.2541102102447767 0.017509561034046783
0 0.488 0.4139999999999982 0.16666666424358845 0.017509561034046783
0 0.9779583337119384 0.868 0.044083332576123214 0.014591300861706258
1 0.96 0.94 0.08 0.014591300861706258
0 0.9199999999999982 0.94 0.1458333312131399 0.014591300861706258
1 0.06759286667333436 0.18800000000000183 0.13518573334666872 0.013132170775537815
1 0.36884641126625684 0.23600000000000182 0.3696928225325137 0.013132170775537815
0 0.1839999999999982 0.23600000000000182 0.18749999727403702 0.013132170775537815
1 0.7315010996305882 0.5100000000000018 0.37900219926117645 0.013132170775537815
0 0.5419999999999981 0.5100000000000018 0.10416666515224278 0.013132170775537815
1 0.7444622583260043 0.6760000000000018 0.1249245166520086 0.013132170775537815
0 0.682 0.6760000000000018 0.12499999818269135 0.013132170775537815
1 0.3290544330227076 0.27 0.2461088660454152 0.008754780517025211
0 0.20599999999999818 0.27 0.10416666515224278 0.008754780517025211
1 0.917 0.298 0.166 0.008754780517025211
0 0.8339999999999982 0.298 0.10416666515224278 0.008754780517025211
1 0.966 0.338 0.068 0.008754780517025211
0 0.9319999999999982 0.338 0.062499999091345675 0.008754780517025211