1 0.889 0.42400000000000726 0.222 0.027723471637247712
0 0.7780000000000009 0.42400000000000726 0.1458333312131417 0.027723471637247712
1 0.883 0.826 0.234 0.023346081378724192
0 0.7660000000000009 0.826 0.16666666424359028 0.023346081378724192
1 0.856 0.7360000000000073 0.288 0.013132170775541454
0 0.712 0.7360000000000073 0.08333333212179422 0.013132170775541454
1 0.91 0.8659999999999928 0.18 0.011673040689362096
0 0.82 0.8659999999999928 0.10416666515224278 0.011673040689362096
1 0.490105822503645 0.854 0.2722116450072899 0.010213910603197292
0 0.3540000000000009 0.854 0.1458333312131417 0.010213910603197292
1 0.09618487039963383 0.376 0.19236974079926766 0.008754780517017934
1 0.37614355948114825 0.576 0.2602871189622965 0.008754780517017934
0 0.246 0.576 0.08333333212179422 0.008754780517017934
1 0.756790169233096 0.772 0.21758033846619218 0.008754780517017934
0 0.648 0.772 0.10416666515224278 0.008754780517017934
1 0.8273903434266467 0.798 0.29478068685329345 0.008754780517017934