1 0.829 0.4979999999999927 0.342 0.05106955301597191
0 0.6580000000000009 0.4979999999999927 0.18749999727403882 0.05106955301597191
1 0.4863437067227123 0.65 0.3286874134454247 0.030641731809591875
0 0.3220000000000009 0.65 0.2499999963653845 0.030641731809591875
0 0.9879166674238786 0.026000000000007274 0.024166665152242785 0.027723471637247712
1 0.785 0.8800000000000072 0.43 0.027723471637247712
0 0.57 0.8800000000000072 0.10416666515224278 0.027723471637247712
1 0.899 0.162 0.202 0.023346081378724192
0 0.7980000000000009 0.162 0.2083333303044874 0.023346081378724192
1 0.5698491440719581 0.554 0.17169828814391622 0.020427821206394584
0 0.484 0.554 0.08333333212179422 0.020427821206394584
1 0.829 0.3719999999999927 0.342 0.016050430947871064
0 0.6580000000000009 0.3719999999999927 0.16666666424359028 0.016050430947871064
1 0.15522357354569793 0.7499999999999927 0.31044714709139587 0.016050430947871064
0 0.039666666060898026 0.7499999999999927 0.07933333212179605 0.016050430947871064
1 0.145581039458516 0.8939999999999927 0.291162078917032 0.016050430947871064
1 0.034164385491778373 0.058 0.06832877098355675 0.014591300861706258
1 0.1254198464663541 0.21 0.2508396929327082 0.014591300861706258
1 0.01708459661552388 0.35000000000000725 0.03416919323104776 0.013132170775541454
1 0.29491137619724306 0.8219999999999927 0.3178227523944861 0.011673040689362096
0 0.136 0.8219999999999927 0.062499999091345675 0.011673040689362096
1 0.964 0.724 0.072 0.010213910603197292
0 0.928 0.724 0.12499999818269135 0.010213910603197292
1 0.2855062789822223 0.8579999999999928 0.31901255796444455 0.007295650430853129
0 0.126 0.8579999999999928 0.12499999818269135 0.007295650430853129