0 0.9360000018173087 0.03200000000000023 0.12799999636538267 0.03793738224043818
1 0.329958981662543 0.21 0.475917963325086 0.0306417318095846
0 0.092 0.21 0.16666666424358845 0.0306417318095846
0 0.9379166674238786 0.308 0.12416666515224278 0.0306417318095846
1 0.4115073808902616 0.3480000000000005 0.16301476178052327 0.026264341551072903
0 0.33 0.3480000000000005 0.3541666615176291 0.026264341551072903
1 0.21108461566369807 0.516 0.42216923132739614 0.024805211464901732
1 0.844 0.47 0.312 0.023346081378731467
0 0.6879999999999982 0.47 0.1458333312131399 0.023346081378731467
1 0.931 0.6479999999999996 0.138 0.021886951292560297
0 0.862 0.6479999999999996 0.12499999818269135 0.021886951292560297
1 0.08135161222034185 0.39800000000000046 0.1627032244406837 0.020427821206390036
1 0.963 0.8040000000000005 0.074 0.020427821206390036
0 0.9213333339391029 0.8040000000000005 0.15733333212179423 0.020427821206390036
1 0.866 0.002742172780054716 0.268 0.005484345560109432
0 0.7319999999999982 0.002742172780054716 0.27083332939583127 0.005484345560109432
1 0.871 0.236 0.258 0.018968691120218865
0 0.742 0.236 0.12499999818269135 0.018968691120218865
1 0.909 0.486 0.182 0.018968691120218865
0 0.8179999999999982 0.486 0.18749999727403702 0.018968691120218865
1 0.33925528387169834 0.642 0.47451056774339667 0.018968691120218865
0 0.102 0.642 0.12499999818269135 0.018968691120218865
1 0.824167529310249 0.942 0.3363350586204979 0.0175095610340486
0 0.6559999999999981 0.942 0.1458333312131399 0.0175095610340486
1 0.2258162808467805 0.3379999999999995 0.159632561693561 0.01605043094787743
0 0.146 0.3379999999999995 0.16666666424358845 0.01605043094787743
1 0.2844249800625093 0.5379999999999996 0.5688499601250186 0.01605043094787743
1 0.768 0.7859999999999996 0.464 0.01605043094787743
0 0.536 0.7859999999999996 0.20833333030448556 0.01605043094787743
1 0.47994293529298554 0.058 0.16788587058597113 0.014591300861707169
0 0.3959999999999982 0.058 0.1458333312131399 0.014591300861707169
1 0.7957855820442928 0.11200000000000046 0.17157116408858564 0.014591300861707169
0 0.7099999999999982 0.11200000000000046 0.10416666515224278 0.014591300861707169
1 0.3438190049222321 0.5240000000000005 0.6876380098444642 0.014591300861707169
1 0.7562552279471693 0.6120000000000004 0.33251045589433853 0.014591300861707169
0 0.59 0.6120000000000004 0.20833333030448556 0.014591300861707169
1 0.898 0.572 0.204 0.013132170775535997
0 0.796 0.572 0.16666666424358845 0.013132170775535997
1 0.4942901391823998 0.912 0.4805802783647996 0.013132170775535997
0 0.25399999999999817 0.912 0.10416666515224278 0.013132170775535997
1 0.849 0.042 0.302 0.011673040689365734
0 0.6979999999999982 0.042 0.10416666515224278 0.011673040689365734
1 0.21541205975683442 0.164 0.43082411951366884 0.011673040689365734
0 0.027874999318508346 0.164 0.05574999863701669 0.011673040689365734
1 0.043537821694601006 0.242 0.08707564338920201 0.011673040689365734
1 0.04573442690493903 0.7580000000000005 0.09146885380987806 0.0087547805170243
1 0.11828267303834218 0.608 0.23656534607668436 0.007295650430853129