1 0.19141515406835152 0.2559999999999982 0.38283030813670305 0.03355999198192512
1 0.321455701793343 0.97 0.438911403586686 0.029182601723412516
0 0.10200000000000091 0.97 0.18749999727403882 0.029182601723412516
1 0.21369595527257024 0.488 0.4273919105451405 0.02480521146490355
1 0.5346043010221647 0.408 0.3852086020443294 0.023346081378731467
0 0.3420000000000009 0.408 0.2083333303044874 0.023346081378731467
1 0.05067412943813633 0.876 0.10134825887627266 0.023346081378731467
1 0.16530136020127428 0.35 0.33060272040254857 0.021886951292559388
1 0.3589368219653243 0.742 0.6218736439306486 0.021886951292559388
0 0.060458332803285886 0.742 0.12091666560657177 0.021886951292559388
1 0.5311173069690694 0.3259999999999982 0.2942346139381389 0.017509561034046783
0 0.384 0.3259999999999982 0.12499999818269135 0.017509561034046783
1 0.876 0.98 0.248 0.01605043094787834
0 0.7520000000000009 0.98 0.1458333312131417 0.01605043094787834
1 0.404855107465768 0.21600000000000183 0.277710214931536 0.013132170775537815
0 0.2660000000000009 0.21600000000000183 0.1458333312131417 0.013132170775537815
1 0.7086173435541469 0.5320000000000018 0.3892346871082937 0.013132170775537815
0 0.514 0.5320000000000018 0.10416666515224278 0.013132170775537815
1 0.7199584572926496 0.9220000000000018 0.1959169145852993 0.013132170775537815
0 0.6220000000000009 0.9220000000000018 0.16666666424359028 0.013132170775537815
1 0.86 0.11600000000000182 0.28 0.011673040689365734
0 0.72 0.11600000000000182 0.10416666515224278 0.011673040689365734
1 0.5255567183722923 0.5220000000000018 0.2831134367445848 0.011673040689365734
0 0.3840000000000009 0.5220000000000018 0.1458333312131417 0.011673040689365734
1 0.20539268259844357 0.6560000000000018 0.18278536519688715 0.011673040689365734
0 0.1140000000000009 0.6560000000000018 0.1458333312131417 0.011673040689365734
1 0.7442401178833415 0.7259999999999982 0.2004802357666831 0.010213910603193653
0 0.644 0.7259999999999982 0.12499999818269135 0.010213910603193653
1 0.11399682808795387 0.216 0.17599365617590773 0.008754780517025211
0 0.03383333303044856 0.216 0.06766666606089712 0.008754780517025211
1 0.86 0.644 0.28 0.007295650430853129
0 0.72 0.644 0.08333333212179422 0.007295650430853129
1 0.936 0.004 0.128 0.005836520344681048
0 0.872 0.004 0.062499999091345675 0.005836520344681048
1 0.5597473486857006 0.064 0.2874946973714013 0.005836520344681048
0 0.416 0.064 0.08333333212179422 0.005836520344681048