1 0.6356074474863653 0.37799999999999273 0.3592148949727307 0.04085564241277461
0 0.456 0.37799999999999273 0.16666666424358936 0.04085564241277461
1 0.5219815250847125 0.39399999999999274 0.3479630501694251 0.04085564241277461
0 0.34799999999999975 0.39399999999999274 0.2291666633349355 0.04085564241277461
0 0.9369166674238784 0.296 0.12616666515224323 0.023346081378724192
1 0.058803418668960376 0.66 0.11760683733792075 0.020427821206394584
1 0.3146807236399941 0.846 0.16936144727998817 0.020427821206394584
0 0.23 0.846 0.14583333121314082 0.020427821206394584
1 0.13610533493261642 0.868 0.16021066986523283 0.020427821206394584
0 0.05599999999999977 0.868 0.08333333212179468 0.020427821206394584
1 0.3983113872940862 0.1399999999999927 0.22862277458817243 0.016050430947871064
0 0.284 0.1399999999999927 0.12499999818269225 0.016050430947871064
1 0.7079382356004573 0.148 0.3078764712009147 0.014591300861706258
0 0.554 0.148 0.12499999818269225 0.014591300861706258
1 0.03648341781864337 0.5240000000000072 0.07296683563728674 0.013132170775541454
1 0.886 0.5680000000000073 0.228 0.013132170775541454
0 0.7719999999999998 0.5680000000000073 0.10416666515224324 0.013132170775541454
1 0.7387479532026718 0.18199999999999272 0.3694959064053437 0.011673040689362096
0 0.554 0.18199999999999272 0.14583333121314082 0.011673040689362096
1 0.36861866681198646 0.2959999999999927 0.16923733362397297 0.011673040689362096
0 0.28399999999999975 0.2959999999999927 0.10416666515224324 0.011673040689362096
1 0.5838077164521966 0.7799999999999927 0.1236154329043934 0.011673040689362096
0 0.522 0.7799999999999927 0.14583333121314082 0.011673040689362096
1 0.1637301325051776 0.9719999999999928 0.21546026501035523 0.011673040689362096
0 0.05924999954567306 0.9719999999999928 0.11849999909134612 0.011673040689362096