1 0.872 0.2859999999999927 0.256 0.06566085387767816
0 0.744 0.2859999999999927 0.10416666515224278 0.06566085387767816
1 0.009466593769169777 0.34 0.018933187538339554 0.02480521146490355
1 0.06663308025407241 0.09199999999999273 0.13326616050814483 0.021886951292559388
1 0.606419593524376 0.42 0.16083918704875214 0.018968691120215226
0 0.526 0.42 0.062499999091345675 0.018968691120215226
1 0.045864875435702744 0.516 0.09172975087140549 0.018968691120215226
1 0.0924604039376536 0.14800000000000726 0.1849208078753072 0.017509561034050422
1 0.5869342515012222 0.39 0.1618685030024444 0.014591300861706258
0 0.506 0.39 0.020833333030448556 0.014591300861706258
1 0.4003889878272385 0.4540000000000073 0.1567779756544769 0.013132170775541454
0 0.3220000000000009 0.4540000000000073 0.18749999727403882 0.013132170775541454
1 0.6773499873425217 0.03 0.32269997468504336 0.010213910603197292
0 0.516 0.03 0.062499999091345675 0.010213910603197292