1 0.03681454836042758 0.9863395670476021 0.07362909672085516 0.027320865904795936
1 0.6274693794015765 0.512 0.5149387588031532 0.02480521146490355
0 0.36999999999999816 0.512 0.1458333312131399 0.02480521146490355
1 0.5254115527337635 0.7160000000000036 0.48282310546752705 0.023346081378731467
0 0.2839999999999982 0.7160000000000036 0.18749999727403702 0.023346081378731467
1 0.3142500232437342 0.642 0.6285000464874684 0.021886951292559388
1 0.41944887404313524 0.29200000000000365 0.5108977480862704 0.0189686911202225
0 0.16399999999999818 0.29200000000000365 0.18749999727403702 0.0189686911202225
1 0.7057104714747947 0.358 0.34742094294958953 0.011673040689362096
0 0.5319999999999981 0.358 0.1458333312131399 0.011673040689362096
1 0.6592387255032008 0.67 0.16647745100640168 0.011673040689362096
0 0.576 0.67 0.12499999818269135 0.011673040689362096