1 0.896 0.20800000000000363 0.208 0.03355999198192876
0 0.7920000000000005 0.20800000000000363 0.08333333212179514 0.03355999198192876
1 0.826 0.09799999999999637 0.348 0.027723471637240437
0 0.6520000000000005 0.09799999999999637 0.12499999818269225 0.027723471637240437
1 0.2358265833036553 0.124 0.2756531666073106 0.017509561034050422
0 0.09799999999999955 0.124 0.18749999727403793 0.017509561034050422
1 0.1345590191790916 0.142 0.2691180383581832 0.014591300861706258
1 0.29661474981108904 0.218 0.26522949962217807 0.010213910603197292
0 0.16400000000000045 0.218 0.12499999818269225 0.010213910603197292
0 0.979541667196715 0.256 0.04091666560656995 0.010213910603197292
1 0.16628613460178576 0.15800000000000364 0.3325722692035715 0.008754780517025211
1 0.929 0.124 0.142 0.007295650430853129
0 0.8580000000000004 0.124 0.1041666651522437 0.007295650430853129