1 0.652 0.818 0.696 0.033559991981921486
0 0.304 0.818 0.35416666151762727 0.033559991981921486
1 0.734 0.011999999999992725 0.532 0.021886951292559388
0 0.46800000000000047 0.011999999999992725 0.08333333212179514 0.021886951292559388
1 0.7303533442024231 0.31 0.37270668840484633 0.020427821206394584
0 0.5440000000000005 0.31 0.1041666651522437 0.020427821206394584
1 0.978 0.298 0.044 0.014591300861706258
0 0.9560000000000004 0.298 0.08333333212179514 0.014591300861706258
1 0.1299221835502799 0.21800000000000727 0.2598443671005598 0.013132170775541454
1 0.7789331077206397 0.13399999999999274 0.3858662154412796 0.011673040689362096
0 0.5860000000000004 0.13399999999999274 0.12499999818269225 0.011673040689362096
1 0.826 0.254 0.348 0.010213910603197292
0 0.6520000000000005 0.254 0.12499999818269225 0.010213910603197292
1 0.6692863595152407 0.35 0.2505727190304815 0.010213910603197292
0 0.5440000000000005 0.35 0.12499999818269225 0.010213910603197292
1 0.826 0.222 0.348 0.008754780517017934
0 0.6520000000000005 0.222 0.1041666651522437 0.008754780517017934
1 0.5192795446900841 0.292 0.3625590893801682 0.008754780517017934
0 0.33800000000000047 0.292 0.12499999818269225 0.008754780517017934
1 0.08515385871269837 0.162 0.17030771742539674 0.005836520344688324