1 0.822 0.042 0.356 0.03939651232660981
0 0.6440000000000009 0.042 0.16666666424359028 0.03939651232660981
1 0.4121760475811352 0.8820000000000072 0.4883520951622704 0.03210086189575668
0 0.18816666515224278 0.8820000000000072 0.37633333030448557 0.03210086189575668
1 0.952 0.066 0.096 0.029182601723412516
0 0.9040000000000009 0.066 0.16666666424359028 0.029182601723412516
1 0.36073236103457385 0.844 0.4734647220691477 0.029182601723412516
0 0.12449999909134658 0.844 0.24899999818269317 0.029182601723412516
1 0.07529784830374502 0.9219999999999927 0.15059569660749003 0.026264341551068354
1 0.876 0.018000000000007278 0.248 0.017509561034050422
0 0.7520000000000009 0.018000000000007278 0.1458333312131417 0.017509561034050422
1 0.021808225393924657 0.7460000000000073 0.043616450787849315 0.017509561034050422
1 0.5417177528177599 0.17599999999999272 0.3354355056355198 0.016050430947871064
0 0.374 0.17599999999999272 0.08333333212179422 0.016050430947871064
1 0.958 0.386 0.084 0.014591300861706258
0 0.916 0.386 0.12499999818269135 0.014591300861706258
1 0.22413204546815724 0.69 0.30826409093631446 0.014591300861706258
0 0.07 0.69 0.10416666515224278 0.014591300861706258
1 0.5294357195622861 0.6760000000000073 0.24687143912457213 0.013132170775541454
0 0.406 0.6760000000000073 0.10416666515224278 0.013132170775541454
1 0.904 0.7100000000000073 0.192 0.013132170775541454
0 0.808 0.7100000000000073 0.12499999818269135 0.013132170775541454
1 0.6977039584542554 0.6299999999999927 0.17140791690851073 0.011673040689362096
0 0.612 0.6299999999999927 0.10416666515224278 0.011673040689362096
1 0.6498236112030327 0.7379999999999928 0.3356472224060653 0.007295650430853129
0 0.482 0.7379999999999928 0.08333333212179422 0.007295650430853129