1 0.8599330694160799 0.478 0.16786613883215978 0.023346081378724192
0 0.7760000000000009 0.478 0.29166666242628164 0.023346081378724192
1 0.6088780163777637 0.332 0.3577560327555275 0.020427821206394584
0 0.43000000000000094 0.332 0.18749999727403882 0.020427821206394584
0 0.9919583337119393 0.306 0.016083332576121392 0.018968691120215226
1 0.6260999068784641 0.7139999999999928 0.30819981375692806 0.016050430947871064
0 0.4720000000000009 0.7139999999999928 0.2083333303044874 0.016050430947871064
1 0.28219885557097585 0.616 0.5643977111419517 0.014591300861706258
0 0.023666666060898022 0.616 0.047333332121796044 0.014591300861706258
1 0.03233315356307412 0.164 0.06466630712614824 0.010213910603197292
1 0.19175136653700792 0.328 0.38350273307401583 0.010213910603197292
1 0.541 0.356 0.918 0.010213910603197292
0 0.082 0.356 0.08333333212179422 0.010213910603197292