1 0.4047327186449311 0.10399999999999977 0.8094654372898622 0.029182601723413883
0 0.9819583337119384 0.6119999999999998 0.036083332576123214 0.023346081378731013
1 0.861 0.022000000000000113 0.278 0.021886951292560526
0 0.722 0.022000000000000113 0.20833333030448556 0.021886951292560526
1 0.09844209287229932 0.16 0.19688418574459865 0.021886951292560297
0 0.017708332348956902 0.16 0.035416664697913804 0.021886951292560297
1 0.35470113615429 0.354 0.28140227230858 0.018968691120218865
0 0.2139999999999982 0.354 0.22916666333493413 0.018968691120218865
1 0.19245237878178523 0.2739999999999998 0.38490475756357045 0.017509561034048146
0 0.9767500004543271 0.5539999999999998 0.046499999091345674 0.017509561034048146
1 0.8186702086059977 0.7519999999999998 0.27734041721199537 0.017509561034048146
0 0.6799999999999982 0.7519999999999998 0.18749999727403702 0.017509561034048146
0 0.9863750002271626 0.2 0.027249999545674655 0.014591300861707169
1 0.1142155733425443 0.28400000000000025 0.2284311466850886 0.013132170775536451
1 0.3441896125227504 0.6080000000000002 0.26037922504550076 0.013132170775536451
0 0.214 0.6080000000000002 0.12499999818269135 0.013132170775536451
1 0.11881500504768701 0.6660000000000003 0.23763001009537402 0.013132170775536451
1 0.6680479574650453 0.082 0.32409591493009066 0.011673040689365734
0 0.506 0.082 0.16666666424358845 0.011673040689365734
1 0.4758857675266154 0.378 0.4157715350532308 0.011673040689365734
0 0.2679999999999982 0.378 0.1458333312131399 0.011673040689365734
1 0.760757805240628 0.9 0.2695156104812559 0.011673040689365734
0 0.626 0.9 0.08333333212179422 0.011673040689365734
1 0.3069694008915576 0.92 0.2539388017831152 0.011673040689365734
0 0.1799999999999982 0.92 0.10416666515224278 0.011673040689365734
1 0.07963489246525388 0.3620000000000002 0.15926978493050775 0.010213910603195018
1 0.818 0.38600000000000023 0.364 0.010213910603195018
0 0.636 0.38600000000000023 0.12499999818269135 0.010213910603195018
1 0.02295854723084449 0.6220000000000002 0.04591709446168898 0.010213910603195018
1 0.24110113225420718 0.4160000000000002 0.2702022645084144 0.0072956504308535845
0 0.10599999999999818 0.4160000000000002 0.10416666515224278 0.0072956504308535845