1 0.049726455590133355 0.8379999999999928 0.09945291118026671 0.036478252154265645
1 0.42339451035593856 0.266 0.5467890207118772 0.020427821206394584
0 0.15000000000000022 0.266 0.16666666424358983 0.020427821206394584
1 0.374901903867496 0.9000000000000072 0.341803807734992 0.017509561034050422
0 0.20400000000000046 0.9000000000000072 0.1041666651522437 0.017509561034050422
1 0.590954684149664 0.4039999999999927 0.29390936829932796 0.016050430947871064
0 0.44400000000000045 0.4039999999999927 0.08333333212179514 0.016050430947871064
1 0.18554861055307037 0.094 0.37109722110614074 0.014591300861706258
1 0.16345202791059638 0.244 0.13490405582119275 0.014591300861706258
0 0.09599999999999977 0.244 0.14583333121314035 0.014591300861706258
1 0.7259076134549782 0.338 0.30381522690995644 0.014591300861706258
0 0.5740000000000005 0.338 0.14583333121314082 0.014591300861706258
1 0.24078708370886442 0.91 0.20157416741772885 0.014591300861706258
0 0.13999999999999976 0.91 0.1249999981826918 0.014591300861706258
1 0.05708707026719048 0.8539999999999928 0.11417414053438096 0.011673040689362096
1 0.4890099644531433 0.922 0.28601992890628664 0.008754780517017934
0 0.3460000000000005 0.922 0.08333333212179514 0.008754780517017934
1 0.5317085444531967 0.4319999999999927 0.21941708890639347 0.007295650430853129
0 0.422 0.4319999999999927 0.062499999091345675 0.007295650430853129
1 0.2005129907011192 0.9659999999999928 0.20902598140223835 0.007295650430853129
0 0.09599999999999977 0.9659999999999928 0.08333333212179468 0.007295650430853129