1 0.6260211141730005 0.778 0.6240422283460011 0.06420172379151336
0 0.314 0.778 0.3124999954567302 0.06420172379151336
1 0.6372656823369898 0.041999999999992724 0.4105313646739796 0.036478252154265645
0 0.43199999999999955 0.041999999999992724 0.20833333030448647 0.036478252154265645
0 0.9462916676510418 0.108 0.10741666469791653 0.029182601723412516
1 0.884 0.666 0.232 0.02480521146490355
0 0.768 0.666 0.27083332939583304 0.02480521146490355
1 0.6787670981931396 0.362 0.6015341963862793 0.018968691120215226
0 0.37799999999999956 0.362 0.20833333030448647 0.018968691120215226
1 0.1734966534301866 0.3739999999999927 0.3469933068603732 0.016050430947871064
1 0.8394905375476924 0.6199999999999928 0.22698107509538476 0.016050430947871064
0 0.7260000000000004 0.6199999999999928 0.12499999818269225 0.016050430947871064
1 0.5272930515905314 0.6639999999999927 0.21058610318106274 0.016050430947871064
0 0.42200000000000043 0.6639999999999927 0.14583333121314082 0.016050430947871064
1 0.37503680450366483 0.9919873922630286 0.21007360900732966 0.016025215473942808
0 0.27000000000000046 0.9919873922630286 0.08333333212179514 0.016025215473942808
1 0.3037563952844298 0.046 0.3075127905688596 0.014591300861706258
0 0.15000000000000047 0.046 0.1041666651522437 0.014591300861706258
1 0.058832409614176864 0.028000000000007276 0.11766481922835373 0.013132170775541454
1 0.827951069411064 0.21799999999999273 0.3359021388221281 0.011673040689362096
0 0.6600000000000005 0.21799999999999273 0.1041666651522437 0.011673040689362096
1 0.026148788982841325 0.2299999999999927 0.05229757796568265 0.011673040689362096
1 0.96 0.5999999999999928 0.08 0.011673040689362096
0 0.9200000000000005 0.5999999999999928 0.12499999818269225 0.011673040689362096
1 0.6804580261800119 0.464 0.30091605236002394 0.010213910603197292
0 0.5300000000000005 0.464 0.1041666651522437 0.010213910603197292
1 0.5599166194165919 0.028 0.6238332388331838 0.008754780517017934
0 0.24800000000000044 0.028 0.08333333212179514 0.008754780517017934