0 0.9655416671967141 0.664 0.06891666560657177 0.03647825215426746
0 0.9703750002271627 0.788 0.059249999545674656 0.03355999198192603
1 0.786 0.534 0.428 0.02772347163724328
0 0.572 0.534 0.3541666615176291 0.02772347163724328
1 0.3429768856247847 0.568 0.5619537712495694 0.02772347163724328
0 0.09349999909134567 0.568 0.18699999818269133 0.02772347163724328
1 0.964 0.011566085387768139 0.072 0.023132170775536278
0 0.9067083341662655 0.011566085387768139 0.18658333166746888 0.023132170775536278
1 0.3469672113339784 0.148 0.5939344226679568 0.026264341551072563
0 0.07187499931850834 0.148 0.14374999863701668 0.026264341551072563
1 0.035301872546016966 0.282 0.07060374509203393 0.02042782120638975
0 0.9565000009086543 0.444 0.08699999818269134 0.02042782120638975
1 0.807 0.926 0.386 0.020427821206389807
0 0.614 0.926 0.20833333030448556 0.020427821206389807
1 0.1409710806342482 0.922 0.2819421612684964 0.01896869112021909
1 0.24773334368592623 0.736 0.49546668737185245 0.017509561034048375
1 0.14513544576553977 0.078 0.29027089153107954 0.016050430947877673
1 0.050726971661630156 0.692 0.10145394332326031 0.01605043094787766
0 0.018458332803284065 0.692 0.03691666560656813 0.01605043094787766
1 0.878 0.76 0.244 0.01605043094787766
0 0.756 0.76 0.12499999818269135 0.01605043094787766
1 0.13888557427404702 0.73 0.27777114854809404 0.014591300861706942
1 0.2644979803277529 0.792 0.27699596065550575 0.013132170775536224
0 0.12599999999999817 0.792 0.1458333312131399 0.013132170775536224
1 0.21249457940503635 0.8 0.4249891588100727 0.013132170775536224
1 0.13099365887033854 0.876 0.1379873177406771 0.013132170775536224
0 0.062 0.876 0.08333333212179422 0.013132170775536224
1 0.5467248011170068 0.4 0.29744960223401357 0.011673040689365564
0 0.3979999999999982 0.4 0.062499999091345675 0.011673040689365564
1 0.1619399430467165 0.518 0.323879886093433 0.011673040689365621
1 0.5467248011170068 0.38 0.29744960223401357 0.008754780517024188
0 0.3979999999999982 0.38 0.062499999091345675 0.008754780517024188
1 0.1686564076984305 0.614 0.277312815396861 0.008754780517024188
0 0.04104166628805979 0.614 0.08208333257611958 0.008754780517024188
1 0.48143697422701737 0.558 0.1468739484540347 0.007295650430853471
0 0.4079999999999982 0.558 0.062499999091345675 0.007295650430853471
1 0.899 0.316 0.202 0.0058365203446828105
0 0.798 0.316 0.04166666606089711 0.0058365203446828105
1 0.42627919063023184 0.598 0.14455838126046364 0.005836520344682753
0 0.354 0.598 0.08333333212179422 0.005836520344682753
1 0.19877315898622328 0.938 0.39754631797244655 0.005836520344682753
1 0.916 0.55 0.168 0.0043773902585120365