1 0.6759907037153209 0.926 0.6319814074306419 0.029182601723412516
0 0.35999999999999976 0.926 0.2291666633349355 0.029182601723412516
1 0.31159618887593976 0.5380000000000036 0.3831923777518796 0.023346081378731467
0 0.12770833234895826 0.5380000000000036 0.2554166646979165 0.023346081378731467
1 0.34354588409126174 0.17999999999999636 0.16309176818252355 0.020427821206387305
0 0.2619999999999998 0.17999999999999636 0.10416666515224324 0.020427821206387305
1 0.13351197050772795 0.588 0.2190239410154559 0.014591300861706258
0 0.05887499931850971 0.588 0.11774999863701942 0.014591300861706258
1 0.3217424088818275 0.21599999999999636 0.16348481776365498 0.013132170775534177
0 0.24 0.21599999999999636 0.12499999818269225 0.013132170775534177
1 0.842 0.908 0.316 0.011673040689362096
0 0.684 0.908 0.12499999818269225 0.011673040689362096