1 0.15097695776300224 0.7320000000000019 0.3019539155260045 0.027723471637244073
1 0.43201070077058923 0.154 0.26802140154117843 0.023346081378731467
0 0.298 0.154 0.12499999818269135 0.023346081378731467
0 0.9439166674238786 0.176 0.11216666515224279 0.023346081378731467
1 0.4099431416862735 0.12999999999999817 0.355886283372547 0.018968691120218865
0 0.232 0.12999999999999817 0.10416666515224278 0.018968691120218865
1 0.7052247073568424 0.5059999999999982 0.5344494147136848 0.018968691120218865
0 0.438 0.5059999999999982 0.020833333030448556 0.018968691120218865
1 0.21007964978014024 0.3859999999999982 0.41215929956028047 0.017509561034046783
0 0.028041666288060697 0.3859999999999982 0.05608333257612139 0.017509561034046783
1 0.7265445883585062 0.522 0.1850891767170124 0.01605043094787834
0 0.634 0.522 0.062499999091345675 0.01605043094787834
1 0.22033449545126768 0.10799999999999818 0.25666899090253537 0.010213910603193653
0 0.092 0.10799999999999818 0.08333333212179422 0.010213910603193653
1 0.04142731092450049 0.1519999999999982 0.08285462184900098 0.010213910603193653
1 0.041903044258030604 0.834 0.08380608851606121 0.008754780517025211