0 0.9455000009086544 0.504 0.10899999818269135 0.0306417318095846
1 0.818 0.506 0.364 0.0306417318095846
0 0.6360000000000009 0.506 0.2499999963653845 0.0306417318095846
1 0.862 0.152 0.276 0.023346081378731467
0 0.724 0.152 0.10416666515224278 0.023346081378731467
1 0.6222619699135157 0.582 0.5365239398270314 0.023346081378731467
0 0.3540000000000009 0.582 0.1458333312131417 0.023346081378731467
0 0.9399166674238786 0.532 0.12016666515224278 0.01605043094787834
1 0.6365855336949435 0.3540000000000018 0.23717106738988697 0.011673040689365734
0 0.518 0.3540000000000018 0.08333333212179422 0.011673040689365734
1 0.932 0.02999999999999818 0.136 0.010213910603193653
0 0.864 0.02999999999999818 0.10416666515224278 0.010213910603193653
1 0.09194552888663293 0.6119999999999982 0.18389105777326586 0.010213910603193653
0 0.019249999545672837 0.6119999999999982 0.038499999091345674 0.010213910603193653
1 0.09348403881922786 0.518 0.18696807763845572 0.005836520344681048
0 0.003624999772836418 0.518 0.007249999545672836 0.005836520344681048