1 0.598 0.282 0.804 0.043773902585118776
0 0.19599999999999954 0.282 0.18749999727403793 0.043773902585118776
1 0.13408767988420914 0.356 0.2681753597684183 0.03939651232660981
0 0.9374583346205931 0.534 0.12508333075881364 0.035019122068100844
1 0.793 0.82 0.414 0.029182601723412516
0 0.586 0.82 0.020833333030448556 0.029182601723412516
1 0.934 0.7499999999999927 0.132 0.026264341551068354
0 0.8610833343934295 0.7499999999999927 0.2778333312131408 0.026264341551068354
1 0.14730744026166712 0.32 0.29461488052333423 0.02480521146490355
1 0.815 0.32799999999999274 0.37 0.021886951292559388
0 0.6300000000000004 0.32799999999999274 0.12499999818269225 0.021886951292559388
1 0.723 0.26 0.554 0.018968691120215226
0 0.44600000000000045 0.26 0.12499999818269225 0.018968691120215226
1 0.037524862509698775 0.268 0.07504972501939755 0.018968691120215226
1 0.1294016799314627 0.67 0.2348033598629254 0.018968691120215226
0 0.04766666606089712 0.67 0.09533333212179423 0.018968691120215226
1 0.522 0.2600000000000073 0.956 0.017509561034050422
0 0.06887499931850925 0.2600000000000073 0.1377499986370185 0.017509561034050422
1 0.020404162293763874 0.4679999999999927 0.04080832458752775 0.016050430947871064
1 0.4496789655471289 0.19799999999999274 0.26735793109425776 0.011673040689362096
0 0.31600000000000045 0.19799999999999274 0.14583333121314082 0.011673040689362096
1 0.48325898949690915 0.6799999999999927 0.24651797899381836 0.011673040689362096
0 0.36 0.6799999999999927 0.020833333030448556 0.011673040689362096
1 0.5982491250712014 0.7699999999999927 0.5004982501424029 0.011673040689362096
0 0.3480000000000005 0.7699999999999927 0.08333333212179514 0.011673040689362096
1 0.783 0.876 0.434 0.010213910603197292
0 0.5660000000000005 0.876 0.14583333121314082 0.010213910603197292
0 0.9783750002271636 0.99 0.04324999954567284 0.004377390258508967