1 0.801 0.8620000000000073 0.398 0.04231477249895397
0 0.6020000000000009 0.8620000000000073 0.27083332939583304 0.04231477249895397
0 0.8754166683325321 0.316 0.24916666333493595 0.03939651232660981
1 0.6233883638357857 0.074 0.47877672767157126 0.029182601723412516
0 0.3840000000000009 0.074 0.22916666333493596 0.029182601723412516
1 0.5424129770649652 0.114 0.5528259541299303 0.029182601723412516
0 0.2660000000000009 0.114 0.27083332939583304 0.029182601723412516
1 0.33838771967499087 0.736 0.32077543934998176 0.029182601723412516
0 0.1780000000000009 0.736 0.27083332939583304 0.029182601723412516
1 0.16602136342295215 0.646 0.23604272684590433 0.023346081378724192
0 0.09170833234895873 0.646 0.18341666469791745 0.023346081378724192
1 0.25074447433469865 0.9139999999999927 0.38148894866939737 0.021886951292559388
0 0.06124999954567283 0.9139999999999927 0.12249999909134567 0.021886951292559388
1 0.5750511146812706 0.788 0.25010222936254106 0.020427821206394584
0 0.4500000000000009 0.788 0.18749999727403882 0.020427821206394584
1 0.952 0.596 0.096 0.018968691120215226
0 0.8999166674238787 0.596 0.2001666651522428 0.018968691120215226
1 0.4615325483665401 0.006377390258516243 0.3710650967330803 0.012754780517032487
0 0.276 0.006377390258516243 0.12499999818269135 0.012754780517032487
1 0.21447673838873196 0.21600000000000727 0.35295347677746397 0.017509561034050422
0 0.060666666060898024 0.21600000000000727 0.12133333212179605 0.017509561034050422
1 0.833 0.14799999999999272 0.334 0.016050430947871064
0 0.6660000000000009 0.14799999999999272 0.1458333312131417 0.016050430947871064
1 0.8512531017173068 0.8899999999999927 0.2625062034346138 0.016050430947871064
0 0.72 0.8899999999999927 0.12499999818269135 0.016050430947871064
1 0.35015974261887095 0.5200000000000072 0.1683194852377419 0.013132170775541454
0 0.266 0.5200000000000072 0.10416666515224278 0.013132170775541454
1 0.904 0.12999999999999273 0.192 0.011673040689362096
0 0.8080000000000009 0.12999999999999273 0.1458333312131417 0.011673040689362096
1 0.541384960306068 0.612 0.42276992061213603 0.010213910603197292
0 0.33 0.612 0.08333333212179422 0.010213910603197292
1 0.7044592715412892 0.45199999999999274 0.27291854308257824 0.007295650430853129
0 0.568 0.45199999999999274 0.062499999091345675 0.007295650430853129
1 0.866570670044629 0.564 0.18514134008925795 0.002