1 0.8530523289374063 0.308 0.2021046578748128 0.017509561034050422
0 0.752 0.308 0.16666666424358936 0.017509561034050422
1 0.974 0.36800000000000366 0.052 0.01605043094787834
0 0.9427500004543269 0.36800000000000366 0.11449999909134613 0.01605043094787834
1 0.16784549393079784 0.226 0.26369098786159567 0.014591300861706258
0 0.049249999545673065 0.226 0.09849999909134613 0.014591300861706258
1 0.925 0.462 0.15 0.014591300861706258
0 0.85 0.462 0.12499999818269225 0.014591300861706258
1 0.2856864333773792 0.11399999999999637 0.36737286675475844 0.013132170775534177
0 0.102 0.11399999999999637 0.12499999818269225 0.013132170775534177
1 0.947 0.34399999999999636 0.106 0.013132170775534177
0 0.8940000000000002 0.34399999999999636 0.18749999727403838 0.013132170775534177
1 0.14599809459279617 0.4839999999999964 0.15199618918559235 0.013132170775534177
0 0.07 0.4839999999999964 0.12499999818269225 0.013132170775534177
1 0.909 0.576 0.182 0.011673040689362096
0 0.818 0.576 0.020833333030448556 0.011673040689362096
1 0.810310020439701 0.07000000000000364 0.16062004087940204 0.008754780517025211
0 0.7299999999999998 0.07000000000000364 0.10416666515224324 0.008754780517025211
1 0.7387307205681218 0.17600000000000363 0.1014614411362436 0.008754780517025211
0 0.6879999999999997 0.17600000000000363 0.08333333212179468 0.008754780517025211