0 0.9841666669695512 0.2339999999999927 0.03166666606089757 0.05106955301597191
1 0.723 0.492 0.554 0.030641731809591875
0 0.446 0.492 0.14583333121314082 0.030641731809591875
1 0.524624734066962 0.578 0.613249468133924 0.020427821206394584
0 0.21800000000000022 0.578 0.20833333030448695 0.020427821206394584
1 0.08693425922690881 0.3220000000000073 0.17386851845381762 0.017509561034050422
1 0.934 0.39399999999999274 0.132 0.016050430947871064
0 0.8679999999999998 0.39399999999999274 0.08333333212179468 0.016050430947871064
1 0.5294837442828666 0.4759999999999927 0.4069674885657332 0.016050430947871064
0 0.326 0.4759999999999927 0.12499999818269225 0.016050430947871064
1 0.8447671393681492 0.524 0.25753427873629836 0.010213910603197292
0 0.7159999999999997 0.524 0.08333333212179468 0.010213910603197292