1 0.5135948476908434 0.9240000000000073 0.3791896953816868 0.046692162757462935
0 0.324 0.9240000000000073 0.04166666606089711 0.046692162757462935
1 0.906 0.926 0.188 0.014591300861706258
0 0.8119999999999982 0.926 0.18749999727403702 0.014591300861706258
1 0.5843323090848881 0.09999999999999272 0.34466461816977606 0.011673040689362096
0 0.4119999999999982 0.09999999999999272 0.020833333030448556 0.011673040689362096
0 0.8779999999999982 0.9399999999999927 0.10416666515224278 0.011673040689362096
0 0.52 0.0005534776507993229 0.08333333212179422 0.0011069553015986458
1 0.030824040057330422 0.94 0.061648080114660844 0.010213910603197292
1 0.20804304874101762 0.93 0.24408609748203525 0.005836520344688324
0 0.086 0.93 0.08333333212179422 0.005836520344688324
1 0.7741089005654467 0.952 0.40021780113089334 0.005836520344688324
0 0.574 0.952 0.04166666606089711 0.005836520344688324