1 0.5191428396554547 0.65 0.39428567931090946 0.05690607336066023
0 0.3219999999999982 0.65 0.22916666333493413 0.05690607336066023
1 0.19340595051533274 0.58 0.3868119010306655 0.03939651232660981
1 0.20131373285731205 0.5859999999999964 0.38662746571462414 0.027723471637240437
0 0.05087499931850834 0.5859999999999964 0.10174999863701668 0.027723471637240437
0 0.9927500004543272 0.326 0.014499999091345672 0.02480521146490355
1 0.867 0.005471737823139847 0.266 0.010943475646279694
0 0.7339999999999982 0.005471737823139847 0.18749999727403702 0.010943475646279694
1 0.975 0.21799999999999636 0.05 0.020427821206387305
0 0.9385416671967142 0.21799999999999636 0.12291666560657177 0.020427821206387305
1 0.3635969897979667 0.416 0.5391939795959333 0.017509561034050422
0 0.094 0.416 0.04166666606089711 0.017509561034050422
1 0.039736700690458746 0.03000000000000364 0.07947340138091749 0.01605043094787834
1 0.08928571231742354 0.504 0.17857142463484707 0.014591300861706258
1 0.704 0.12599999999999636 0.592 0.013132170775534177
0 0.408 0.12599999999999636 0.12499999818269135 0.013132170775534177
1 0.035630833652237924 0.002918260172340524 0.07126166730447585 0.005836520344681048
1 0.46086399721924864 0.204 0.42972799443849724 0.011673040689362096
0 0.246 0.204 0.04166666606089711 0.011673040689362096
1 0.28009996366363155 0.566 0.39219992732726316 0.011673040689362096
0 0.08399999999999819 0.566 0.062499999091345675 0.011673040689362096
1 0.5318645757460344 0.628 0.39972915149206895 0.010213910603197292
0 0.3319999999999982 0.628 0.1458333312131399 0.010213910603197292
1 0.45857804263775503 0.078 0.14515608527551013 0.007295650430853129
0 0.386 0.078 0.08333333212179422 0.007295650430853129
1 0.2387882829308419 0.464 0.26557656586168377 0.004377390258508967