1 0.0652417932920548 0.06400000000000727 0.1304835865841096 0.05690607336066023
0 0.014499999091346126 0.06400000000000727 0.028999998182692253 0.05690607336066023
1 0.06692998206079756 0.6800000000000073 0.13385996412159512 0.03210086189575668
1 0.902 0.25000000000000727 0.196 0.027723471637247712
0 0.804 0.25000000000000727 0.29166666242628164 0.027723471637247712
1 0.5187831745335657 0.326 0.6215663490671314 0.023346081378724192
0 0.20800000000000046 0.326 0.12499999818269225 0.023346081378724192
1 0.49803191002149017 0.006471737823136209 0.9960638200429803 0.012943475646272419
1 0.7015266902454741 0.19399999999999273 0.49105338049094827 0.021886951292559388
0 0.4559999999999996 0.19399999999999273 0.18749999727403793 0.021886951292559388
1 0.4758230634971769 0.5839999999999927 0.38364612699435385 0.021886951292559388
0 0.284 0.5839999999999927 0.020833333030448556 0.021886951292559388
1 0.2191980057161336 0.7139999999999928 0.3703960114322672 0.021886951292559388
0 0.0899166656065704 0.7139999999999928 0.1798333312131408 0.021886951292559388
1 0.2999438587090617 0.7879999999999927 0.25188771741812344 0.021886951292559388
0 0.17399999999999954 0.7879999999999927 0.16666666424358936 0.021886951292559388
1 0.8039980173249123 0.31 0.39199603464982463 0.020427821206394584
0 0.608 0.31 0.22916666333493596 0.020427821206394584
1 0.783 0.398 0.434 0.020427821206394584
0 0.566 0.398 0.27083332939583304 0.020427821206394584
0 0.9523333339391025 0.482 0.09533333212179514 0.020427821206394584
1 0.7200493295879987 0.51 0.39609865917599746 0.020427821206394584
0 0.5220000000000005 0.51 0.1041666651522437 0.020427821206394584
1 0.79828894902198 0.47800000000000725 0.27257789804396 0.017509561034050422
0 0.6619999999999996 0.47800000000000725 0.16666666424358936 0.017509561034050422
0 0.9201250006814903 0.5520000000000073 0.1597499986370194 0.017509561034050422
1 0.4225955618504886 0.9400000000000073 0.2571911237009772 0.017509561034050422
0 0.2940000000000004 0.9400000000000073 0.1041666651522437 0.017509561034050422
1 0.7026600800627034 0.12799999999999273 0.1253201601254068 0.011673040689362096
0 0.6399999999999996 0.12799999999999273 0.16666666424358936 0.011673040689362096
1 0.0767993559990773 0.26799999999999274 0.1535987119981546 0.011673040689362096
1 0.05296893283539248 0.8279999999999927 0.10593786567078496 0.011673040689362096
1 0.06150286497039679 0.296 0.12300572994079358 0.010213910603197292