1 0.5833112242842544 0.648 0.4746224485685088 0.03939651232660981
0 0.3459999999999982 0.648 0.1458333312131399 0.03939651232660981
1 0.037450931652914736 0.8919999999999964 0.07490186330582947 0.035019122068093565
1 0.971 0.9780000000000036 0.058 0.03355999198192876
0 0.9189166674238786 0.9780000000000036 0.1621666651522428 0.03355999198192876
1 0.12333385273839122 0.27999999999999636 0.24666770547678243 0.0306417318095846
1 0.10175657543094895 0.01599999999999636 0.2035131508618979 0.020427821206387305
1 0.8389436862949515 0.6820000000000036 0.24988737258990296 0.0189686911202225
0 0.7139999999999982 0.6820000000000036 0.22916666333493413 0.0189686911202225
1 0.23031072095826494 0.122 0.4606214419165299 0.017509561034050422
1 0.6992587197242774 0.608 0.2505174394485548 0.017509561034050422
0 0.574 0.608 0.16666666424358845 0.017509561034050422
1 0.8116398675550699 0.8620000000000037 0.3672797351101399 0.01605043094787834
0 0.6279999999999982 0.8620000000000037 0.1458333312131399 0.01605043094787834
0 0.9887500004543271 0.856 0.02249999909134567 0.014591300861706258
1 0.5019325263659302 0.148 0.39986505273186046 0.011673040689362096
0 0.302 0.148 0.16666666424358845 0.011673040689362096
1 0.6331835423217526 0.234 0.13836708464350522 0.011673040689362096
0 0.564 0.234 0.08333333212179422 0.011673040689362096
1 0.2945306281594112 0.15 0.5890612563188224 0.007295650430853129
1 0.3259192306906352 0.05999999999999636 0.13183846138127045 0.005836520344681048
1 0.847 0.12199999999999636 0.306 0.005836520344681048
0 0.694 0.12199999999999636 0.08333333212179422 0.005836520344681048
1 0.4613139970765478 0.56 0.35862799415309565 0.004377390258508967
0 0.2819999999999982 0.56 0.062499999091345675 0.004377390258508967