1 0.77 0.216 0.46 0.03647825215426746
0 0.54 0.216 0.062499999091345675 0.03647825215426746
1 0.2782340660972513 0.19 0.1484681321945027 0.03355999198192603
0 0.204 0.19 0.062499999091345675 0.03355999198192603
0 0.9245000009086544 0.982 0.15099999818269133 0.029182601723413883
0 0.9409166674238786 0.8260000000000001 0.11816666515224279 0.023346081378731242
1 0.732 0.07200000000000012 0.536 0.021886951292560526
0 0.4639999999999991 0.07200000000000012 0.3333333284871787 0.021886951292560526
1 0.09118956250547536 0.28000000000000014 0.18237912501095072 0.020427821206389807
1 0.955 0.5300000000000001 0.09 0.020427821206389807
0 0.8977083341662665 0.5300000000000001 0.20458333166746706 0.020427821206389807
1 0.955 0.46799999999999986 0.09 0.01605043094787766
0 0.9100000000000009 0.46799999999999986 0.1458333312131417 0.01605043094787766
1 0.5075364494319956 0.9619999999999999 0.1710728988639912 0.014591300861706942
0 0.422 0.9619999999999999 0.08333333212179422 0.014591300861706942
1 0.027465495331837245 0.172 0.05493099066367449 0.0072956504308535845