0 0.8924166683325321 0.594 0.21516666333493595 0.033559991981921486
1 0.02235692698337425 0.886 0.0447138539667485 0.029182601723412516
1 0.882 0.12799999999999273 0.236 0.026264341551068354
0 0.7640000000000009 0.12799999999999273 0.29166666242628164 0.026264341551068354
1 0.4693067344691217 0.7619999999999927 0.29861346893824336 0.026264341551068354
0 0.3200000000000009 0.7619999999999927 0.1458333312131417 0.026264341551068354
1 0.18278726380134777 0.07 0.36557452760269554 0.02480521146490355
0 0.011083332576122302 0.07 0.022166665152244604 0.02480521146490355
0 0.9605000009086543 0.138 0.07899999818269134 0.018968691120215226
1 0.18891343578434952 0.92 0.37782687156869904 0.018968691120215226
0 0.038666666060898025 0.92 0.07733333212179605 0.018968691120215226
1 0.20876843788240057 0.08600000000000728 0.41753687576480114 0.017509561034050422
0 0.04329166583373444 0.08600000000000728 0.08658333166746889 0.017509561034050422
1 0.05223941766826101 0.5819999999999927 0.10447883533652202 0.016050430947871064
1 0.876 0.7580000000000072 0.248 0.013132170775541454
0 0.752 0.7580000000000072 0.10416666515224278 0.013132170775541454
1 0.06565009087136696 0.0019182601723368863 0.13130018174273392 0.0038365203446737725
0 0.9697500004543271 0.152 0.06049999909134567 0.010213910603197292
1 0.2414363127502329 0.938 0.3868726255004658 0.010213910603197292
0 0.048 0.938 0.062499999091345675 0.010213910603197292
1 0.6433416500267486 0.974 0.2586833000534971 0.008754780517017934
0 0.514 0.974 0.10416666515224278 0.008754780517017934