1 0.7616093164697759 0.8960000000000072 0.42321863293955175 0.03210086189575668
0 0.55 0.8960000000000072 0.08333333212179422 0.03210086189575668
1 0.04766685385816163 0.9619999999999927 0.09533370771632325 0.016050430947871064
1 0.7653216729962623 0.009999999999992725 0.4306433459925247 0.011673040689362096
0 0.5499999999999982 0.009999999999992725 0.1458333312131399 0.011673040689362096
1 0.851 0.9559999999999927 0.298 0.011673040689362096
0 0.702 0.9559999999999927 0.08333333212179422 0.011673040689362096
1 0.791 0.916 0.418 0.010213910603197292
0 0.5819999999999982 0.916 0.062499999091345675 0.010213910603197292
1 0.7408870329561942 0.984 0.4257740659123883 0.010213910603197292
0 0.528 0.984 0.12499999818269135 0.010213910603197292