1 0.07061026048623353 0.77 0.14122052097246707 0.045233032671298135
1 0.025389212638927346 0.3140000000000073 0.05077842527785469 0.04231477249895397
1 0.42011166274171047 0.1699999999999927 0.8402233254834209 0.04085564241277461
1 0.38185028699956275 0.8440000000000073 0.17570057399912548 0.03210086189575668
0 0.2939999999999982 0.8440000000000073 0.062499999091345675 0.03210086189575668
1 0.44332374571261063 0.035999999999992725 0.8386474914252212 0.021886951292559388
0 0.04324999954567284 0.035999999999992725 0.08649999909134568 0.021886951292559388
1 0.1562458120416759 0.192 0.3124916240833518 0.020427821206394584
0 0.03166666606089712 0.192 0.06333333212179423 0.020427821206394584
1 0.8714128726635099 0.5000000000000073 0.17882574532701984 0.017509561034050422
0 0.7819999999999981 0.5000000000000073 0.1458333312131399 0.017509561034050422
1 0.5106789628568568 0.39599999999999275 0.17335792571371347 0.011673040689362096
0 0.424 0.39599999999999275 0.16666666424358845 0.011673040689362096
1 0.1997661265827137 0.4239999999999927 0.3315322531654274 0.011673040689362096
0 0.048249999545672835 0.4239999999999927 0.09649999909134567 0.011673040689362096
1 0.15014273994570976 0.8559999999999928 0.3002854798914195 0.011673040689362096
0 0.010249999545672836 0.8559999999999928 0.020499999091345672 0.011673040689362096