1 0.44521239530861295 0.42599999999999816 0.6784247906172258 0.026264341551071994
0 0.11549999909134658 0.42599999999999816 0.23099999818269315 0.026264341551071994
1 0.975 0.078 0.05 0.02480521146490355
0 0.9177083341662665 0.078 0.16458333166746705 0.02480521146490355
1 0.14608512458482256 0.23 0.2921702491696451 0.021886951292559388
1 0.7062689818989338 0.754 0.31253796379786764 0.021886951292559388
0 0.5500000000000009 0.754 0.1458333312131417 0.021886951292559388
1 0.2633108637088399 0.14400000000000182 0.20662172741767973 0.020427821206390945
0 0.16000000000000092 0.14400000000000182 0.18749999727403882 0.020427821206390945
1 0.975 0.3420000000000018 0.05 0.020427821206390945
0 0.9385416671967151 0.3420000000000018 0.12291666560656996 0.020427821206390945
1 0.813 0.414 0.374 0.01605043094787834
0 0.6260000000000009 0.414 0.16666666424359028 0.01605043094787834
0 0.9709583337119393 0.514 0.058083332576121395 0.01605043094787834
1 0.8737514248579646 0.04600000000000182 0.08350284971592918 0.013132170775537815
0 0.832 0.04600000000000182 0.08333333212179422 0.013132170775537815
1 0.992 0.05400000000000182 0.016 0.013132170775537815
0 0.9711666669695515 0.05400000000000182 0.05766666606089711 0.013132170775537815
1 0.021247536476043934 0.8400000000000019 0.04249507295208787 0.013132170775537815
1 0.9267257241930392 0.16799999999999818 0.08145144838607848 0.010213910603193653
0 0.886 0.16799999999999818 0.08333333212179422 0.010213910603193653
1 0.09479552393650738 0.07 0.18959104787301476 0.008754780517025211
0 0.013833333030448557 0.07 0.027666666060897113 0.008754780517025211
1 0.583895687677903 0.176 0.21979137535580595 0.008754780517025211
0 0.474 0.176 0.12499999818269135 0.008754780517025211
1 0.943 0.268 0.114 0.008754780517025211
0 0.886 0.268 0.12499999818269135 0.008754780517025211
1 0.916 0.232 0.168 0.007295650430853129
0 0.832 0.232 0.10416666515224278 0.007295650430853129