1 0.821 0.26199999999999274 0.358 0.036478252154265645
0 0.6420000000000002 0.26199999999999274 0.20833333030448695 0.036478252154265645
1 0.6524457582628163 0.45999999999999275 0.1328915165256326 0.026264341551068354
0 0.586 0.45999999999999275 0.12499999818269225 0.026264341551068354
1 0.88 0.7079999999999927 0.24 0.026264341551068354
0 0.7600000000000002 0.7079999999999927 0.20833333030448695 0.026264341551068354
1 0.15405431164443895 0.04 0.17610862328887789 0.020427821206394584
0 0.07466666606089734 0.04 0.14933333212179467 0.020427821206394584
1 0.7253403042599801 0.172 0.27868060851996007 0.018968691120215226
0 0.5859999999999997 0.172 0.2291666633349355 0.018968691120215226
1 0.924 0.768 0.152 0.018968691120215226
0 0.848 0.768 0.16666666424358936 0.018968691120215226
1 0.5741085839499476 0.11600000000000728 0.38821716789989524 0.017509561034050422
0 0.3800000000000002 0.11600000000000728 0.20833333030448695 0.017509561034050422
1 0.24545659011188992 0.13000000000000728 0.1829131802237798 0.013132170775541454
0 0.15400000000000022 0.13000000000000728 0.062499999091346126 0.013132170775541454
1 0.4668031709939448 0.22399999999999273 0.19360634198788967 0.011673040689362096
0 0.37 0.22399999999999273 0.14583333121314082 0.011673040689362096
0 0.9467500004543269 0.444 0.10649999909134612 0.010213910603197292
1 0.6678716345954023 0.754 0.24774326919080478 0.010213910603197292
0 0.544 0.754 0.12499999818269225 0.010213910603197292
1 0.2891458706037381 0.18 0.1862917412074762 0.008754780517017934
0 0.196 0.18 0.12499999818269225 0.008754780517017934
1 0.8763621744076797 0.414 0.20872434881535945 0.008754780517017934
0 0.7719999999999998 0.414 0.08333333212179468 0.008754780517017934