1 0.10095472136149237 0.78 0.07790944272298475 0.033559991981921486
0 0.062 0.78 0.020833333030448556 0.033559991981921486
1 0.6135503896927171 0.714 0.4991007793854342 0.023346081378724192
0 0.36400000000000043 0.714 0.12499999818269225 0.023346081378724192
1 0.85 0.396 0.3 0.014591300861706258
0 0.7000000000000004 0.396 0.14583333121314082 0.014591300861706258
1 0.13381780050689396 0.5860000000000073 0.23163560101378788 0.013132170775541454
0 0.03504166628806115 0.5860000000000073 0.0700833325761223 0.013132170775541454
0 0.9495416671967151 0.3739999999999927 0.10091666560656995 0.011673040689362096
1 0.747 0.38599999999999274 0.506 0.011673040689362096
0 0.49400000000000044 0.38599999999999274 0.14583333121314082 0.011673040689362096
1 0.29659908913204436 0.7459999999999927 0.0811981782640887 0.011673040689362096
0 0.25599999999999956 0.7459999999999927 0.16666666424358936 0.011673040689362096
1 0.926 0.418 0.148 0.010213910603197292
0 0.8520000000000004 0.418 0.12499999818269225 0.010213910603197292
1 0.134720211228444 0.728 0.23344042245688798 0.010213910603197292
0 0.03504166628806115 0.728 0.0700833325761223 0.010213910603197292