1 0.92 0.37199999999999817 0.16 0.03355999198192512
0 0.84 0.37199999999999817 0.16666666424358845 0.03355999198192512
0 0.9869166674238786 0.254 0.026166665152242786 0.0306417318095846
1 0.07811027003891832 0.076 0.14822054007783664 0.023346081378731467
0 0.028041666288059788 0.076 0.056083332576119575 0.023346081378731467
1 0.6920489905055165 0.324 0.312097981011033 0.023346081378731467
0 0.536 0.324 0.16666666424358845 0.023346081378731467
1 0.708 0.8460000000000019 0.584 0.020427821206390945
0 0.4159999999999982 0.8460000000000019 0.18749999727403702 0.020427821206390945
1 0.5043956035312531 0.3799999999999982 0.45679120706250614 0.018968691120218865
0 0.2759999999999982 0.3799999999999982 0.1458333312131399 0.018968691120218865
1 0.784 0.62 0.432 0.01605043094787834
0 0.568 0.62 0.20833333030448556 0.01605043094787834
1 0.4366840809783753 0.028 0.45336816195675056 0.014591300861706258
0 0.2099999999999982 0.028 0.10416666515224278 0.014591300861706258
1 0.13043448699285545 0.5440000000000018 0.2608689739857109 0.013132170775537815
1 0.2653736412827875 0.05599999999999818 0.150747282565575 0.010213910603193653
0 0.19 0.05599999999999818 0.08333333212179422 0.010213910603193653
1 0.0435730713521898 0.096 0.0871461427043796 0.007295650430853129
1 0.3482531481426922 0.364 0.6965062962853844 0.007295650430853129