1 0.5 0.846 1.0 0.045233032671298135
0 0.05491666560657177 0.846 0.10983333121314354 0.045233032671298135
1 0.932 0.716 0.136 0.033559991981921486
0 0.864 0.716 0.20833333030448556 0.033559991981921486
1 0.07258092995903644 0.13400000000000728 0.14516185991807287 0.027723471637247712
1 0.12606129132639216 0.9119999999999927 0.12812258265278434 0.026264341551068354
0 0.07787499931850835 0.9119999999999927 0.1557499986370167 0.026264341551068354
1 0.15192378974805798 0.362 0.30384757949611596 0.02480521146490355
1 0.5814866397689838 0.9459999999999927 0.7789732795379678 0.021886951292559388
0 0.19199999999999817 0.9459999999999927 0.27083332939583127 0.021886951292559388
1 0.693 0.348 0.614 0.020427821206394584
0 0.3859999999999982 0.348 0.27083332939583127 0.020427821206394584
1 0.5488152747723689 0.734 0.23763054954473772 0.020427821206394584
0 0.43 0.734 0.16666666424358845 0.020427821206394584
1 0.8028596286271368 0.864 0.13771925725427353 0.020427821206394584
0 0.7339999999999982 0.864 0.27083332939583127 0.020427821206394584
1 0.634 0.876 0.732 0.020427821206394584
0 0.268 0.876 0.20833333030448556 0.020427821206394584
1 0.5791869774464813 0.562 0.2343739548929625 0.018968691120215226
0 0.4619999999999982 0.562 0.10416666515224278 0.018968691120215226
1 0.7738850959601823 0.3200000000000073 0.2517701919203646 0.017509561034050422
0 0.648 0.3200000000000073 0.20833333030448556 0.017509561034050422
1 0.49195679135248427 0.586 0.23191358270496856 0.014591300861706258
0 0.376 0.586 0.12499999818269135 0.014591300861706258
1 0.845 0.588 0.31 0.014591300861706258
0 0.69 0.588 0.16666666424358845 0.014591300861706258
1 0.4076855144190122 0.724 0.4553710288380244 0.014591300861706258
0 0.18 0.724 0.16666666424358845 0.014591300861706258
1 0.19571641037356677 0.5760000000000073 0.22343282074713353 0.013132170775541454
0 0.084 0.5760000000000073 0.16666666424358845 0.013132170775541454
1 0.8241777014166182 0.102 0.26835540283323644 0.004377390258508967
0 0.6899999999999982 0.102 0.062499999091345675 0.004377390258508967