1 0.17286655332379813 0.434 0.34573310664759627 0.029182601723412516
1 0.925 0.192 0.15 0.02480521146490355
0 0.8499999999999995 0.192 0.20833333030448647 0.02480521146490355
1 0.811923377373596 0.382 0.2478467547471919 0.023346081378724192
0 0.6880000000000005 0.382 0.14583333121314082 0.023346081378724192
1 0.648 0.10799999999999273 0.704 0.021886951292559388
0 0.296 0.10799999999999273 0.29166666242628164 0.021886951292559388
1 0.963 0.238 0.074 0.020427821206394584
0 0.8952916676510417 0.238 0.20941666469791653 0.020427821206394584
1 0.849 0.794 0.302 0.020427821206394584
0 0.6980000000000005 0.794 0.12499999818269225 0.020427821206394584
1 0.26553629901841397 0.574 0.5310725980368279 0.018968691120215226
0 0.02224999954567329 0.574 0.04449999909134658 0.018968691120215226
1 0.898 0.14799999999999272 0.204 0.016050430947871064
0 0.7960000000000005 0.14799999999999272 0.14583333121314082 0.016050430947871064
1 0.11345372709571121 0.172 0.22690745419142241 0.014591300861706258
1 0.05625885476834401 0.198 0.11251770953668802 0.014591300861706258
1 0.6448907272855122 0.366 0.24178145457102437 0.014591300861706258
0 0.5240000000000005 0.366 0.1041666651522437 0.014591300861706258
1 0.06516418927029599 0.10600000000000728 0.13032837854059198 0.013132170775541454
1 0.93 0.3380000000000073 0.14 0.013132170775541454
0 0.8599999999999995 0.3380000000000073 0.16666666424358936 0.013132170775541454
1 0.925 0.5519999999999927 0.15 0.011673040689362096
0 0.8500000000000004 0.5519999999999927 0.12499999818269225 0.011673040689362096
1 0.8232825003418129 0.172 0.25056500068362586 0.010213910603197292
0 0.698 0.172 0.062499999091345675 0.010213910603197292
1 0.06866539189049854 0.368 0.13733078378099708 0.008754780517017934
1 0.5893297528298417 0.4199999999999927 0.2386595056596834 0.007295650430853129
0 0.4700000000000005 0.4199999999999927 0.1041666651522437 0.007295650430853129
1 0.24385282316263784 0.5 0.4877056463252757 0.005836520344688324
1 0.8680773297067949 0.65 0.2521546594135898 0.005836520344688324
0 0.7420000000000004 0.65 0.08333333212179514 0.005836520344688324