1 0.14459147070431846 0.8620000000000073 0.28918294140863693 0.04231477249895397
1 0.5 0.316 1.0 0.03939651232660981
0 0.10458333166746797 0.316 0.20916666333493594 0.03939651232660981
1 0.951 0.416 0.098 0.02480521146490355
0 0.87808333439343 0.416 0.2438333312131399 0.02480521146490355
0 0.9363333339391029 0.4 0.12733333212179423 0.018968691120215226
1 0.13991054131832517 0.596 0.27982108263665034 0.018968691120215226
1 0.902 0.5340000000000072 0.196 0.017509561034050422
0 0.804 0.5340000000000072 0.16666666424358845 0.017509561034050422
1 0.03435263840797961 0.14799999999999272 0.06870527681595923 0.016050430947871064
0 0.9581250006814899 0.15799999999999273 0.08374999863702033 0.016050430947871064
1 0.978 0.37 0.044 0.014591300861706258
0 0.9467500004543271 0.37 0.10649999909134567 0.014591300861706258
1 0.94 0.756 0.12 0.014591300861706258
0 0.88 0.756 0.20833333030448556 0.014591300861706258
1 0.886 0.954 0.228 0.014591300861706258
0 0.7719999999999981 0.954 0.1458333312131399 0.014591300861706258
1 0.7281874347749872 0.005283042693889002 0.2363748695499744 0.010566085387778004
0 0.6099999999999982 0.005283042693889002 0.1458333312131399 0.010566085387778004
1 0.05764615714551019 0.12999999999999273 0.11529231429102038 0.011673040689362096