1 0.20233002413518078 0.7340000000000073 0.40466004827036156 0.03210086189575668
1 0.3470804108811153 0.938 0.49416082176223064 0.030641731809591875
0 0.09999999999999819 0.938 0.18749999727403702 0.030641731809591875
1 0.13423835355069969 0.9819999999999928 0.26847670710139937 0.026264341551068354
1 0.7736433475918985 0.022 0.33128669518379683 0.023346081378724192
0 0.6079999999999982 0.022 0.22916666333493413 0.023346081378724192
1 0.7684871494216914 0.04599999999999273 0.16897429884338272 0.021886951292559388
0 0.684 0.04599999999999273 0.2499999963653827 0.021886951292559388
1 0.6115307486984529 0.3419999999999927 0.4830614973969059 0.021886951292559388
0 0.3700000000000018 0.3419999999999927 0.33333332848718056 0.021886951292559388
1 0.2979668205454127 0.38999999999999274 0.5959336410908254 0.021886951292559388
0 0.03687499931850834 0.38999999999999274 0.07374999863701669 0.021886951292559388
1 0.3554244615997086 0.5599999999999927 0.3188489231994172 0.016050430947871064
0 0.196 0.5599999999999927 0.12499999818269135 0.016050430947871064
1 0.44681563298581384 0.122 0.8016312659716277 0.014591300861706258
0 0.04599999999999818 0.122 0.062499999091345675 0.014591300861706258
1 0.4235406353935432 0.37400000000000727 0.6270812707870864 0.013132170775541454
0 0.10999999999999818 0.37400000000000727 0.10416666515224278 0.013132170775541454