1 0.1647786877798285 0.6800000000000073 0.32155737555965697 0.03210086189575668
0 0.059291665833733985 0.6800000000000073 0.11858333166746797 0.03210086189575668
1 0.061016501521467946 0.358 0.12203300304293589 0.030641731809591875
0 0.016874999318509252 0.358 0.033749998637018504 0.030641731809591875
1 0.1470556535407336 0.122 0.2861113070814672 0.029182601723412516
0 0.033249999545673294 0.122 0.06649999909134659 0.029182601723412516
1 0.23833465624702968 0.4020000000000073 0.47666931249405936 0.027723471637247712
1 0.23594010231837684 0.7900000000000073 0.4718802046367537 0.027723471637247712
0 0.04212499886418254 0.7900000000000073 0.08424999772836508 0.027723471637247712
1 0.892 0.9140000000000073 0.216 0.027723471637247712
0 0.7839999999999996 0.9140000000000073 0.18749999727403793 0.027723471637247712
1 0.13592154831081235 0.388 0.2718430966216247 0.023346081378724192
1 0.2594420998293217 0.4279999999999927 0.5188841996586434 0.021886951292559388
1 0.735 0.8079999999999927 0.53 0.021886951292559388
0 0.47 0.8079999999999927 0.22916666333493596 0.021886951292559388
1 0.7590507859617615 0.054 0.3181015719235229 0.020427821206394584
0 0.6 0.054 0.27083332939583304 0.020427821206394584
1 0.15904366789823415 0.968 0.3180873357964683 0.018968691120215226
1 0.4144829741923731 0.4339999999999927 0.3889659483847463 0.016050430947871064
0 0.22000000000000045 0.4339999999999927 0.1041666651522437 0.016050430947871064
1 0.909 0.9639999999999928 0.182 0.016050430947871064
0 0.8179999999999995 0.9639999999999928 0.20833333030448647 0.016050430947871064
1 0.08156294946061599 0.478 0.16312589892123197 0.014591300861706258
1 0.056218582513099594 0.934 0.11243716502619919 0.014591300861706258
1 0.833 0.3800000000000073 0.334 0.013132170775541454
0 0.6660000000000005 0.3800000000000073 0.12499999818269225 0.013132170775541454
1 0.6341585060236534 0.7459999999999927 0.24031701204730688 0.011673040689362096
0 0.514 0.7459999999999927 0.062499999091345675 0.011673040689362096
1 0.686 0.9059999999999927 0.628 0.011673040689362096
0 0.37200000000000044 0.9059999999999927 0.12499999818269225 0.011673040689362096
1 0.21064615778075768 0.9779999999999928 0.42129231556151536 0.011673040689362096
0 0.02745833280328543 0.9779999999999928 0.05491666560657086 0.011673040689362096
1 0.4819764717493249 0.01 0.3039529434986498 0.010213910603197292
0 0.33000000000000046 0.01 0.08333333212179514 0.010213910603197292
1 0.643 0.188 0.714 0.010213910603197292
0 0.2860000000000005 0.188 0.14583333121314082 0.010213910603197292
1 0.11933452086437638 0.742 0.23866904172875275 0.010213910603197292
0 0.9909583337119393 0.63 0.018083332576121394 0.008754780517017934
1 0.7011303885166063 0.3539999999999927 0.20226077703321244 0.007295650430853129
0 0.6000000000000004 0.3539999999999927 0.1041666651522437 0.007295650430853129