1 0.20164840810267834 0.8980000000000072 0.4032968162053567 0.03210086189575668
1 0.5227528980589423 0.9800000000000073 0.4095057961178845 0.03210086189575668
0 0.31800000000000045 0.9800000000000073 0.12499999818269225 0.03210086189575668
1 0.925 0.07000000000000728 0.15 0.027723471637247712
0 0.8500000000000004 0.07000000000000728 0.08333333212179514 0.027723471637247712
1 0.751 0.328 0.498 0.02480521146490355
0 0.5019999999999996 0.328 0.16666666424358936 0.02480521146490355
1 0.887 0.17 0.226 0.023346081378724192
0 0.7740000000000005 0.17 0.1041666651522437 0.023346081378724192
1 0.751 0.702 0.498 0.020427821206394584
0 0.5020000000000004 0.702 0.12499999818269225 0.020427821206394584
1 0.963 0.896 0.074 0.020427821206394584
0 0.9109166674238781 0.896 0.1781666651522437 0.020427821206394584
1 0.04652534743616025 0.764 0.0930506948723205 0.018968691120215226
1 0.09310055760979731 0.798 0.18620111521959462 0.018968691120215226
1 0.2764200737392989 0.008377390258516243 0.3488401474785978 0.016754780517032487
0 0.11349999909134613 0.008377390258516243 0.22699999818269226 0.016754780517032487
1 0.892 0.4420000000000073 0.216 0.017509561034050422
0 0.7840000000000005 0.4420000000000073 0.08333333212179514 0.017509561034050422
1 0.827 0.4580000000000073 0.346 0.017509561034050422
0 0.6539999999999996 0.4580000000000073 0.18749999727403793 0.017509561034050422
1 0.5382756884427472 0.22599999999999273 0.2445513768854944 0.011673040689362096
0 0.41599999999999954 0.22599999999999273 0.16666666424358936 0.011673040689362096
1 0.28492072833633936 0.9539999999999927 0.30184145667267875 0.011673040689362096
0 0.13400000000000045 0.9539999999999927 0.14583333121314082 0.011673040689362096
1 0.7453956995845101 0.604 0.22679139916902022 0.010213910603197292
0 0.6320000000000005 0.604 0.08333333212179514 0.010213910603197292
1 0.849 0.776 0.302 0.010213910603197292
0 0.6980000000000005 0.776 0.08333333212179514 0.010213910603197292
1 0.876 0.914 0.248 0.008754780517017934
0 0.7520000000000004 0.914 0.1041666651522437 0.008754780517017934