1 0.18644257783176818 0.5059999999999963 0.37288515566353636 0.027723471637240437
0 0.02554166537940637 0.5059999999999963 0.05108333075881274 0.027723471637240437
1 0.703 0.5679999999999964 0.594 0.027723471637240437
0 0.4060000000000009 0.5679999999999964 0.16666666424359028 0.027723471637240437
1 0.5946402581643843 0.34000000000000363 0.6372805163287685 0.023346081378731467
0 0.276 0.34000000000000363 0.020833333030448556 0.023346081378731467
0 0.9803750002271636 0.54 0.039249999545672834 0.021886951292559388
1 0.61468372167309 0.19600000000000364 0.28536744334618014 0.0189686911202225
0 0.4720000000000009 0.19600000000000364 0.1458333312131417 0.0189686911202225
1 0.482720063799713 0.238 0.457440127599426 0.017509561034050422
0 0.254 0.238 0.062499999091345675 0.017509561034050422
1 0.592695693123922 0.274 0.28539138624784394 0.017509561034050422
0 0.4500000000000009 0.274 0.2083333303044874 0.017509561034050422
1 0.15588637804191058 0.4420000000000036 0.31177275608382116 0.01605043094787834
0 0.006833333030448557 0.4420000000000036 0.013666666060897115 0.01605043094787834
1 0.028075136374834074 0.9719999999999963 0.05615027274966815 0.013132170775534177
1 0.1763387770490026 0.8 0.2566775540980052 0.010213910603197292
0 0.048 0.8 0.062499999091345675 0.010213910603197292
1 0.931 0.292 0.138 0.004377390258508967