0 0.9738750011358175 0.3980000000000073 0.05224999772836509 0.027723471637247712
1 0.5559094858836829 0.4859999999999927 0.39981897176736586 0.026264341551068354
0 0.35599999999999954 0.4859999999999927 0.16666666424358936 0.026264341551068354
1 0.3794954254079671 0.536 0.4589908508159342 0.023346081378724192
0 0.15 0.536 0.22916666333493596 0.023346081378724192
0 0.966541667196715 0.476 0.06691666560656995 0.020427821206394584
1 0.6028199049622731 0.444 0.4056398099245462 0.018968691120215226
0 0.4 0.444 0.22916666333493596 0.018968691120215226
1 0.6867261658534353 0.5020000000000073 0.3334523317068706 0.017509561034050422
0 0.5200000000000005 0.5020000000000073 0.14583333121314082 0.017509561034050422
1 0.1327085319280468 0.10200000000000728 0.2654170638560936 0.013132170775541454
0 0.009041666288060697 0.10200000000000728 0.018083332576121394 0.013132170775541454
1 0.23243153994201884 0.35400000000000725 0.2288630798840377 0.013132170775541454
0 0.11799999999999977 0.35400000000000725 0.14583333121314035 0.013132170775541454
1 0.49857239538601833 0.28 0.24114479077203668 0.010213910603197292
0 0.37800000000000045 0.28 0.14583333121314082 0.010213910603197292
1 0.966 0.822 0.068 0.010213910603197292
0 0.9320000000000005 0.822 0.08333333212179514 0.010213910603197292
1 0.5492093430093091 0.184 0.40641868601861825 0.008754780517017934
0 0.3460000000000005 0.184 0.14583333121314082 0.008754780517017934
1 0.04785322603969053 0.398 0.09570645207938105 0.008754780517017934