0 0.8820416681053684 0.644 0.2359166637892631 0.033559991981921486
1 0.916 0.712 0.168 0.030641731809591875
0 0.832000000000001 0.712 0.18749999727403882 0.030641731809591875
1 0.08655506773767775 0.7719999999999927 0.1731101354753555 0.021886951292559388
1 0.07245421070936209 0.47 0.14490842141872418 0.020427821206394584
1 0.97 0.4119999999999927 0.06 0.016050430947871064
0 0.94 0.4119999999999927 0.10416666515224278 0.016050430947871064
1 0.824 0.6139999999999928 0.352 0.016050430947871064
0 0.6480000000000009 0.6139999999999928 0.1458333312131417 0.016050430947871064
1 0.42372716366930396 0.226 0.203454327338608 0.014591300861706258
0 0.322 0.226 0.10416666515224278 0.014591300861706258
1 0.889 0.792 0.222 0.014591300861706258
0 0.778 0.792 0.10416666515224278 0.014591300861706258
1 0.824 0.5139999999999927 0.352 0.011673040689362096
0 0.6480000000000009 0.5139999999999927 0.1458333312131417 0.011673040689362096
1 0.7149736871841533 0.454 0.22194737436830655 0.010213910603197292
0 0.604 0.454 0.10416666515224278 0.010213910603197292
1 0.6636807747745451 0.658 0.07536154954909034 0.008754780517017934
0 0.626 0.658 0.08333333212179422 0.008754780517017934