1 0.97 0.312 0.06 0.021886951292559388
0 0.9179166674238781 0.312 0.1641666651522437 0.021886951292559388
1 0.642008604981499 0.654 0.4240172099629981 0.021886951292559388
0 0.43 0.654 0.29166666242628164 0.021886951292559388
1 0.7042334455803789 0.864 0.3324668911607578 0.021886951292559388
0 0.5380000000000005 0.864 0.12499999818269225 0.021886951292559388
1 0.91 0.428 0.18 0.017509561034050422
0 0.8200000000000005 0.428 0.1041666651522437 0.017509561034050422
1 0.1892700719548243 0.106 0.19054014390964857 0.014591300861706258
0 0.09400000000000046 0.106 0.12499999818269225 0.014591300861706258
1 0.15586158732664626 0.002918260172340524 0.3117231746532925 0.005836520344681048
1 0.47449000009805015 0.016 0.39298000019610024 0.011673040689362096
0 0.2779999999999995 0.016 0.16666666424358936 0.011673040689362096
1 0.4059860364776905 0.026 0.387972072955381 0.011673040689362096
0 0.21199999999999955 0.026 0.16666666424358936 0.011673040689362096
1 0.562090907440252 0.058 0.5881818148805041 0.011673040689362096
0 0.26800000000000046 0.058 0.12499999818269225 0.011673040689362096
1 0.06034498300072573 0.422 0.12068996600145146 0.011673040689362096
1 0.2757236972334613 0.444 0.38744739446692256 0.011673040689362096
0 0.08200000000000046 0.444 0.1041666651522437 0.011673040689362096
1 0.85 0.67 0.3 0.011673040689362096
0 0.7 0.67 0.020833333030448556 0.011673040689362096
1 0.4221135831311185 0.29 0.39622716626223703 0.010213910603197292
0 0.22400000000000045 0.29 0.1041666651522437 0.010213910603197292
1 0.18662170216137702 0.348 0.37324340432275405 0.010213910603197292
0 0.02404166628806115 0.348 0.0480833325761223 0.010213910603197292
1 0.85 0.742 0.3 0.010213910603197292
0 0.7000000000000004 0.742 0.08333333212179514 0.010213910603197292
1 0.8220102436708863 0.6960000000000036 0.11202048734177242 0.008754780517025211
0 0.766 0.6960000000000036 0.062499999091345675 0.008754780517025211
1 0.3588691852082175 0.124 0.2937383704164349 0.007295650430853129
0 0.21200000000000047 0.124 0.08333333212179514 0.007295650430853129
1 0.5822899766127089 0.992 0.3285799532254177 0.007295650430853129
0 0.4180000000000005 0.992 0.1041666651522437 0.007295650430853129
1 0.953 0.8939999999999964 0.094 0.005836520344681048
0 0.9060000000000005 0.8939999999999964 0.08333333212179514 0.005836520344681048
1 0.05210788821522283 0.9059999999999964 0.10421577643044566 0.005836520344681048