1 0.17050181806819273 0.3019999999999964 0.18900363613638546 0.027723471637240437
0 0.08487499931851017 0.3019999999999964 0.16974999863702034 0.027723471637240437
0 0.978541667196715 0.062 0.04291666560656995 0.014591300861706258
1 0.28199668807656597 0.092 0.15199337615313196 0.011673040689362096
0 0.2060000000000009 0.092 0.16666666424359028 0.011673040689362096
1 0.8657897221669709 0.504 0.23557944433394187 0.011673040689362096
0 0.748 0.504 0.10416666515224278 0.011673040689362096
1 0.3350732642126986 0.628 0.23814652842539727 0.011673040689362096
0 0.216 0.628 0.10416666515224278 0.011673040689362096
1 0.286249074189489 0.648 0.14049814837897792 0.011673040689362096
0 0.216 0.648 0.10416666515224278 0.011673040689362096
1 0.8861985184838804 0.836 0.16839703696776087 0.011673040689362096
0 0.802 0.836 0.08333333212179422 0.011673040689362096