1 0.8262646904831218 0.36600000000000366 0.3125293809662435 0.03355999198192876
0 0.67 0.36600000000000366 0.062499999091345675 0.03355999198192876
1 0.7611765168795137 0.6739999999999964 0.3103530337590273 0.027723471637240437
0 0.6060000000000009 0.6739999999999964 0.1458333312131417 0.027723471637240437
1 0.2651389311190478 0.606 0.5302778622380956 0.021886951292559388
0 0.045499999091346124 0.606 0.09099999818269225 0.021886951292559388
1 0.6354037385712354 0.40399999999999636 0.4508074771424708 0.020427821206387305
0 0.41 0.40399999999999636 0.020833333030448556 0.020427821206387305
1 0.976 0.484 0.048 0.017509561034050422
0 0.9343333339391029 0.484 0.13133333212179424 0.017509561034050422
0 0.966541667196715 0.7320000000000036 0.06691666560656995 0.01605043094787834
1 0.5799947306687445 0.5279999999999964 0.29598946133748905 0.013132170775534177
0 0.432 0.5279999999999964 0.062499999091345675 0.013132170775534177