1 0.967 0.184 0.066 0.02480521146490355
0 0.9201250006814907 0.184 0.1597499986370185 0.02480521146490355
1 0.29976755512416187 0.048 0.13953511024832368 0.014591300861706258
0 0.23 0.048 0.10416666515224278 0.014591300861706258
1 0.5921723010929991 0.10800000000000727 0.16034460218599816 0.013132170775541454
0 0.5120000000000009 0.10800000000000727 0.18749999727403882 0.013132170775541454
1 0.4948099695800702 0.14199999999999272 0.11761993916014035 0.011673040689362096
0 0.4360000000000009 0.14199999999999272 0.16666666424359028 0.011673040689362096
1 0.48481249314367597 0.18199999999999272 0.11762498628735193 0.011673040689362096
0 0.42600000000000093 0.18199999999999272 0.1458333312131417 0.011673040689362096
1 0.951 0.21199999999999272 0.098 0.011673040689362096
0 0.902 0.21199999999999272 0.12499999818269135 0.011673040689362096
1 0.5520872458521134 0.082 0.08017449170422697 0.010213910603197292
0 0.5120000000000009 0.082 0.1458333312131417 0.010213910603197292
1 0.924 0.238 0.152 0.010213910603197292
0 0.848 0.238 0.12499999818269135 0.010213910603197292
1 0.7505379887831732 0.164 0.04507597756634641 0.008754780517017934
0 0.728 0.164 0.08333333212179422 0.008754780517017934
1 0.19361037002902595 0.438 0.1872207400580519 0.008754780517017934
0 0.1 0.438 0.062499999091345675 0.008754780517017934
1 0.17580389616167305 0.12999999999999273 0.13160779232334607 0.007295650430853129
0 0.11 0.12999999999999273 0.062499999091345675 0.007295650430853129
1 0.48484181920299035 0.37599999999999273 0.07768363840598068 0.007295650430853129
0 0.446 0.37599999999999273 0.08333333212179422 0.007295650430853129