1 0.3621456289844309 0.4719999999999991 0.052291257968861825 0.024805211464901732
0 0.336 0.4719999999999991 0.020833333030448556 0.024805211464901732
1 0.6990218145114441 0.924 0.23004362902288814 0.01605043094787834
0 0.584 0.924 0.10416666515224278 0.01605043094787834
1 0.955 0.616 0.09 0.014591300861706258
0 0.91 0.616 0.020833333030448556 0.014591300861706258
1 0.4800204684946484 0.1399999999999991 0.3320409369892968 0.013132170775535997
0 0.314 0.1399999999999991 0.020833333030448556 0.013132170775535997
1 0.10767813643583758 0.16200000000000092 0.17135627287167518 0.010213910603195472
0 0.037041666288060694 0.16200000000000092 0.07408333257612139 0.010213910603195472
1 0.06633299228515807 0.6640000000000009 0.13266598457031614 0.010213910603195472
1 0.7099715053333948 0.7620000000000009 0.3359430106667896 0.010213910603195472
0 0.542 0.7620000000000009 0.08333333212179422 0.010213910603195472
1 0.6012842651619885 0.6099999999999991 0.27056853032397704 0.008754780517023391
0 0.466 0.6099999999999991 0.10416666515224278 0.008754780517023391
1 0.3837821645420536 0.6 0.20356432908410715 0.007295650430853129
0 0.282 0.6 0.12499999818269135 0.007295650430853129
1 0.09172488008762957 0.7820000000000009 0.18344976017525913 0.005836520344682867
0 0.9831666669695515 0.8400000000000009 0.03366666606089711 0.005836520344682867
1 0.988 0.316 0.024 0.0043773902585126055
0 0.9723750002271636 0.316 0.055249999545672834 0.0043773902585126055