1 0.24067990053846097 0.19200000000000728 0.41735980107692194 0.037937382240445
0 0.07329166583373399 0.19200000000000728 0.14658333166746798 0.037937382240445
1 0.7055654019883731 0.057999999999992724 0.4391308039767464 0.026264341551068354
0 0.48600000000000093 0.057999999999992724 0.16666666424359028 0.026264341551068354
1 0.933 0.34 0.134 0.02480521146490355
0 0.8660000000000009 0.34 0.22916666333493596 0.02480521146490355
1 0.841 0.09199999999999273 0.318 0.021886951292559388
0 0.6820000000000009 0.09199999999999273 0.16666666424359028 0.021886951292559388
1 0.971 0.516 0.058 0.018968691120215226
0 0.942 0.516 0.062499999091345675 0.018968691120215226
1 0.938 0.14800000000000726 0.124 0.017509561034050422
0 0.8760000000000009 0.14800000000000726 0.2083333303044874 0.017509561034050422
1 0.06652004083644351 0.4199999999999927 0.13304008167288703 0.016050430947871064
0 0.019833333030449013 0.4199999999999927 0.039666666060898026 0.016050430947871064
1 0.4028103428957938 0.019999999999992725 0.6776206857915876 0.011673040689362096
0 0.06400000000000046 0.019999999999992725 0.12499999818269225 0.011673040689362096
1 0.15833236212516658 0.06199999999999272 0.27666472425033317 0.011673040689362096
0 0.03604166628806115 0.06199999999999272 0.0720833325761223 0.011673040689362096
1 0.8330877852853174 0.24999999999999273 0.3021755705706346 0.011673040689362096
0 0.6820000000000009 0.24999999999999273 0.16666666424359028 0.011673040689362096
1 0.4404879470878168 0.238 0.14497589417563359 0.008754780517017934
0 0.368 0.238 0.04166666606089711 0.008754780517017934