1 0.977 0.24999999999999956 0.046 0.046692162757462026
0 0.9197083341662655 0.24999999999999956 0.16058333166746888 0.046692162757462026
1 0.16505405812437857 0.25000000000000044 0.33010811624875713 0.026264341551072903
0 0.067124998864183 0.25000000000000044 0.134249997728366 0.026264341551072903
1 0.32561576777853224 0.192 0.4792315355570645 0.018968691120218865
0 0.0950833325761214 0.192 0.1901666651522428 0.018968691120218865
1 0.551966553903916 0.38399999999999956 0.3679331078078321 0.01605043094787743
0 0.368 0.38399999999999956 0.20833333030448556 0.01605043094787743
1 0.922 0.6940000000000005 0.156 0.014591300861707169
0 0.844 0.6940000000000005 0.12499999818269135 0.014591300861707169
1 0.1971261056922467 0.7420000000000004 0.3942522113844934 0.014591300861707169
0 0.01908333257612139 0.7420000000000004 0.03816666515224278 0.014591300861707169
1 0.04992283051253071 0.532 0.09984566102506141 0.013132170775535997
1 0.03798288812884675 0.556 0.0759657762576935 0.013132170775535997
1 0.8337800429901127 0.634 0.2595600859802253 0.011673040689365734
0 0.704 0.634 0.12499999818269135 0.011673040689365734
1 0.39206539575684657 0.3379999999999995 0.2441307915136931 0.010213910603194563
0 0.27 0.3379999999999995 0.08333333212179422 0.010213910603194563
0 0.9727500004543271 0.0021886951292563028 0.054499999091345674 0.0043773902585126055
1 0.496130784677709 0.7140000000000004 0.7122615693554181 0.0087547805170243
0 0.14 0.7140000000000004 0.08333333212179422 0.0087547805170243
1 0.83 0.7180000000000004 0.34 0.0087547805170243
0 0.66 0.7180000000000004 0.12499999818269135 0.0087547805170243
1 0.0674248324940545 0.48 0.134849664988109 0.007295650430853129