1 0.15186437451854545 0.48 0.3037287490370909 0.035019122068100844
0 0.9569166674238786 0.29000000000000725 0.08616666515224279 0.027723471637247712
1 0.519664149182915 0.4019999999999927 0.43532829836583004 0.026264341551068354
0 0.30200000000000043 0.4019999999999927 0.3541666615176282 0.026264341551068354
1 0.20617356752127033 0.294 0.41234713504254067 0.023346081378724192
0 0.02004166628806115 0.294 0.0400833325761223 0.023346081378724192
1 0.10645790822321397 0.896 0.21291581644642793 0.018968691120215226
1 0.03126849825444606 0.7899999999999927 0.06253699650889212 0.016050430947871064
1 0.7075104009170018 0.636 0.44302080183400355 0.014591300861706258
0 0.486 0.636 0.10416666515224278 0.014591300861706258
1 0.5155365079796757 0.3699999999999927 0.2950730159593513 0.011673040689362096
0 0.368 0.3699999999999927 0.12499999818269135 0.011673040689362096
1 0.18644461340924864 0.922 0.3728892268184973 0.010213910603197292
1 0.3432042275807435 0.726 0.14640845516148693 0.008754780517017934