1 0.925 0.5419999999999927 0.15 0.021886951292559388
0 0.8500000000000002 0.5419999999999927 0.18749999727403838 0.021886951292559388
1 0.6719058797821494 0.704 0.31581175956429886 0.020427821206394584
0 0.514 0.704 0.14583333121314082 0.020427821206394584
1 0.854 0.946 0.292 0.018968691120215226
0 0.7080000000000002 0.946 0.18749999727403838 0.018968691120215226
1 0.38948430580261995 0.8800000000000072 0.20696861160523986 0.017509561034050422
0 0.286 0.8800000000000072 0.16666666424358936 0.017509561034050422
1 0.40233821832883926 0.7520000000000073 0.16867643665767856 0.013132170775541454
0 0.318 0.7520000000000073 0.12499999818269225 0.013132170775541454
1 0.936 0.2819999999999927 0.128 0.011673040689362096
0 0.8719999999999998 0.2819999999999927 0.08333333212179468 0.011673040689362096
1 0.49306597499631405 0.6239999999999927 0.13013194999262806 0.011673040689362096
0 0.42799999999999977 0.6239999999999927 0.08333333212179468 0.011673040689362096
1 0.93 0.424 0.14 0.010213910603197292
0 0.86 0.424 0.12499999818269225 0.010213910603197292