1 0.34797443494603614 0.8599999999999982 0.41994886989207225 0.026264341551071994
0 0.138 0.8599999999999982 0.16666666424358845 0.026264341551071994
1 0.2989149354209585 0.15999999999999817 0.581829870841917 0.018968691120218865
0 0.03524999954567284 0.15999999999999817 0.07049999909134567 0.018968691120218865
1 0.10897717438514337 0.9947169573061164 0.21795434877028674 0.010566085387767089
1 0.41715427892856316 0.14200000000000182 0.5823085578571263 0.011673040689365734
0 0.12599999999999817 0.14200000000000182 0.020833333030448556 0.011673040689365734
1 0.019643399620532364 0.2680000000000018 0.03928679924106473 0.011673040689365734
1 0.04986796519625386 0.2860000000000018 0.09973593039250772 0.011673040689365734
1 0.1381626397111122 0.3580000000000018 0.2763252794222244 0.011673040689365734
1 0.741272534074491 0.7340000000000019 0.4465450681489819 0.011673040689365734
0 0.5179999999999981 0.7340000000000019 0.10416666515224278 0.011673040689365734
1 0.948 0.858 0.104 0.008754780517025211
0 0.8959999999999981 0.858 0.10416666515224278 0.008754780517025211
0 0.9877500004543271 0.362 0.024499999091345672 0.007295650430853129
1 0.13988809602720356 0.554 0.2797761920544071 0.005836520344681048
0 0.013624999772835508 0.554 0.027249999545671016 0.005836520344681048