1 0.33512248956660917 0.328 0.33424497913321827 0.03939651232660981
0 0.1680000000000009 0.328 0.16666666424359028 0.03939651232660981
1 0.941 0.9120000000000072 0.118 0.027723471637247712
0 0.882 0.9120000000000072 0.12499999818269135 0.027723471637247712
1 0.05460666357120954 0.042 0.10921332714241908 0.014591300861706258
1 0.07610319695551607 0.298 0.15220639391103213 0.014591300861706258
0 0.0022083332576121393 0.298 0.004416666515224279 0.014591300861706258
1 0.882 0.382 0.236 0.014591300861706258
0 0.7640000000000009 0.382 0.1458333312131417 0.014591300861706258
1 0.887 0.8060000000000073 0.226 0.013132170775541454
0 0.7740000000000009 0.8060000000000073 0.18749999727403882 0.013132170775541454
1 0.04202306072022202 0.27599999999999275 0.08404612144044404 0.011673040689362096
1 0.027389614012934545 0.4879999999999927 0.05477922802586909 0.011673040689362096
1 0.1822798911390646 0.8099999999999927 0.1605597822781292 0.011673040689362096
0 0.10200000000000091 0.8099999999999927 0.1458333312131417 0.011673040689362096
1 0.17987975464900227 0.956 0.35975950929800454 0.010213910603197292
0 0.017458332803285886 0.956 0.03491666560657177 0.010213910603197292
1 0.47826636584368226 0.352 0.4245327316873645 0.008754780517017934
1 0.7468939370454291 0.904 0.18178787409085817 0.008754780517017934
0 0.656 0.904 0.10416666515224278 0.008754780517017934
1 0.2186354468416066 0.9978113048707455 0.1652708936832132 0.004377390258508967
0 0.136 0.9978113048707455 0.12499999818269135 0.004377390258508967
1 0.518428496348698 0.4839999999999927 0.42085699269739596 0.007295650430853129
0 0.308 0.4839999999999927 0.062499999091345675 0.007295650430853129
1 0.31871460884455066 0.9639999999999928 0.08542921768910128 0.007295650430853129
0 0.276 0.9639999999999928 0.10416666515224278 0.007295650430853129