1 0.9 0.2559999999999982 0.2 0.03355999198192512
0 0.8000000000000009 0.2559999999999982 0.22916666333493596 0.03355999198192512
1 0.643351954731298 0.384 0.4707039094625961 0.02480521146490355
0 0.4080000000000009 0.384 0.18749999727403882 0.02480521146490355
1 0.954 0.488 0.092 0.02480521146490355
0 0.9080000000000009 0.488 0.16666666424359028 0.02480521146490355
1 0.883 0.876 0.234 0.023346081378731467
0 0.7660000000000009 0.876 0.22916666333493596 0.023346081378731467
1 0.905 0.35 0.19 0.021886951292559388
0 0.8100000000000009 0.35 0.2499999963653845 0.021886951292559388
0 0.987541667196715 0.742 0.02491666560656995 0.021886951292559388
1 0.03616083716468347 0.30399999999999816 0.07232167432936694 0.017509561034046783
1 0.6532932034366022 0.4819999999999982 0.3145864068732044 0.017509561034046783
0 0.4960000000000009 0.4819999999999982 0.18749999727403882 0.017509561034046783
1 0.3639646864919732 0.264 0.14792937298394646 0.01605043094787834
0 0.2900000000000009 0.264 0.16666666424359028 0.01605043094787834
1 0.7733579161925409 0.31600000000000183 0.2507158323850817 0.013132170775537815
0 0.648 0.31600000000000183 0.10416666515224278 0.013132170775537815
1 0.7898745253837515 0.6340000000000018 0.32774905076750294 0.013132170775537815
0 0.6260000000000009 0.6340000000000018 0.18749999727403882 0.013132170775537815
1 0.789850955226092 0.6500000000000018 0.32770191045218416 0.013132170775537815
0 0.6260000000000009 0.6500000000000018 0.18749999727403882 0.013132170775537815
1 0.7824428210836731 0.4140000000000018 0.2488856421673463 0.011673040689365734
0 0.658 0.4140000000000018 0.08333333212179422 0.011673040689365734
1 0.7719734442277495 0.9320000000000018 0.315946888455499 0.011673040689365734
0 0.6140000000000009 0.9320000000000018 0.1458333312131417 0.011673040689365734
0 0.9921666669695515 0.216 0.015666666060897113 0.008754780517025211