1 0.0958067011817966 0.4480000000000036 0.1916134023635932 0.03355999198192876
1 0.5889747488642443 0.692 0.5979494977284885 0.029182601723412516
0 0.29 0.692 0.20833333030448556 0.029182601723412516
1 0.16295952309327003 0.94 0.32591904618654005 0.029182601723412516
1 0.856 0.712 0.288 0.02480521146490355
0 0.7119999999999982 0.712 0.1458333312131399 0.02480521146490355
1 0.932 0.37399999999999634 0.136 0.020427821206387305
0 0.8639999999999982 0.37399999999999634 0.27083332939583127 0.020427821206387305
1 0.807 0.5360000000000036 0.386 0.0189686911202225
0 0.6139999999999982 0.5360000000000036 0.22916666333493413 0.0189686911202225
1 0.959 0.312 0.082 0.011673040689362096
0 0.9179999999999982 0.312 0.1458333312131399 0.011673040689362096
1 0.7920263164614862 0.926 0.3120526329229724 0.007295650430853129
0 0.636 0.926 0.08333333212179422 0.007295650430853129
1 0.6748113218347462 0.864 0.3136226436694924 0.004377390258508967
1 0.5460406467494832 0.34 0.2960812934989663 0.002