1 0.5748534474858847 0.57 0.09370689497176954 0.021886951292559388
0 0.5280000000000005 0.57 0.1041666651522437 0.021886951292559388
1 0.845 0.23799999999999819 0.31 0.018968691120218865
0 0.6900000000000005 0.23799999999999819 0.12499999818269225 0.018968691120218865
1 0.2129411001323051 0.9239999999999982 0.4258822002646102 0.018968691120218865
0 0.00804166628806115 0.9239999999999982 0.0160833325761223 0.018968691120218865
1 0.15938119266291823 0.9359999999999982 0.31876238532583645 0.018968691120218865
1 0.04701303406944953 0.3879999999999982 0.09402606813889906 0.017509561034046783
1 0.41437008748514653 0.9179999999999982 0.2927401749702931 0.017509561034046783
0 0.268 0.9179999999999982 0.22916666333493596 0.017509561034046783
1 0.5708977849985777 0.052 0.36979556999715535 0.01605043094787834
0 0.38600000000000045 0.052 0.08333333212179514 0.01605043094787834
1 0.17318164523967744 0.8280000000000018 0.18236329047935487 0.011673040689365734
0 0.08200000000000046 0.8280000000000018 0.14583333121314082 0.011673040689365734
1 0.2184512998445848 0.954 0.4369025996891696 0.008754780517025211
1 0.0706093567177436 0.69 0.1412187134354872 0.007295650430853129
1 0.6240356870292175 0.9 0.30407137405843515 0.007295650430853129
0 0.472 0.9 0.04166666606089711 0.007295650430853129