1 0.600658036762502 0.56 0.37731607352500396 0.0175095610340486
0 0.4120000000000009 0.56 0.1458333312131417 0.0175095610340486
1 0.8929580569057661 0.636 0.18191611381153233 0.0175095610340486
0 0.802 0.636 0.08333333212179422 0.0175095610340486
1 0.928 0.22600000000000045 0.144 0.014591300861707169
0 0.856 0.22600000000000045 0.10416666515224278 0.014591300861707169
1 0.6121409033706641 0.6180000000000004 0.38028180674132817 0.014591300861707169
0 0.422 0.6180000000000004 0.12499999818269135 0.014591300861707169
1 0.8164788821631127 0.038 0.1809577643262255 0.013132170775535997
0 0.726 0.038 0.10416666515224278 0.013132170775535997
1 0.836 0.116 0.328 0.011673040689365734
0 0.672 0.116 0.12499999818269135 0.011673040689365734
1 0.28234839422929325 0.20400000000000046 0.15269678845858653 0.0087547805170243
0 0.206 0.20400000000000046 0.12499999818269135 0.0087547805170243
1 0.6420336543445828 0.23600000000000046 0.11606730868916566 0.0087547805170243
0 0.584 0.23600000000000046 0.10416666515224278 0.0087547805170243
1 0.5296989131856135 0.6360000000000005 0.21539782637122698 0.0087547805170243
0 0.422 0.6360000000000005 0.062499999091345675 0.0087547805170243
1 0.06773442960581996 0.6740000000000005 0.09146885921163994 0.0087547805170243
0 0.037041666288060694 0.6740000000000005 0.07408333257612139 0.0087547805170243
1 0.6184325037481357 0.9579999999999995 0.10886500749627158 0.004377390258511696
0 0.564 0.9579999999999995 0.062499999091345675 0.004377390258511696