1 0.86 0.13599999999999274 0.28 0.026264341551068354
0 0.72 0.13599999999999274 0.27083332939583304 0.026264341551068354
1 0.985 0.027999999999992725 0.03 0.021886951292559388
0 0.9433333339391027 0.027999999999992725 0.11333333212179468 0.021886951292559388
1 0.963 0.292 0.074 0.018968691120215226
0 0.926 0.292 0.12499999818269225 0.018968691120215226
1 0.2968863508601782 0.9120000000000072 0.2817727017203565 0.017509561034050422
0 0.15600000000000022 0.9120000000000072 0.18749999727403838 0.017509561034050422
1 0.5629461983344245 0.5799999999999927 0.573892396668849 0.016050430947871064
0 0.27599999999999975 0.5799999999999927 0.2291666633349355 0.016050430947871064
1 0.7057828277506524 0.5819999999999927 0.3835656555013047 0.016050430947871064
0 0.514 0.5819999999999927 0.12499999818269225 0.016050430947871064
1 0.128453239412901 0.466 0.14090647882580196 0.014591300861706258
0 0.06024999954567306 0.466 0.12049999909134612 0.014591300861706258
0 0.9851666669695512 0.826 0.02966666606089757 0.014591300861706258
1 0.979 0.005999999999992724 0.042 0.011673040689362096
0 0.9477500004543269 0.005999999999992724 0.10449999909134612 0.011673040689362096
1 0.6874212813279846 0.982 0.04284256265596923 0.010213910603197292
0 0.6660000000000003 0.982 0.062499999091346126 0.010213910603197292
0 0.9589583337119391 0.868 0.08208333257612185 0.008754780517017934
1 0.7110837689917267 0.26 0.04616753798345326 0.005836520344688324
0 0.6880000000000003 0.26 0.062499999091346126 0.005836520344688324