1 0.84 0.06800000000000728 0.32 0.05690607336066023
0 0.6800000000000018 0.06800000000000728 0.4166666606089748 0.05690607336066023
1 0.6249071611916898 0.45799999999999275 0.6938143223833795 0.036478252154265645
0 0.278 0.45799999999999275 0.16666666424358845 0.036478252154265645
1 0.45068161640442483 0.016025215473942808 0.3893632328088497 0.032050430947885615
0 0.2559999999999982 0.016025215473942808 0.18749999727403702 0.032050430947885615
1 0.6176939406240272 0.926 0.5713878812480543 0.029182601723412516
0 0.332 0.926 0.08333333212179422 0.029182601723412516
1 0.791 0.3559999999999927 0.418 0.026264341551068354
0 0.5819999999999982 0.3559999999999927 0.1458333312131399 0.026264341551068354
1 0.5219124342337964 0.6859999999999927 0.41982486846759276 0.026264341551068354
0 0.312 0.6859999999999927 0.20833333030448556 0.026264341551068354
1 0.932 0.7039999999999927 0.136 0.026264341551068354
0 0.8382500013629814 0.7039999999999927 0.323499997274037 0.026264341551068354
1 0.824 0.8919999999999927 0.352 0.026264341551068354
0 0.6479999999999981 0.8919999999999927 0.1458333312131399 0.026264341551068354
1 0.883 0.192 0.234 0.02480521146490355
0 0.7659999999999981 0.192 0.18749999727403702 0.02480521146490355
0 0.864 0.0028365203446810484 0.20833333030448556 0.005673040689362097
1 0.12732526400792996 0.138 0.2546505280158599 0.023346081378724192
0 0.9767500004543271 0.274 0.046499999091345674 0.020427821206394584
1 0.0924229307271089 0.498 0.1848458614542178 0.020427821206394584
1 0.894 0.084 0.212 0.018968691120215226
0 0.7879999999999981 0.084 0.10416666515224278 0.018968691120215226
1 0.10009630096569526 0.572 0.20019260193139052 0.018968691120215226
0 0.9449166674238786 0.686 0.11016666515224278 0.018968691120215226
1 0.04453986501349391 0.024000000000007276 0.08907973002698782 0.017509561034050422
1 0.04966787888929139 0.36400000000000726 0.09933575777858278 0.017509561034050422
1 0.7159346058367464 0.24799999999999273 0.28786921167349283 0.016050430947871064
0 0.5719999999999982 0.24799999999999273 0.22916666333493413 0.016050430947871064
1 0.3988750526480162 0.168 0.13375010529603243 0.014591300861706258
0 0.3319999999999982 0.168 0.1458333312131399 0.014591300861706258
1 0.3368465873295627 0.66 0.6736931746591254 0.014591300861706258
1 0.07760686079167499 0.778 0.15521372158334998 0.014591300861706258
1 0.6315558479283554 0.5040000000000073 0.14311169585671088 0.013132170775541454
0 0.5599999999999982 0.5040000000000073 0.10416666515224278 0.013132170775541454
1 0.13699060241735606 0.6060000000000073 0.2739812048347121 0.013132170775541454
1 0.34798155648759893 0.4039999999999927 0.13996311297519787 0.011673040689362096
0 0.278 0.4039999999999927 0.12499999818269135 0.011673040689362096
1 0.17337447691343005 0.6019999999999928 0.2667489538268601 0.011673040689362096
0 0.056458332803284064 0.6019999999999928 0.11291666560656813 0.011673040689362096
1 0.615557133802562 0.6119999999999928 0.28311426760512404 0.011673040689362096
0 0.4739999999999982 0.6119999999999928 0.1458333312131399 0.011673040689362096
1 0.905 0.9899999999999928 0.19 0.011673040689362096
0 0.8099999999999982 0.9899999999999928 0.1458333312131399 0.011673040689362096
1 0.3833801525246363 0.648 0.7667603050492726 0.010213910603197292
0 0.018458332803284065 0.648 0.03691666560656813 0.010213910603197292
1 0.31984208064289305 0.678 0.6396841612857861 0.008754780517017934
1 0.17790871000457628 0.814 0.35581742000915256 0.005836520344688324