0 0.9158333348477563 0.624 0.16833333030448738 0.043773902585118776
1 0.966 0.67 0.068 0.03210086189575668
0 0.932 0.67 0.10416666515224278 0.03210086189575668
1 0.21569825835244866 0.27199999999999636 0.3233965167048973 0.0306417318095846
0 0.08949999909134658 0.27199999999999636 0.17899999818269316 0.0306417318095846
1 0.7050392750912424 0.8440000000000036 0.21807855018248484 0.023346081378731467
0 0.5960000000000009 0.8440000000000036 0.1458333312131417 0.023346081378731467
1 0.906 0.966 0.188 0.014591300861706258
0 0.812 0.966 0.10416666515224278 0.014591300861706258
1 0.014373585416824425 0.39999999999999636 0.02874717083364885 0.013132170775534177
1 0.8846194795379815 0.146 0.20923895907596307 0.010213910603197292
0 0.78 0.146 0.10416666515224278 0.010213910603197292
1 0.40629315366158064 0.6420000000000037 0.14058630732316124 0.008754780517025211
0 0.336 0.6420000000000037 0.10416666515224278 0.008754780517025211