1 0.72 0.256 0.56 0.036478252154265645
0 0.4400000000000009 0.256 0.2499999963653845 0.036478252154265645
1 0.877 0.862 0.246 0.023346081378731467
0 0.7540000000000009 0.862 0.27083332939583304 0.023346081378731467
1 0.747 0.3199999999999982 0.506 0.018968691120218865
0 0.4940000000000009 0.3199999999999982 0.1458333312131417 0.018968691120218865
1 0.7095388627612065 0.15400000000000183 0.17107772552241296 0.013132170775537815
0 0.624 0.15400000000000183 0.08333333212179422 0.013132170775537815
1 0.043462128221808595 0.7660000000000018 0.08692425644361719 0.011673040689365734
1 0.953 0.102 0.094 0.008754780517025211
0 0.906 0.102 0.08333333212179422 0.008754780517025211