0 0.9685000009086543 0.568 0.06299999818269134 0.02772347163724328
0 0.9781250006814899 0.148 0.043749998637020324 0.026264341551072563
1 0.83 0.282 0.34 0.02042782120638975
0 0.6599999999999981 0.282 0.1458333312131399 0.02042782120638975
1 0.08972890409755382 0.57 0.17945780819510765 0.01896869112021909
1 0.939 0.922 0.122 0.01896869112021909
0 0.8779999999999982 0.922 0.1458333312131399 0.01896869112021909
1 0.912 0.736 0.176 0.017509561034048375
0 0.824 0.736 0.12499999818269135 0.017509561034048375
1 0.6071950848317356 0.076 0.2823901696634712 0.016050430947877673
0 0.466 0.076 0.12499999818269135 0.016050430947877673
1 0.922 0.078 0.156 0.016050430947877673
0 0.844 0.078 0.20833333030448556 0.016050430947877673
1 0.982 0.692 0.036 0.01605043094787766
0 0.9455416671967141 0.692 0.10891666560657177 0.01605043094787766
1 0.35221399666336217 0.0036478252154267432 0.2724279933267244 0.0072956504308534864
0 0.216 0.0036478252154267432 0.16666666424358845 0.0072956504308534864
1 0.641 0.73 0.718 0.014591300861706942
0 0.2819999999999982 0.73 0.062499999091345675 0.014591300861706942
1 0.13815790798380476 0.982 0.2763158159676095 0.014591300861706942
1 0.944 0.8 0.112 0.013132170775536224
0 0.888 0.8 0.16666666424358845 0.013132170775536224
1 0.89 0.518 0.22 0.011673040689365621
0 0.78 0.518 0.12499999818269135 0.011673040689365621
1 0.33372137255585765 0.226 0.25544274511171533 0.010213910603194876
0 0.206 0.226 0.08333333212179422 0.010213910603194876
1 0.29789327907255575 0.374 0.25178655814511147 0.010213910603194903
0 0.172 0.374 0.08333333212179422 0.010213910603194903
1 0.2191636993634238 0.67 0.2423273987268476 0.010213910603194903
0 0.098 0.67 0.08333333212179422 0.010213910603194903
0 0.9889583337119384 0.614 0.022083332576123212 0.008754780517024188
1 0.30936964912028453 0.834 0.12273929824056905 0.008754780517024188
0 0.248 0.834 0.08333333212179422 0.008754780517024188
1 0.809 0.938 0.382 0.005836520344682753
0 0.6179999999999982 0.938 0.10416666515224278 0.005836520344682753