1 0.16066614445405047 0.776 0.32133228890810095 0.023346081378731467
1 0.817 0.166 0.366 0.018968691120218865
0 0.634 0.166 0.020833333030448556 0.018968691120218865
0 0.9547083341662664 0.94 0.09058333166746707 0.018968691120218865
0 0.9701250006814908 0.258 0.059749998637018506 0.014591300861706258
1 0.833 0.602 0.334 0.014591300861706258
0 0.666 0.602 0.12499999818269135 0.014591300861706258
1 0.17686059914740782 0.602 0.2577211982948156 0.014591300861706258
0 0.055249999545672834 0.602 0.11049999909134567 0.014591300861706258
1 0.931 0.794 0.138 0.014591300861706258
0 0.862 0.794 0.062499999091345675 0.014591300861706258
1 0.5073429303859721 0.874 0.35468586077194414 0.014591300861706258
0 0.3300000000000009 0.874 0.1458333312131417 0.014591300861706258
1 0.4093078195047119 0.18399999999999908 0.5266156390094239 0.013132170775535997
0 0.1460000000000009 0.18399999999999908 0.1458333312131417 0.013132170775535997
1 0.5406419663254519 0.927999999999999 0.3572839326509038 0.013132170775535997
0 0.362 0.927999999999999 0.08333333212179422 0.013132170775535997
1 0.07501722306130887 0.276 0.15003444612261774 0.011673040689365734
1 0.811 0.3940000000000009 0.378 0.010213910603195472
0 0.622 0.3940000000000009 0.08333333212179422 0.010213910603195472
1 0.24840173269266325 0.8020000000000009 0.3368034653853265 0.010213910603195472
0 0.08 0.8020000000000009 0.08333333212179422 0.010213910603195472
1 0.32543423329704546 0.3999999999999991 0.2708684665940909 0.008754780517023391
0 0.19 0.3999999999999991 0.12499999818269135 0.008754780517023391
1 0.931 0.7359999999999991 0.138 0.008754780517023391
0 0.862 0.7359999999999991 0.10416666515224278 0.008754780517023391
1 0.844 0.2380000000000009 0.312 0.005836520344682867
0 0.688 0.2380000000000009 0.062499999091345675 0.005836520344682867