1 0.928 0.97 0.144 0.029182601723412516
0 0.8560000000000009 0.97 0.1458333312131417 0.029182601723412516
1 0.6972265327383884 0.8680000000000037 0.26645306547677683 0.023346081378731467
0 0.564 0.8680000000000037 0.12499999818269135 0.023346081378731467
1 0.20973694600688395 0.912 0.3114738920137679 0.021886951292559388
0 0.06866666606089802 0.912 0.13733333212179605 0.021886951292559388
1 0.6943394646708785 0.26 0.28467892934175687 0.014591300861706258
0 0.5520000000000009 0.26 0.18749999727403882 0.014591300861706258
1 0.933 0.698 0.134 0.014591300861706258
0 0.866 0.698 0.10416666515224278 0.014591300861706258
1 0.6349753020770359 0.97 0.20995060415407168 0.010213910603197292
0 0.53 0.97 0.08333333212179422 0.010213910603197292
1 0.5530513464626119 0.992 0.15410269292522388 0.002