1 0.912 0.3480000000000009 0.176 0.0481512928436332
0 0.824000000000001 0.3480000000000009 0.1458333312131417 0.0481512928436332
0 0.9409166674238786 0.7820000000000009 0.11816666515224279 0.029182601723414338
1 0.847 0.8979999999999991 0.306 0.020427821206389127
0 0.694000000000001 0.8979999999999991 0.1458333312131417 0.020427821206389127
1 0.2616238213818797 0.54 0.28724764276375936 0.011673040689365734
0 0.118 0.54 0.10416666515224278 0.011673040689365734
1 0.09628249314059394 0.12400000000000092 0.1285649862811879 0.010213910603195472
0 0.032 0.12400000000000092 0.020833333030448556 0.010213910603195472
1 0.19286197984853878 0.1520000000000009 0.2977239596970776 0.010213910603195472
0 0.05324999954567283 0.1520000000000009 0.10649999909134567 0.010213910603195472
1 0.5801738086868845 0.1820000000000009 0.10034761737376903 0.010213910603195472
0 0.53 0.1820000000000009 0.08333333212179422 0.010213910603195472
1 0.961 0.009999999999999091 0.078 0.008754780517023391
0 0.9220000000000009 0.009999999999999091 0.1458333312131417 0.008754780517023391