1 0.08590261118537182 0.11400000000000182 0.17180522237074364 0.0350191220680972
1 0.639 0.8439999999999982 0.722 0.026264341551071994
0 0.2780000000000009 0.8439999999999982 0.2083333303044874 0.026264341551071994
1 0.866 0.988 0.268 0.023346081378731467
0 0.7320000000000009 0.988 0.2499999963653845 0.023346081378731467
1 0.33038675849312765 0.9912578272199444 0.6607735169862553 0.01748434556011125
0 0.0450833325761223 0.9912578272199444 0.0901666651522446 0.01748434556011125
1 0.6616768420327553 0.16399999999999818 0.4873536840655106 0.017509561034046783
0 0.4180000000000009 0.16399999999999818 0.1458333312131417 0.017509561034046783
1 0.17271500706607368 0.7699999999999981 0.15743001413214733 0.017509561034046783
0 0.09400000000000092 0.7699999999999981 0.1458333312131417 0.017509561034046783
1 0.2899688411814768 0.508 0.5799376823629536 0.01605043094787834
0 0.018249999545672836 0.508 0.03649999909134567 0.01605043094787834
1 0.7307809935579007 0.824 0.34156198711580144 0.014591300861706258
0 0.5600000000000009 0.824 0.18749999727403882 0.014591300861706258
1 0.43261712568026905 0.5360000000000018 0.15723425136053812 0.013132170775537815
0 0.354 0.5360000000000018 0.12499999818269135 0.013132170775537815
1 0.05042133153121449 0.7220000000000019 0.10084266306242898 0.011673040689365734
1 0.09036083808381136 0.05599999999999818 0.18072167616762272 0.010213910603193653