1 0.872 0.8919999999999927 0.256 0.05106955301597191
0 0.6949166692411863 0.8919999999999927 0.6101666615176273 0.05106955301597191
1 0.5 0.3300000000000073 1.0 0.046692162757462935
1 0.2958889104947239 0.5320000000000072 0.5917778209894478 0.046692162757462935
1 0.5825056507351947 0.554 0.6970113014703893 0.043773902585118776
0 0.2340000000000009 0.554 0.2083333303044874 0.043773902585118776
1 0.572199452441826 0.574 0.696398904883652 0.03939651232660981
0 0.22400000000000092 0.574 0.2083333303044874 0.03939651232660981
1 0.948 0.09800000000000728 0.104 0.03210086189575668
0 0.869875001135817 0.09800000000000728 0.260249997728366 0.03210086189575668
1 0.677 0.604 0.646 0.029182601723412516
0 0.3540000000000009 0.604 0.2083333303044874 0.029182601723412516
1 0.785 0.13800000000000728 0.43 0.027723471637247712
0 0.5699999999999991 0.13800000000000728 0.3124999954567302 0.027723471637247712
1 0.753 0.3360000000000073 0.494 0.027723471637247712
0 0.5059999999999991 0.3360000000000073 0.35416666151762727 0.027723471637247712
1 0.5657401172835316 0.8099999999999927 0.35948023456706324 0.026264341551068354
0 0.3860000000000009 0.8099999999999927 0.16666666424359028 0.026264341551068354
1 0.22481304580810138 0.438 0.32962609161620277 0.023346081378724192
0 0.07166666606089803 0.438 0.14333333212179605 0.023346081378724192
1 0.921 0.04799999999999272 0.158 0.021886951292559388
0 0.8420000000000009 0.04799999999999272 0.16666666424359028 0.021886951292559388
1 0.85 0.5019999999999927 0.3 0.021886951292559388
0 0.700000000000001 0.5019999999999927 0.16666666424359028 0.021886951292559388
1 0.915 0.7719999999999927 0.17 0.021886951292559388
0 0.83 0.7719999999999927 0.08333333212179422 0.021886951292559388
1 0.1889229885899422 0.8799999999999927 0.3778459771798844 0.021886951292559388
1 0.24652659710761055 0.77 0.3490531942152211 0.020427821206394584
0 0.072 0.77 0.12499999818269135 0.020427821206394584
1 0.23582811295447756 0.05 0.4716562259089551 0.018968691120215226
0 0.029249999545672836 0.05 0.05849999909134567 0.018968691120215226
1 0.22964182272661857 0.198 0.45928364545323713 0.018968691120215226
0 0.018249999545672836 0.198 0.03649999909134567 0.018968691120215226
1 0.12012180566608459 0.762 0.24024361133216918 0.018968691120215226
1 0.1968198987727801 0.4660000000000073 0.3376397975455602 0.017509561034050422
0 0.0660833325761223 0.4660000000000073 0.1321666651522446 0.017509561034050422
1 0.12155833534845716 0.9880000000000073 0.2431166706969143 0.017509561034050422
1 0.010540963602160445 0.556 0.02108192720432089 0.014591300861706258
0 0.9921666669695515 0.8480000000000073 0.015666666060897113 0.013132170775541454
1 0.13899501185735244 0.506 0.2779900237147049 0.010213910603197292
1 0.07836204639802873 0.9968113048707455 0.15672409279605745 0.006377390258508967
0 0.024041666288060697 0.9968113048707455 0.04808333257612139 0.006377390258508967