1 0.962 0.4400000000000036 0.076 0.023346081378731467
0 0.9099166674238786 0.4400000000000036 0.18016666515224278 0.023346081378731467
1 0.729 0.6000000000000036 0.542 0.0189686911202225
0 0.458 0.6000000000000036 0.12499999818269135 0.0189686911202225
1 0.6503222355745347 0.30000000000000365 0.3406444711490694 0.01605043094787834
0 0.4799999999999982 0.30000000000000365 0.18749999727403702 0.01605043094787834
1 0.859 0.33199999999999635 0.282 0.013132170775534177
0 0.7179999999999982 0.33199999999999635 0.1458333312131399 0.013132170775534177
1 0.6480525551097689 0.404 0.2281051102195379 0.011673040689362096
0 0.534 0.404 0.08333333212179422 0.011673040689362096
1 0.403553845012415 0.42 0.21910769002482994 0.011673040689362096
0 0.294 0.42 0.12499999818269135 0.011673040689362096
1 0.7709539091123061 0.802 0.23790781822461213 0.011673040689362096
0 0.6519999999999981 0.802 0.10416666515224278 0.011673040689362096
0 0.9847500004543271 0.9240000000000036 0.03049999909134567 0.008754780517025211
1 0.956 0.464 0.088 0.007295650430853129
0 0.912 0.464 0.08333333212179422 0.007295650430853129
1 0.21614498350019404 0.468 0.21228996700038805 0.007295650430853129
0 0.11 0.468 0.10416666515224278 0.007295650430853129