1 0.6646831194101728 0.104 0.24136623882034564 0.04815129284362774
0 0.544 0.104 0.2499999963653845 0.04815129284362774
1 0.924 0.8379999999999928 0.152 0.036478252154265645
0 0.848 0.8379999999999928 0.12499999818269225 0.036478252154265645
1 0.14325127465428886 0.5379999999999927 0.2865025493085777 0.026264341551068354
1 0.951 0.094 0.098 0.014591300861706258
0 0.902 0.094 0.14583333121314082 0.014591300861706258
1 0.31045861203881875 0.3420000000000073 0.16091722407763745 0.013132170775541454
0 0.23 0.3420000000000073 0.14583333121314082 0.013132170775541454
1 0.7418377129424386 0.8040000000000073 0.1796754258848773 0.013132170775541454
0 0.6519999999999998 0.8040000000000073 0.10416666515224324 0.013132170775541454
1 0.6406996814201177 0.6219999999999927 0.17339936284023544 0.011673040689362096
0 0.554 0.6219999999999927 0.020833333030448556 0.011673040689362096
1 0.961 0.8539999999999928 0.078 0.011673040689362096
0 0.9219999999999998 0.8539999999999928 0.10416666515224324 0.011673040689362096
1 0.29613169285378765 0.088 0.11226338570757526 0.010213910603197292
0 0.23999999999999977 0.088 0.08333333212179468 0.010213910603197292
1 0.03904755861915646 0.702 0.07809511723831292 0.008754780517017934
1 0.6398787968200275 0.936 0.34375759364005487 0.008754780517017934
0 0.468 0.936 0.12499999818269225 0.008754780517017934