1 0.009620020203928903 0.272 0.019240040407857806 0.05982433353300439
0 0.006624999772836531 0.272 0.013249999545673062 0.05982433353300439
1 0.44962602723651524 0.21599999999999273 0.1312520544730305 0.021886951292559388
0 0.3839999999999998 0.21599999999999273 0.2291666633349355 0.021886951292559388
1 0.963 0.8779999999999927 0.074 0.016050430947871064
0 0.926 0.8779999999999927 0.14583333121314082 0.016050430947871064
1 0.04910178765451974 0.32199999999999274 0.09820357530903948 0.011673040689362096
1 0.3244345266901353 0.236 0.20486905338027053 0.010213910603197292
0 0.22199999999999978 0.236 0.10416666515224324 0.010213910603197292
1 0.919 0.44 0.162 0.010213910603197292
0 0.838 0.44 0.14583333121314082 0.010213910603197292
0 0.9689583337119391 0.472 0.06208333257612185 0.008754780517017934
1 0.941 0.778 0.118 0.008754780517017934
0 0.882 0.778 0.12499999818269225 0.008754780517017934
1 0.49609353787430516 0.866 0.13618707574861036 0.008754780517017934
0 0.42799999999999977 0.866 0.10416666515224324 0.008754780517017934