1 0.35732527938710157 0.722 0.5866505587742031 0.03939651232660981
0 0.0840833325761214 0.722 0.1681666651522428 0.03939651232660981
1 0.05389024494881596 0.372 0.10778048989763192 0.03210086189575668
1 0.06788393309425374 0.9739999999999963 0.13576786618850747 0.027723471637240437
1 0.6181229171141421 0.48200000000000365 0.3682458342282844 0.023346081378731467
0 0.434 0.48200000000000365 0.16666666424358845 0.023346081378731467
1 0.955 0.2580000000000036 0.09 0.0189686911202225
0 0.9081250006814898 0.2580000000000036 0.18374999863702032 0.0189686911202225
1 0.34775807646064094 0.43000000000000366 0.3515161529212819 0.01605043094787834
0 0.17199999999999818 0.43000000000000366 0.020833333030448556 0.01605043094787834
1 0.6596657374169881 0.4460000000000036 0.36733147483397627 0.01605043094787834
0 0.476 0.4460000000000036 0.16666666424358845 0.01605043094787834
1 0.4110268411467787 0.5100000000000037 0.5860536822935574 0.01605043094787834
0 0.11799999999999818 0.5100000000000037 0.18749999727403702 0.01605043094787834
1 0.885 0.7420000000000037 0.23 0.01605043094787834
0 0.7699999999999981 0.7420000000000037 0.1458333312131399 0.01605043094787834
1 0.1016589966869451 0.356 0.2033179933738902 0.010213910603197292
1 0.863 0.6440000000000037 0.274 0.008754780517025211
0 0.7259999999999982 0.6440000000000037 0.1458333312131399 0.008754780517025211
0 0.9875833334847757 0.45399999999999635 0.024833333030448556 0.005836520344681048