1 0.18397512581588216 0.25599999999999634 0.3679502516317643 0.027723471637240437
1 0.5093119659900567 0.19199999999999637 0.28262393198011343 0.020427821206387305
0 0.3680000000000009 0.19199999999999637 0.1458333312131417 0.020427821206387305
1 0.922 0.21399999999999636 0.156 0.020427821206387305
0 0.843875001135817 0.21399999999999636 0.312249997728366 0.020427821206387305
1 0.89 0.22599999999999637 0.22 0.020427821206387305
0 0.7799999999999991 0.22599999999999637 0.3124999954567302 0.020427821206387305
1 0.971 0.6620000000000036 0.058 0.01605043094787834
0 0.9189166674238786 0.6620000000000036 0.1621666651522428 0.01605043094787834
1 0.10287111934208497 0.572 0.20574223868416994 0.014591300861706258
0 0.00845833280328543 0.572 0.01691666560657086 0.014591300861706258
1 0.5046491051675912 0.72 0.4052982103351824 0.014591300861706258
0 0.30200000000000093 0.72 0.18749999727403882 0.014591300861706258