1 0.92 0.5580000000000073 0.16 0.03210086189575668
0 0.84 0.5580000000000073 0.04166666606089711 0.03210086189575668
0 0.9387083341662664 0.45799999999999275 0.12258333166746706 0.026264341551068354
1 0.4810696384764442 0.8119999999999927 0.4301392769528884 0.026264341551068354
0 0.2660000000000009 0.8119999999999927 0.27083332939583304 0.026264341551068354
1 0.952 0.616 0.096 0.02480521146490355
0 0.9040000000000009 0.616 0.1458333312131417 0.02480521146490355
0 0.9593333339391029 0.808 0.08133333212179422 0.023346081378724192
1 0.806 0.09200000000000727 0.388 0.017509561034050422
0 0.612 0.09200000000000727 0.10416666515224278 0.017509561034050422
1 0.13331207457004438 0.21600000000000727 0.26662414914008875 0.017509561034050422
1 0.13561060964267563 0.7980000000000073 0.27122121928535126 0.017509561034050422
1 0.12495825330684329 0.6719999999999927 0.24191650661368658 0.016050430947871064
0 0.03845833280328589 0.6719999999999927 0.07691666560657177 0.016050430947871064
0 0.9649166674238786 0.8319999999999927 0.07016666515224279 0.016050430947871064
1 0.05616942298519462 0.248 0.11233884597038923 0.014591300861706258
1 0.7064612485218149 0.636 0.36092249704362983 0.010213910603197292
0 0.526 0.636 0.12499999818269135 0.010213910603197292
0 0.9853750002271636 0.226 0.029249999545672836 0.008754780517017934
1 0.931 0.4019999999999927 0.138 0.007295650430853129
0 0.862 0.4019999999999927 0.10416666515224278 0.007295650430853129
1 0.86 0.6479999999999927 0.28 0.007295650430853129
1 0.2839869329501562 0.9159999999999927 0.5679738659003124 0.007295650430853129
1 0.851441465804568 0.28 0.28288293160913597 0.004377390258508967
0 0.71 0.28 0.062499999091345675 0.004377390258508967