0 0.9475000009086538 0.17599999999999819 0.10499999818269225 0.06420172379150972
1 0.3707116307538045 0.892 0.6734232615076089 0.036478252154265645
0 0.06387499931850925 0.892 0.1277499986370185 0.036478252154265645
1 0.755 0.5479999999999982 0.49 0.026264341551071994
0 0.51 0.5479999999999982 0.062499999091345675 0.026264341551071994
1 0.5960202092441869 0.932 0.2800404184883737 0.021886951292559388
0 0.456 0.932 0.22916666333493596 0.021886951292559388
1 0.023412220809163956 0.09999999999999819 0.04682444161832791 0.018968691120218865
1 0.2596557010260112 0.36399999999999816 0.2793114020520225 0.017509561034046783
0 0.11999999999999955 0.36399999999999816 0.18749999727403793 0.017509561034046783
1 0.35475379716147426 0.298 0.14150759432294854 0.014591300861706258
0 0.28399999999999953 0.298 0.18749999727403793 0.014591300861706258
1 0.44988688554880674 0.2700000000000018 0.41977377109761344 0.013132170775537815
0 0.24000000000000046 0.2700000000000018 0.12499999818269225 0.013132170775537815
1 0.22382603488803487 0.6120000000000018 0.13965206977606975 0.013132170775537815
0 0.15399999999999955 0.6120000000000018 0.16666666424358936 0.013132170775537815
1 0.7267286196211243 0.8399999999999982 0.43345723924224877 0.010213910603193653
0 0.5100000000000005 0.8399999999999982 0.1041666651522437 0.010213910603193653
1 0.22348220941887803 0.642 0.13896441883775607 0.007295650430853129
0 0.15400000000000044 0.642 0.08333333212179514 0.007295650430853129