1 0.6699231169248155 0.758 0.3878462338496311 0.035019122068100844
0 0.476 0.758 0.29166666242628164 0.035019122068100844
1 0.7695653719566876 0.96 0.37113074391337525 0.035019122068100844
0 0.584 0.96 0.35416666151762727 0.035019122068100844
1 0.24055464119012912 0.962 0.20110928238025827 0.029182601723412516
0 0.14000000000000024 0.962 0.20833333030448695 0.029182601723412516
0 0.9461250006814903 0.968 0.10774999863701942 0.014591300861706258
1 0.89 0.01 0.22 0.010213910603197292
0 0.78 0.01 0.062499999091345675 0.010213910603197292
1 0.10477972403324429 0.624 0.20955944806648857 0.010213910603197292
0 0.009833333030448557 0.624 0.019666666060897113 0.010213910603197292