1 0.825 0.58 0.35 0.03939651232660981
0 0.65 0.58 0.3541666615176291 0.03939651232660981
1 0.7873118275702745 0.3659999999999964 0.2546236551405491 0.0306417318095846
0 0.6600000000000018 0.3659999999999964 0.33333332848718056 0.0306417318095846
0 0.9571250006814899 0.5859999999999964 0.08574999863702032 0.027723471637240437
1 0.611176198731886 0.452 0.2463523974637719 0.02480521146490355
0 0.48799999999999816 0.452 0.18749999727403702 0.02480521146490355
1 0.836 0.03000000000000364 0.328 0.01605043094787834
0 0.6719999999999982 0.03000000000000364 0.18749999727403702 0.01605043094787834
1 0.5814147473270969 0.222 0.3828294946541937 0.014591300861706258
0 0.3899999999999982 0.222 0.1458333312131399 0.014591300861706258
1 0.782 0.504 0.436 0.014591300861706258
0 0.5639999999999982 0.504 0.1458333312131399 0.014591300861706258
1 0.895 0.002918260172340524 0.21 0.005836520344681048
0 0.7899999999999981 0.002918260172340524 0.1458333312131399 0.005836520344681048
1 0.1820119004074004 0.8780000000000037 0.3640238008148008 0.008754780517025211
1 0.3433366182787286 0.598 0.34267323655745713 0.007295650430853129
0 0.172 0.598 0.08333333212179422 0.007295650430853129
1 0.17325080145568245 0.7839999999999964 0.1105016029113649 0.005836520344681048
1 0.9186150235128425 0.8899999999999963 0.12523004702568505 0.005836520344681048
0 0.8559999999999982 0.8899999999999963 0.062499999091345675 0.005836520344681048