1 0.7669515062432474 0.17000000000000365 0.33790301248649485 0.02626434155107563
0 0.5979999999999982 0.17000000000000365 0.062499999091345675 0.02626434155107563
1 0.821 0.136 0.358 0.02480521146490355
0 0.6419999999999981 0.136 0.10416666515224278 0.02480521146490355
1 0.3412603111309727 0.16 0.4185206222619454 0.021886951292559388
0 0.1441249988641821 0.16 0.2882499977283642 0.021886951292559388
1 0.4993985641140061 0.29 0.5187971282280123 0.021886951292559388
0 0.2400000000000009 0.29 0.1458333312131417 0.021886951292559388
1 0.2617621482508275 0.946 0.367524296501655 0.021886951292559388
0 0.078 0.946 0.12499999818269135 0.021886951292559388
1 0.20668502190466825 0.9300000000000036 0.2773700438093365 0.0189686911202225
0 0.068 0.9300000000000036 0.062499999091345675 0.0189686911202225
1 0.902 0.692 0.196 0.017509561034050422
0 0.804 0.692 0.08333333212179422 0.017509561034050422
1 0.563729210505282 0.37399999999999634 0.21145842101056406 0.013132170775534177
0 0.458 0.37399999999999634 0.12499999818269135 0.013132170775534177
1 0.967 0.4819999999999964 0.066 0.013132170775534177
0 0.934 0.4819999999999964 0.08333333212179422 0.013132170775534177
1 0.5474788397760821 0.552 0.31095767955216436 0.011673040689362096
0 0.3920000000000009 0.552 0.10416666515224461 0.011673040689362096
1 0.88 0.18 0.24 0.010213910603197292
0 0.76 0.18 0.12499999818269135 0.010213910603197292
1 0.805412269917888 0.412 0.3268245398357758 0.010213910603197292
0 0.642 0.412 0.12499999818269135 0.010213910603197292
1 0.4759314340029487 0.904 0.3838628680058973 0.010213910603197292
0 0.284 0.904 0.08333333212179422 0.010213910603197292
1 0.2350340709304219 0.27200000000000363 0.4020681418608438 0.008754780517025211
0 0.03783333303044856 0.27200000000000363 0.07566666606089711 0.008754780517025211
1 0.3099943173776282 0.8820000000000037 0.0959886347552565 0.008754780517025211
0 0.262 0.8820000000000037 0.062499999091345675 0.008754780517025211