1 0.47541402815823586 0.804 0.3268280563164717 0.05252868310214399
0 0.3120000000000009 0.804 0.18749999727403882 0.05252868310214399
1 0.27434179555666743 0.908 0.42468359111333487 0.0306417318095846
0 0.11954166537940637 0.908 0.23908333075881275 0.0306417318095846
1 0.959 0.7320000000000019 0.082 0.027723471637244073
0 0.9180000000000009 0.7320000000000019 0.1458333312131417 0.027723471637244073
1 0.4515265980524673 0.388 0.3470531961049346 0.02480521146490355
0 0.2780000000000009 0.388 0.16666666424359028 0.02480521146490355
0 0.9759583337119393 0.3859999999999982 0.04808333257612139 0.017509561034046783
1 0.8228410454798432 0.6340000000000018 0.22168209095968633 0.013132170775537815
0 0.7120000000000009 0.6340000000000018 0.1458333312131417 0.013132170775537815
1 0.959 0.1519999999999982 0.082 0.010213910603193653
0 0.918 0.1519999999999982 0.062499999091345675 0.010213910603193653
1 0.784116048701052 0.6099999999999982 0.36023209740210405 0.010213910603193653
0 0.604 0.6099999999999982 0.12499999818269135 0.010213910603193653
1 0.4125695582031185 0.6299999999999982 0.201139116406237 0.010213910603193653
0 0.3120000000000009 0.6299999999999982 0.1458333312131417 0.010213910603193653
1 0.8231845450594856 0.092 0.15836909011897116 0.008754780517025211
0 0.744 0.092 0.10416666515224278 0.008754780517025211
1 0.862 0.834 0.276 0.008754780517025211
0 0.724 0.834 0.08333333212179422 0.008754780517025211