1 0.1754531159943001 0.86 0.3509062319886002 0.03939651232660981
0 0.024916665606570406 0.86 0.04983333121314081 0.03939651232660981
1 0.41907708541975897 0.15 0.22615417083951797 0.021886951292559388
0 0.30599999999999977 0.15 0.10416666515224324 0.021886951292559388
0 0.9733750002271636 0.736 0.05324999954567283 0.017509561034050422
1 0.6459271017403466 0.007999999999996362 0.3558542034806933 0.013132170775534177
0 0.468 0.007999999999996362 0.16666666424358936 0.013132170775534177
1 0.4034018109902147 0.49799999999999633 0.2188036219804294 0.013132170775534177
0 0.294 0.49799999999999633 0.16666666424358936 0.013132170775534177
1 0.978 0.064 0.044 0.011673040689362096
0 0.9415416671967148 0.064 0.11691666560657041 0.011673040689362096
1 0.04996810138473779 0.442 0.09993620276947558 0.011673040689362096
1 0.7244272468268268 0.532 0.2968544936536537 0.002918260172344162