1 0.32545948026664884 0.17599999999999819 0.6109189605332976 0.06420172379150972
0 0.07249999909134612 0.17599999999999819 0.14499999818269224 0.06420172379150972
1 0.976 0.5819999999999982 0.048 0.03355999198192512
0 0.9239166674238786 0.5819999999999982 0.15216666515224278 0.03355999198192512
1 0.5627709113467363 0.344 0.6495418226934726 0.0306417318095846
0 0.238 0.344 0.12499999818269135 0.0306417318095846
1 0.927 0.382 0.146 0.029182601723412516
0 0.854 0.382 0.062499999091345675 0.029182601723412516
1 0.7130191835541109 0.3319999999999982 0.1700383671082218 0.026264341551071994
0 0.6280000000000009 0.3319999999999982 0.22916666333493596 0.026264341551071994
1 0.04256489457457838 0.5479999999999982 0.08512978914915675 0.026264341551071994
1 0.846 0.26400000000000184 0.308 0.020427821206390945
0 0.692000000000001 0.26400000000000184 0.22916666333493596 0.020427821206390945
1 0.895 0.44199999999999817 0.21 0.018968691120218865
0 0.7900000000000009 0.44199999999999817 0.2499999963653845 0.018968691120218865
1 0.19494861503795438 0.256 0.15389723007590875 0.014591300861706258
0 0.118 0.256 0.020833333030448556 0.014591300861706258
0 0.9887500004543271 0.5320000000000018 0.02249999909134567 0.013132170775537815
1 0.684 0.4620000000000018 0.632 0.011673040689365734
0 0.368 0.4620000000000018 0.10416666515224278 0.011673040689365734
1 0.32522776252537644 0.9059999999999981 0.4584555250507528 0.010213910603193653
0 0.09600000000000046 0.9059999999999981 0.1041666651522437 0.010213910603193653
1 0.5341575669220847 0.23 0.1603151338441694 0.008754780517025211
0 0.454 0.23 0.10416666515224278 0.008754780517025211
1 0.982 0.468 0.036 0.008754780517025211
0 0.9507500004543271 0.468 0.09849999909134567 0.008754780517025211