1 0.5920975786025956 0.304 0.47619515720519123 0.03939651232660981
0 0.3540000000000005 0.304 0.14583333121314082 0.03939651232660981
1 0.044572671371786325 0.752 0.08914534274357265 0.023346081378724192
1 0.986 0.486 0.028 0.018968691120215226
0 0.9547500004543271 0.486 0.09049999909134566 0.018968691120215226
1 0.3371705372188426 0.9972578272199462 0.2703410744376852 0.005484345560107613
0 0.202 0.9972578272199462 0.2499999963653845 0.005484345560107613
1 0.877 0.13600000000000728 0.246 0.017509561034050422
0 0.754 0.13600000000000728 0.2499999963653845 0.017509561034050422
1 0.856 0.3800000000000073 0.288 0.017509561034050422
0 0.7119999999999995 0.3800000000000073 0.20833333030448647 0.017509561034050422
1 0.34705533666707244 0.4060000000000073 0.18211067333414485 0.013132170775541454
0 0.25599999999999956 0.4060000000000073 0.16666666424358936 0.013132170775541454
1 0.07440983160872565 0.266 0.1488196632174513 0.010213910603197292
1 0.3714677962343999 0.18 0.18693559246879976 0.008754780517017934
0 0.27800000000000047 0.18 0.12499999818269225 0.008754780517017934
1 0.38121761263740156 0.3579999999999927 0.18643522527480308 0.007295650430853129
0 0.2880000000000005 0.3579999999999927 0.08333333212179514 0.007295650430853129
1 0.07770698673986226 0.5059999999999927 0.15541397347972452 0.007295650430853129
1 0.9470665969319616 0.868 0.10213319386392322 0.002