1 0.883 0.3999999999999991 0.234 0.03210086189575486
0 0.7660000000000005 0.3999999999999991 0.14583333121314082 0.03210086189575486
1 0.4568689580996443 0.8579999999999991 0.6417379161992885 0.024805211464901732
0 0.13599999999999954 0.8579999999999991 0.16666666424358936 0.024805211464901732
1 0.31862608186748637 0.416 0.3852521637349728 0.01605043094787834
0 0.12600000000000044 0.416 0.14583333121314082 0.01605043094787834
1 0.7376264866824304 0.766 0.39925297336486076 0.01605043094787834
0 0.5380000000000005 0.766 0.14583333121314082 0.01605043094787834
1 0.2912101147853268 0.913999999999999 0.45842022957065365 0.013132170775535997
0 0.07787499931850925 0.913999999999999 0.1557499986370185 0.013132170775535997
1 0.812 0.244 0.376 0.007295650430853129
0 0.6240000000000004 0.244 0.08333333212179514 0.007295650430853129
1 0.03570344925157087 0.654 0.07140689850314175 0.0043773902585126055