1 0.4353337545574177 0.854 0.20666750911483542 0.030641731809591875
0 0.3320000000000009 0.854 0.1458333312131417 0.030641731809591875
1 0.6262166336411583 0.864 0.2164332672823166 0.030641731809591875
0 0.5180000000000009 0.864 0.16666666424359028 0.030641731809591875
1 0.5289170268742546 0.19199999999999273 0.32583405374850916 0.021886951292559388
0 0.366 0.19199999999999273 0.12499999818269135 0.021886951292559388
1 0.5262229435272675 0.33399999999999275 0.408445887054535 0.021886951292559388
0 0.3220000000000009 0.33399999999999275 0.2499999963653845 0.021886951292559388
1 0.7047267992307134 0.672 0.22145359846142673 0.018968691120215226
0 0.594 0.672 0.12499999818269135 0.018968691120215226
1 0.986 0.007012607736964128 0.028 0.014025215473928257
0 0.9443333339391029 0.007012607736964128 0.11133333212179423 0.014025215473928257
1 0.7227429609559467 0.6039999999999928 0.14948592191189344 0.016050430947871064
0 0.648 0.6039999999999928 0.08333333212179422 0.016050430947871064
1 0.05310409492488361 0.9179999999999927 0.10620818984976722 0.016050430947871064
1 0.932 0.454 0.136 0.014591300861706258
0 0.8640000000000009 0.454 0.1458333312131417 0.014591300861706258
1 0.8633492783402634 0.19800000000000728 0.21469855668052695 0.013132170775541454
0 0.756 0.19800000000000728 0.12499999818269135 0.013132170775541454
1 0.965 0.6159999999999928 0.07 0.011673040689362096
0 0.9233333339391029 0.6159999999999928 0.15333333212179423 0.011673040689362096
1 0.8859707907576986 0.016 0.21594158151539705 0.010213910603197292
0 0.778 0.016 0.10416666515224278 0.010213910603197292
1 0.4595812484832331 0.01 0.31916249696646626 0.005836520344688324
0 0.3 0.01 0.062499999091345675 0.005836520344688324