1 0.26361673782792516 0.23600000000000365 0.5272334756558503 0.02626434155107563
0 0.044916665606570406 0.23600000000000365 0.08983333121314081 0.02626434155107563
1 0.0332031470134948 0.262 0.0664062940269896 0.021886951292559388
1 0.781 0.3539999999999964 0.438 0.020427821206387305
0 0.5620000000000009 0.3539999999999964 0.1458333312131417 0.020427821206387305
1 0.0714721175273121 0.5800000000000036 0.1429442350546242 0.01605043094787834
1 0.511583885776744 0.048 0.3111677715534879 0.014591300861706258
0 0.3560000000000009 0.048 0.1458333312131417 0.014591300861706258
1 0.7648511112289962 0.20799999999999635 0.4697022224579923 0.013132170775534177
0 0.5300000000000009 0.20799999999999635 0.1458333312131417 0.013132170775534177
1 0.7835322785386761 0.374 0.3110645570773522 0.010213910603197292
0 0.628 0.374 0.12499999818269135 0.010213910603197292
1 0.857 0.6839999999999964 0.286 0.005836520344681048
0 0.714 0.6839999999999964 0.062499999091345675 0.005836520344681048