1 0.343356926135466 0.43400000000000727 0.13071385227093196 0.04231477249895397
0 0.2779999999999982 0.43400000000000727 0.18749999727403702 0.04231477249895397
1 0.4211446362193019 0.402 0.3942892724386038 0.030641731809591875
0 0.22399999999999817 0.402 0.22916666333493413 0.030641731809591875
1 0.21894088976657622 0.48 0.43788177953315244 0.030641731809591875
1 0.2635207954267953 0.376 0.5110415908535906 0.029182601723412516
0 0.0717083323489569 0.376 0.1434166646979138 0.029182601723412516
1 0.45340021185737533 0.956 0.15480042371475064 0.020427821206394584
0 0.376 0.956 0.12499999818269135 0.020427821206394584
1 0.3026700049000046 0.662 0.39334000980000927 0.018968691120215226
0 0.11549999909134567 0.662 0.23099999818269135 0.018968691120215226
1 0.4663139376457366 0.5179999999999927 0.13662787529147316 0.016050430947871064
0 0.398 0.5179999999999927 0.20833333030448556 0.016050430947871064
1 0.060358726161535745 0.7579999999999927 0.12071745232307149 0.016050430947871064
1 0.7857977533120211 0.7879999999999927 0.16759550662404218 0.016050430947871064
0 0.7019999999999982 0.7879999999999927 0.1458333312131399 0.016050430947871064
1 0.932 0.174 0.136 0.004377390258508967
0 0.8639999999999982 0.174 0.062499999091345675 0.004377390258508967