1 0.884 0.3040000000000018 0.232 0.06566085387768181
0 0.768 0.3040000000000018 0.062499999091345675 0.06566085387768181
1 0.6485377538488014 0.488 0.1730755076976029 0.021886951292559388
0 0.5620000000000005 0.488 0.08333333212179514 0.021886951292559388
1 0.41149134019166106 0.912 0.3069826803833221 0.014591300861706258
0 0.25799999999999956 0.912 0.16666666424358936 0.014591300861706258
1 0.1686888803708234 0.4160000000000018 0.22937776074164684 0.011673040689365734
0 0.05400000000000023 0.4160000000000018 0.062499999091346126 0.011673040689365734
1 0.8597053612677801 0.41 0.26741072253556014 0.008754780517025211
0 0.726 0.41 0.062499999091345675 0.008754780517025211
1 0.966 0.112 0.068 0.005836520344681048
0 0.932 0.112 0.062499999091345675 0.005836520344681048
1 0.6808533629892035 0.322 0.2577067259784071 0.005836520344681048
1 0.3018946371290717 0.628 0.23578927425814344 0.005836520344681048
0 0.184 0.628 0.04166666606089711 0.005836520344681048