1 0.20932248630620165 0.03000000000000364 0.2866449726124033 0.0189686911202225
0 0.066 0.03000000000000364 0.12499999818269225 0.0189686911202225
0 0.9633333339391027 0.20600000000000362 0.07333333212179469 0.01605043094787834
1 0.7429191127959598 0.036 0.26983822559191956 0.014591300861706258
0 0.608 0.036 0.12499999818269225 0.014591300861706258
1 0.945 0.262 0.11 0.014591300861706258
0 0.89 0.262 0.14583333121314082 0.014591300861706258
1 0.6636909832216479 0.808 0.23938196644329582 0.014591300861706258
0 0.544 0.808 0.14583333121314082 0.014591300861706258
1 0.6578302107049067 0.648 0.29166042140981335 0.011673040689362096
0 0.5119999999999998 0.648 0.08333333212179468 0.011673040689362096