1 0.426966080299012 0.97 0.21793216059802398 0.023346081378724192
0 0.31800000000000045 0.97 0.1041666651522437 0.023346081378724192
1 0.952 0.254 0.096 0.020427821206394584
0 0.9040000000000005 0.254 0.14583333121314082 0.020427821206394584
1 0.08903190106354895 0.486 0.1780638021270979 0.018968691120215226
0 0.01724999954567329 0.486 0.03449999909134658 0.018968691120215226
1 0.789 0.646 0.422 0.018968691120215226
0 0.578 0.646 0.2499999963653845 0.018968691120215226
1 0.029827366171326957 0.13600000000000728 0.059654732342653914 0.017509561034050422
1 0.5545238799872781 0.9299999999999927 0.6450477599745563 0.011673040689362096
0 0.23200000000000046 0.9299999999999927 0.12499999818269225 0.011673040689362096
1 0.6812940835568156 0.9479999999999927 0.22658816711363125 0.011673040689362096
0 0.5679999999999995 0.9479999999999927 0.16666666424358936 0.011673040689362096
1 0.6256201634696986 0.24 0.11524032693939716 0.010213910603197292
0 0.568 0.24 0.020833333030448556 0.010213910603197292
1 0.887 0.75 0.226 0.005836520344688324
0 0.774 0.75 0.062499999091345675 0.005836520344688324