1 0.833 0.094 0.334 0.04815129284362774
0 0.6659999999999996 0.094 0.4791666597003195 0.04815129284362774
1 0.3072292861936394 0.16800000000000728 0.6144585723872787 0.03210086189575668
0 0.08554166537940683 0.16800000000000728 0.17108333075881366 0.03210086189575668
1 0.887 0.208 0.226 0.02480521146490355
0 0.7740000000000005 0.208 0.1041666651522437 0.02480521146490355
1 0.914 0.178 0.172 0.023346081378724192
0 0.8280000000000004 0.178 0.08333333212179514 0.023346081378724192
1 0.6365458925407119 0.18200000000000727 0.22509178508142394 0.013132170775541454
0 0.5240000000000005 0.18200000000000727 0.08333333212179514 0.013132170775541454
1 0.7168793883137959 0.03 0.557758776627592 0.010213910603197292
0 0.43800000000000044 0.03 0.1041666651522437 0.010213910603197292