1 0.07952474648125644 0.6 0.1590494929625129 0.03939651232660981
1 0.06207526661639167 0.612 0.12415053323278334 0.03939651232660981
1 0.19181772573593298 0.8899999999999963 0.38363545147186595 0.027723471637240437
0 0.012874999318508345 0.8899999999999963 0.02574999863701669 0.027723471637240437
1 0.5624413276715022 0.7260000000000036 0.15688265534300444 0.023346081378731467
0 0.484 0.7260000000000036 0.08333333212179422 0.023346081378731467
1 0.114750417072446 0.058 0.229500834144892 0.021886951292559388
1 0.1870298810795339 0.07 0.3740597621590678 0.021886951292559388
1 0.14573718084904977 0.5119999999999963 0.14747436169809952 0.020427821206387305
0 0.10891666560657177 0.5119999999999963 0.21783333121314355 0.020427821206387305
1 0.06997840273099064 0.3200000000000036 0.13995680546198128 0.01605043094787834
0 0.03966666606089712 0.3200000000000036 0.07933333212179423 0.01605043094787834
1 0.3002933655643064 0.6299999999999963 0.15258673112861287 0.013132170775534177
0 0.224 0.6299999999999963 0.12499999818269135 0.013132170775534177
1 0.6790836734753557 0.074 0.30216734695071135 0.011673040689362096
0 0.528 0.074 0.16666666424358845 0.011673040689362096
1 0.18945686403032413 0.484 0.14691372806064829 0.011673040689362096
0 0.116 0.484 0.12499999818269135 0.011673040689362096
1 0.4945679178090941 0.048 0.14913583561818813 0.007295650430853129
0 0.4199999999999982 0.048 0.10416666515224278 0.007295650430853129