0 0.9501250006814908 0.21799999999999636 0.09974999863701851 0.020427821206387305
1 0.948 0.09800000000000364 0.104 0.0189686911202225
0 0.8960000000000009 0.09800000000000364 0.18749999727403882 0.0189686911202225
1 0.4649726857409196 0.28 0.3499453714818392 0.014591300861706258
0 0.29 0.28 0.12499999818269135 0.014591300861706258
1 0.44471751557417977 0.816 0.22543503114835947 0.014591300861706258
0 0.3320000000000009 0.816 0.2083333303044874 0.014591300861706258
1 0.7322487943805082 0.8499999999999928 0.32049758876101625 0.011673040689362096
0 0.572000000000001 0.8499999999999928 0.16666666424359028 0.011673040689362096
1 0.948 0.164 0.104 0.010213910603197292
0 0.896 0.164 0.12499999818269135 0.010213910603197292