1 0.36428805745188036 0.8640000000000073 0.40057611490376077 0.03210086189575668
0 0.164 0.8640000000000073 0.020833333030448556 0.03210086189575668
1 0.3024114699219845 0.9981634796553189 0.5128229398439689 0.0036730406893620967
0 0.1011249988641821 0.9981634796553189 0.2022499977283642 0.0036730406893620967
1 0.341004611943521 0.826 0.394009223887042 0.018968691120215226
0 0.1440000000000009 0.826 0.22916666333493596 0.018968691120215226
1 0.15364605168630804 0.3980000000000073 0.3072921033726161 0.013132170775541454
0 0.005833333030448557 0.3980000000000073 0.011666666060897115 0.013132170775541454
1 0.43768760611491236 0.49400000000000727 0.09137521222982468 0.013132170775541454
0 0.3920000000000009 0.49400000000000727 0.18749999727403882 0.013132170775541454
1 0.03725533982467459 0.5819999999999927 0.07451067964934918 0.011673040689362096
1 0.39987455946828776 0.9179999999999927 0.31974911893657554 0.011673040689362096
0 0.24 0.9179999999999927 0.12499999818269135 0.011673040689362096
1 0.7560456537895607 0.062 0.29209130757912133 0.010213910603197292
0 0.61 0.062 0.08333333212179422 0.010213910603197292
1 0.913 0.94 0.174 0.010213910603197292
0 0.826 0.94 0.04166666606089711 0.010213910603197292
1 0.7219197139945372 0.104 0.20383942798907448 0.008754780517017934