1 0.10857987710215912 0.6779999999999964 0.21715975420431824 0.027723471637240437
0 0.8990833343934296 0.23600000000000365 0.20183333121314082 0.02626434155107563
1 0.06913664005017699 0.7280000000000036 0.13827328010035397 0.023346081378731467
1 0.7526569755063701 0.086 0.41731395101274027 0.021886951292559388
0 0.544 0.086 0.27083332939583304 0.021886951292559388
1 0.891 0.262 0.218 0.021886951292559388
0 0.7819999999999996 0.262 0.18749999727403793 0.021886951292559388
1 0.26883007479910476 0.23000000000000365 0.5376601495982095 0.0189686911202225
1 0.08017330944578226 0.51 0.1603466188915645 0.017509561034050422
1 0.858 0.5800000000000036 0.284 0.01605043094787834
0 0.716 0.5800000000000036 0.22916666333493596 0.01605043094787834
1 0.06895698605359257 0.078 0.13791397210718515 0.014591300861706258
1 0.7911263894647305 0.316 0.4102527789294609 0.014591300861706258
0 0.5859999999999995 0.316 0.16666666424358936 0.014591300861706258
1 0.20161420625656 0.366 0.37922841251312 0.014591300861706258
0 0.04245833280328543 0.366 0.08491666560657087 0.014591300861706258
1 0.05301695982692445 0.62 0.1060339196538489 0.014591300861706258
1 0.6044938635163457 0.25199999999999634 0.27298772703269153 0.013132170775534177
0 0.46800000000000047 0.25199999999999634 0.14583333121314082 0.013132170775534177
1 0.6563969814350735 0.516 0.26879396287014695 0.011673040689362096
0 0.5220000000000005 0.516 0.08333333212179514 0.011673040689362096
1 0.739 0.0014591300861684431 0.522 0.0029182601723368863
0 0.4780000000000005 0.0014591300861684431 0.08333333212179514 0.0029182601723368863