0 0.9391250006814907 0.5420000000000073 0.1217499986370185 0.05690607336066023
1 0.27871046921501963 0.252 0.2374209384300393 0.029182601723412516
0 0.16 0.252 0.10416666515224278 0.029182601723412516
1 0.425225550232899 0.5400000000000073 0.2944511004657979 0.027723471637247712
0 0.2780000000000009 0.5400000000000073 0.16666666424359028 0.027723471637247712
1 0.20945756368796536 0.9180000000000073 0.41891512737593073 0.027723471637247712
0 0.013249999545672835 0.9180000000000073 0.02649999909134567 0.027723471637247712
1 0.06879358233247512 0.9439999999999927 0.13758716466495025 0.026264341551068354
1 0.883 0.744 0.234 0.02480521146490355
0 0.7660000000000009 0.744 0.18749999727403882 0.02480521146490355
1 0.6157086186466777 0.006836520344681048 0.37141723729335535 0.013673040689362096
0 0.43000000000000094 0.006836520344681048 0.16666666424359028 0.013673040689362096
1 0.8590924534753013 0.6919999999999927 0.20618490695060246 0.021886951292559388
0 0.756 0.6919999999999927 0.020833333030448556 0.021886951292559388
1 0.04828160505821779 0.37 0.09656321011643558 0.018968691120215226
0 0.9495416671967151 0.868 0.10091666560656995 0.018968691120215226
0 0.9819583337119393 0.3200000000000073 0.03608333257612139 0.017509561034050422
1 0.2418121808669848 0.1 0.3596243617339696 0.014591300861706258
0 0.06745833280328588 0.1 0.13491666560657176 0.014591300861706258
1 0.8300651571098879 0.57 0.32413031421977573 0.014591300861706258
0 0.6680000000000009 0.57 0.1458333312131417 0.014591300861706258
1 0.5418817472483688 0.47600000000000725 0.17976349449673762 0.013132170775541454
0 0.452 0.47600000000000725 0.08333333212179422 0.013132170775541454
1 0.927 0.20799999999999272 0.146 0.011673040689362096
0 0.854 0.20799999999999272 0.10416666515224278 0.011673040689362096
1 0.48101961649284114 0.672 0.36203923298568225 0.008754780517017934
0 0.3 0.672 0.10416666515224278 0.008754780517017934
1 0.7878578200148768 0.3539999999999927 0.25971564002975356 0.007295650430853129
0 0.658 0.3539999999999927 0.08333333212179422 0.007295650430853129
1 0.7249456116069442 0.768 0.06989122321388823 0.004377390258508967