1 0.11179917264770302 0.722 0.22359834529540604 0.029182601723412516
1 0.845 0.9359999999999982 0.31 0.026264341551071994
0 0.6899999999999982 0.9359999999999982 0.22916666333493413 0.026264341551071994
1 0.03829391110405413 0.818 0.07658782220810827 0.021886951292559388
1 0.26350490650923164 0.6460000000000018 0.4470098130184633 0.020427821206390945
0 0.05124999954567284 0.6460000000000018 0.10249999909134568 0.020427821206390945
1 0.742 0.7239999999999982 0.516 0.018968691120218865
0 0.484 0.7239999999999982 0.20833333030448556 0.018968691120218865
1 0.34870368876048813 0.7739999999999981 0.4454073775209763 0.018968691120218865
0 0.126 0.7739999999999981 0.08333333212179422 0.018968691120218865
1 0.845 0.7599999999999982 0.31 0.017509561034046783
0 0.69 0.7599999999999982 0.16666666424358845 0.017509561034046783
1 0.11559980645587893 0.9699999999999982 0.23119961291175786 0.017509561034046783
1 0.09917280937783471 0.272 0.19834561875566942 0.01605043094787834
1 0.6339634111879986 0.086 0.1679268223759973 0.011673040689365734
0 0.5499999999999982 0.086 0.1458333312131399 0.011673040689365734
0 0.9549583337119384 0.9080000000000018 0.0900833325761232 0.011673040689365734
1 0.371536404843162 0.9859999999999982 0.29507280968632404 0.010213910603193653
0 0.224 0.9859999999999982 0.12499999818269135 0.010213910603193653
1 0.2788527500236014 0.39 0.3057055000472028 0.008754780517025211
0 0.126 0.39 0.08333333212179422 0.008754780517025211
1 0.1799174418695693 0.546 0.3598348837391386 0.008754780517025211
0 0.9863750002271626 0.792 0.027249999545674655 0.008754780517025211