1 0.8149202893055972 0.506 0.26584057861119437 0.07441563439471065
0 0.682 0.506 0.08333333212179422 0.07441563439471065
1 0.83 0.9140000000000073 0.34 0.037937382240445
0 0.66 0.9140000000000073 0.4374999936394233 0.037937382240445
1 0.733 0.01538999799548037 0.534 0.03077999599096074
0 0.4659999999999982 0.01538999799548037 0.27083332939583127 0.03077999599096074
1 0.641 0.208 0.718 0.02480521146490355
0 0.2819999999999982 0.208 0.1458333312131399 0.02480521146490355
1 0.3124711524680042 0.838 0.6249423049360084 0.02480521146490355
1 0.35901013851994323 0.852 0.6100202770398864 0.02480521146490355
0 0.06345833280328407 0.852 0.12691666560656814 0.02480521146490355
0 0.9611666669695514 0.192 0.07766666606089712 0.023346081378724192
1 0.662 0.148 0.676 0.020427821206394584
0 0.324 0.148 0.12499999818269135 0.020427821206394584
1 0.829606653831519 0.642 0.271213307663038 0.020427821206394584
0 0.6939999999999982 0.642 0.1458333312131399 0.020427821206394584
1 0.27579772296474947 0.682 0.5515954459294989 0.018968691120215226
0 0.019874999318508346 0.682 0.03974999863701669 0.018968691120215226
1 0.912 0.7560000000000072 0.176 0.017509561034050422
0 0.8239999999999982 0.7560000000000072 0.18749999727403702 0.017509561034050422
1 0.48443470530710875 0.9420000000000073 0.25286941061421747 0.017509561034050422
0 0.358 0.9420000000000073 0.12499999818269135 0.017509561034050422
1 0.13661855918833862 0.45999999999999275 0.27323711837667725 0.016050430947871064
1 0.3299890923957319 0.8719999999999927 0.4879781847914637 0.016050430947871064
0 0.0950833325761214 0.8719999999999927 0.1901666651522428 0.016050430947871064
1 0.08973813664506815 0.9079999999999927 0.1794762732901363 0.016050430947871064
1 0.944 0.088 0.112 0.014591300861706258
0 0.8879999999999982 0.088 0.1458333312131399 0.014591300861706258
1 0.614 0.246 0.772 0.014591300861706258
0 0.228 0.246 0.16666666424358845 0.014591300861706258
1 0.13287356133136383 0.652 0.24574712266272764 0.014591300861706258
0 0.031041666288059787 0.652 0.062083332576119574 0.014591300861706258
0 0.9731250006814899 0.9320000000000073 0.053749998637020326 0.013132170775541454
1 0.15664839991139343 0.7459999999999927 0.31329679982278685 0.011673040689362096
0 0.009249999545672835 0.7459999999999927 0.01849999909134567 0.011673040689362096
1 0.641 0.7819999999999927 0.718 0.011673040689362096
0 0.2819999999999982 0.7819999999999927 0.1458333312131399 0.011673040689362096
1 0.4021612859135967 0.332 0.34832257182719334 0.010213910603197292
0 0.228 0.332 0.08333333212179422 0.010213910603197292
1 0.96 0.228 0.08 0.008754780517017934
0 0.9199999999999982 0.228 0.062499999091345675 0.008754780517017934
1 0.09178305035395169 0.236 0.18356610070790338 0.008754780517017934
0 0.9837500004543271 0.796 0.03249999909134567 0.008754780517017934
1 0.5490044948778777 0.132 0.4500089897557555 0.005836520344688324