1 0.25095692583374785 0.258 0.5019138516674957 0.05836520344682503
0 0.030124998864182545 0.258 0.06024999772836509 0.05836520344682503
1 0.8490989532124309 0.6880000000000073 0.2661979064248617 0.04231477249895397
0 0.716 0.6880000000000073 0.2499999963653845 0.04231477249895397
1 0.94 0.578 0.12 0.03939651232660981
0 0.8800000000000004 0.578 0.12499999818269225 0.03939651232660981
0 0.9899583337119393 0.008930867909315566 0.020083332576121393 0.017861735818631132
1 0.5425121704988778 0.08799999999999272 0.7770243409977556 0.026264341551068354
0 0.154 0.08799999999999272 0.22916666333493596 0.026264341551068354
1 0.20508671697478803 0.086 0.41017343394957606 0.02480521146490355
1 0.5093798956121945 0.64 0.4947597912243891 0.023346081378724192
0 0.262 0.64 0.29166666242628164 0.023346081378724192
1 0.20635821945880845 0.942 0.4127164389176169 0.023346081378724192
1 0.30273149622280154 0.11 0.25746299244560306 0.020427821206394584
0 0.17400000000000046 0.11 0.14583333121314082 0.020427821206394584
1 0.5055323137761097 0.962 0.42306462755221946 0.018968691120215226
0 0.2940000000000004 0.962 0.14583333121314082 0.018968691120215226
1 0.321206551188955 0.19000000000000727 0.25041310237791004 0.017509561034050422
0 0.19599999999999954 0.19000000000000727 0.18749999727403793 0.017509561034050422
1 0.869 0.516 0.262 0.014591300861706258
0 0.7380000000000004 0.516 0.14583333121314082 0.014591300861706258
1 0.34473371910404105 0.47800000000000725 0.12146743820808206 0.013132170775541454
0 0.2840000000000005 0.47800000000000725 0.08333333212179514 0.013132170775541454