1 0.5637518210345815 0.28600000000000364 0.2515036420691631 0.03355999198192876
0 0.4380000000000009 0.28600000000000364 0.22916666333493596 0.03355999198192876
1 0.43625431217091043 0.352 0.4925086243418209 0.03210086189575668
0 0.19000000000000092 0.352 0.29166666242628164 0.03210086189575668
1 0.29428464446374253 0.18599999999999636 0.3165692889274851 0.020427821206387305
0 0.1360000000000009 0.18599999999999636 0.18749999727403882 0.020427821206387305
1 0.833 0.5240000000000037 0.334 0.0189686911202225
0 0.6660000000000009 0.5240000000000037 0.18749999727403882 0.0189686911202225
1 0.839 0.774 0.322 0.017509561034050422
0 0.6780000000000009 0.774 0.16666666424359028 0.017509561034050422
1 0.45074467424876913 0.25 0.32948934849753825 0.014591300861706258
0 0.2860000000000009 0.25 0.1458333312131417 0.014591300861706258
1 0.974 0.22799999999999637 0.052 0.013132170775534177
0 0.9375416671967151 0.22799999999999637 0.12491666560656994 0.013132170775534177
1 0.11881493260624484 0.696 0.2376298652124897 0.011673040689362096
0 0.03345833280328588 0.696 0.06691666560657177 0.011673040689362096
1 0.5553910695054964 0.138 0.16678213901099298 0.010213910603197292
0 0.472 0.138 0.10416666515224278 0.010213910603197292
1 0.7131714345059036 0.40400000000000363 0.44234286901180714 0.008754780517025211
0 0.492 0.40400000000000363 0.08333333212179422 0.008754780517025211
1 0.17565510620967326 0.4460000000000036 0.3193102124193465 0.008754780517025211
0 0.023624999772836417 0.4460000000000036 0.047249999545672834 0.008754780517025211