1 0.7144012227025096 0.616 0.24880244540501917 0.02480521146490355
0 0.59 0.616 0.22916666333493596 0.02480521146490355
1 0.47655855904589955 0.634 0.12111711809179905 0.023346081378724192
0 0.416 0.634 0.22916666333493596 0.023346081378724192
1 0.14834456605108062 0.38599999999999274 0.22468913210216124 0.021886951292559388
0 0.059666666060897114 0.38599999999999274 0.11933333212179423 0.021886951292559388
1 0.8468259011344658 0.5880000000000073 0.2536518022689315 0.017509561034050422
0 0.7199999999999995 0.5880000000000073 0.16666666424358936 0.017509561034050422
1 0.6908256957096224 0.9380000000000073 0.24565139141924464 0.017509561034050422
0 0.5679999999999995 0.9380000000000073 0.16666666424358936 0.017509561034050422
1 0.865 0.074 0.27 0.010213910603197292
0 0.7300000000000004 0.074 0.14583333121314082 0.010213910603197292
1 0.93 0.6459999999999927 0.14 0.007295650430853129
0 0.86 0.6459999999999927 0.062499999091345675 0.007295650430853129
1 0.8592372674605971 0.9639999999999928 0.1264745349211944 0.007295650430853129
0 0.7960000000000005 0.9639999999999928 0.1041666651522437 0.007295650430853129