1 0.6303256139797759 0.46399999999999275 0.7326512279595517 0.055446943274480874
0 0.2639999999999982 0.46399999999999275 0.1458333312131399 0.055446943274480874
1 0.40793999667801656 0.924 0.3078799933560331 0.029182601723412516
0 0.254 0.924 0.20833333030448556 0.029182601723412516
0 0.9182500013629815 0.5260000000000072 0.16349999727403702 0.027723471637247712
1 0.08607822899746316 0.432 0.17215645799492632 0.023346081378724192
1 0.562311904730499 0.06399999999999273 0.832623809460998 0.021886951292559388
0 0.1459999999999982 0.06399999999999273 0.22916666333493413 0.021886951292559388
1 0.8835341309174546 0.598 0.2190682618349092 0.020427821206394584
0 0.7739999999999981 0.598 0.10416666515224278 0.020427821206394584
1 0.09624054400283785 0.3140000000000073 0.1924810880056757 0.017509561034050422
1 0.898 0.5120000000000072 0.204 0.017509561034050422
0 0.7959999999999982 0.5120000000000072 0.18749999727403702 0.017509561034050422
1 0.35722569230792034 0.492 0.25045138461584066 0.014591300861706258
0 0.23199999999999818 0.492 0.1458333312131399 0.014591300861706258
1 0.16109898669886571 0.834 0.1621979733977314 0.014591300861706258
0 0.08687499931850834 0.834 0.17374999863701668 0.014591300861706258
1 0.5486079970563805 0.014000000000007276 0.6532159941127611 0.013132170775541454
0 0.222 0.014000000000007276 0.12499999818269135 0.013132170775541454
1 0.5062852475880645 0.586 0.22057049517612903 0.008754780517017934
0 0.3959999999999982 0.586 0.10416666515224278 0.008754780517017934
1 0.39837326275830676 0.3559999999999927 0.24474652551661347 0.007295650430853129
0 0.276 0.3559999999999927 0.08333333212179422 0.007295650430853129