1 0.39973066971697335 0.922 0.1674613394339467 0.020427821206394584
0 0.316 0.922 0.12499999818269135 0.020427821206394584
0 0.9853333339391029 0.8880000000000072 0.029333332121794228 0.017509561034050422
1 0.4790472828738793 0.8999999999999927 0.17409456574775867 0.016050430947871064
0 0.392 0.8999999999999927 0.08333333212179422 0.016050430947871064
1 0.973 0.906 0.054 0.014591300861706258
0 0.9417500004543272 0.906 0.11649999909134567 0.014591300861706258
1 0.47867592959550165 0.868 0.17335185919100332 0.010213910603197292
0 0.392 0.868 0.08333333212179422 0.010213910603197292
1 0.5471832838722693 0.854 0.17836656774453877 0.008754780517017934
0 0.458 0.854 0.10416666515224278 0.008754780517017934