1 0.27649831674718733 0.44 0.5529966334943747 0.046692162757462935
1 0.96 0.36199999999999816 0.08 0.026264341551071994
0 0.9027083341662656 0.36199999999999816 0.19458333166746888 0.026264341551071994
1 0.609400867542543 0.974 0.394801735085086 0.023346081378731467
0 0.4119999999999982 0.974 0.18749999727403702 0.023346081378731467
1 0.04664991479199125 0.2579999999999982 0.0932998295839825 0.018968691120218865
1 0.20870761858588413 0.6199999999999982 0.41741523717176826 0.018968691120218865
1 0.2920483185007106 0.18 0.5840966370014212 0.01605043094787834
1 0.852 0.001918260172342343 0.296 0.003836520344684686
0 0.704 0.001918260172342343 0.08333333212179422 0.003836520344684686
1 0.24947086218573894 0.5520000000000018 0.1309417243714779 0.011673040689365734
0 0.1839999999999982 0.5520000000000018 0.10416666515224278 0.011673040689365734
1 0.6922295860476988 0.12199999999999818 0.40845917209539767 0.010213910603193653
0 0.48799999999999816 0.12199999999999818 0.1458333312131399 0.010213910603193653
1 0.20166042422634017 0.464 0.40332084845268035 0.007295650430853129
1 0.5884055875330633 0.508 0.13681117506612644 0.007295650430853129
0 0.52 0.508 0.08333333212179422 0.007295650430853129