1 0.13512596829007725 0.9079999999999991 0.2702519365801545 0.05544694327448633
1 0.8054708036930606 0.834000000000001 0.21494160738612117 0.03355999198192694
0 0.698 0.834000000000001 0.10416666515224278 0.03355999198192694
1 0.806 0.02 0.388 0.018968691120218865
0 0.6120000000000009 0.02 0.16666666424359028 0.018968691120218865
1 0.941 0.0800000000000009 0.118 0.0175095610340486
0 0.882 0.0800000000000009 0.12499999818269135 0.0175095610340486
1 0.43141532693645784 0.15400000000000091 0.2668306538729157 0.0175095610340486
0 0.298 0.15400000000000091 0.10416666515224278 0.0175095610340486
1 0.10998968785533907 0.1660000000000009 0.16797937571067814 0.0175095610340486
0 0.04424999954567284 0.1660000000000009 0.08849999909134568 0.0175095610340486
1 0.038702618993581385 0.982 0.07740523798716277 0.01605043094787834
1 0.7765958197638901 0.52 0.4171916395277804 0.014591300861706258
0 0.568000000000001 0.52 0.16666666424359028 0.014591300861706258
1 0.8087234767522222 0.08799999999999909 0.28544695350444454 0.013132170775535997
0 0.6660000000000009 0.08799999999999909 0.1458333312131417 0.013132170775535997
1 0.8747695244654142 0.32799999999999907 0.20153904893082836 0.013132170775535997
0 0.7740000000000009 0.32799999999999907 0.18749999727403882 0.013132170775535997
1 0.7016987278965143 0.8820000000000009 0.41939745579302873 0.010213910603195472
0 0.492 0.8820000000000009 0.04166666606089711 0.010213910603195472
1 0.936 0.15799999999999909 0.128 0.008754780517023391
0 0.872 0.15799999999999909 0.12499999818269135 0.008754780517023391
1 0.554466710157335 0.6419999999999991 0.10093342031467001 0.008754780517023391
0 0.504 0.6419999999999991 0.12499999818269135 0.008754780517023391
1 0.8509854157876107 0.9119999999999991 0.10997083157522138 0.008754780517023391
0 0.796 0.9119999999999991 0.062499999091345675 0.008754780517023391
1 0.931 0.036 0.138 0.007295650430853129
0 0.862 0.036 0.08333333212179422 0.007295650430853129
1 0.86 0.572 0.28 0.007295650430853129
0 0.72 0.572 0.062499999091345675 0.007295650430853129
1 0.840140030706033 0.9780000000000009 0.21628006141206607 0.005836520344682867
0 0.732 0.9780000000000009 0.08333333212179422 0.005836520344682867