1 0.797 0.342 0.406 0.045233032671298135
0 0.5940000000000004 0.342 0.37499999454807675 0.045233032671298135
1 0.8287965537247973 0.3760000000000073 0.33759310744959475 0.037937382240445
0 0.66 0.3760000000000073 0.3124999954567302 0.037937382240445
1 0.5922114452166742 0.524 0.3844228904333486 0.030641731809591875
0 0.4 0.524 0.27083332939583304 0.030641731809591875
1 0.22362212255102487 0.194 0.21124424510204973 0.02480521146490355
0 0.11799999999999977 0.194 0.1249999981826918 0.02480521146490355
1 0.928 0.592 0.144 0.020427821206394584
0 0.8560000000000004 0.592 0.12499999818269225 0.020427821206394584
1 0.9089264128801238 0.904 0.17385282576024746 0.020427821206394584
0 0.8220000000000005 0.904 0.14583333121314082 0.020427821206394584
1 0.18516227340652722 0.424 0.2863245468130544 0.018968691120215226
0 0.06787499931850971 0.424 0.13574999863701942 0.018968691120215226
1 0.938 0.878 0.124 0.018968691120215226
0 0.876 0.878 0.22916666333493596 0.018968691120215226
1 0.043976928742050406 0.7380000000000073 0.08795385748410081 0.017509561034050422
0 0.9513333339391025 0.7700000000000072 0.09733333212179514 0.017509561034050422
1 0.884 0.07999999999999273 0.232 0.016050430947871064
0 0.7680000000000005 0.07999999999999273 0.14583333121314082 0.016050430947871064
1 0.47270371074812645 0.8079999999999927 0.23340742149625293 0.016050430947871064
0 0.3560000000000004 0.8079999999999927 0.1041666651522437 0.016050430947871064
1 0.6661924184904128 0.9977169573061183 0.25238483698082564 0.004566085387763451
0 0.5400000000000005 0.9977169573061183 0.12499999818269225 0.004566085387763451
1 0.8515291931066494 0.6719999999999927 0.25105838621329896 0.011673040689362096
0 0.7260000000000004 0.6719999999999927 0.08333333212179514 0.011673040689362096
1 0.4196902162497659 0.178 0.1473804324995317 0.010213910603197292
0 0.3460000000000005 0.178 0.1041666651522437 0.010213910603197292
1 0.2264352412616231 0.474 0.2168704825232462 0.010213910603197292
0 0.11799999999999977 0.474 0.08333333212179468 0.010213910603197292
0 0.9617500004543271 0.954 0.07649999909134567 0.008754780517017934