0 0.9164583346205927 0.7819999999999964 0.16708333075881454 0.035019122068093565
1 0.4270187682072119 0.132 0.6540375364144239 0.029182601723412516
0 0.11249999909134659 0.132 0.22499999818269317 0.029182601723412516
1 0.06994498778903108 0.5679999999999964 0.13988997557806215 0.027723471637240437
1 0.20102746392972404 0.54 0.4020549278594481 0.021886951292559388
0 0.011624999772836419 0.54 0.023249999545672837 0.021886951292559388
1 0.675 0.31599999999999634 0.65 0.020427821206387305
0 0.3500000000000009 0.31599999999999634 0.1458333312131417 0.020427821206387305
1 0.8427370943566767 0.14600000000000363 0.12147418871335322 0.0189686911202225
0 0.7819999999999981 0.14600000000000363 0.020833333030448556 0.0189686911202225
1 0.723 0.30000000000000365 0.554 0.0189686911202225
0 0.4459999999999982 0.30000000000000365 0.10416666515224278 0.0189686911202225
0 0.9805000009086543 0.618 0.03899999818269134 0.017509561034050422
1 0.7034403767677141 0.8 0.33888075353542807 0.017509561034050422
0 0.534 0.8 0.16666666424358845 0.017509561034050422
1 0.859 0.658 0.282 0.014591300861706258
0 0.7179999999999982 0.658 0.10416666515224278 0.014591300861706258
1 0.2480833220357963 0.8559999999999963 0.3201666440715926 0.013132170775534177
0 0.08800000000000091 0.8559999999999963 0.1458333312131417 0.013132170775534177
1 0.4903706782037807 0.8879999999999963 0.4327413564075614 0.013132170775534177
0 0.274 0.8879999999999963 0.12499999818269135 0.013132170775534177
1 0.924 0.598 0.152 0.010213910603197292
0 0.848 0.598 0.08333333212179422 0.010213910603197292
0 0.9791666669695515 0.978 0.04166666606089711 0.010213910603197292
1 0.951 0.464 0.098 0.007295650430853129
1 0.13789903151212365 0.292 0.2757980630242473 0.004377390258508967