1 0.6406267030518548 0.128 0.4492534061037095 0.036478252154265645
0 0.4160000000000009 0.128 0.22916666333493596 0.036478252154265645
0 0.9753333339391029 0.05399999999999636 0.04933333212179423 0.035019122068093565
1 0.705907312064276 0.806 0.2958146241285522 0.02480521146490355
0 0.5580000000000009 0.806 0.18749999727403882 0.02480521146490355
1 0.20364337647791944 0.21799999999999636 0.4072867529558389 0.020427821206387305
0 0.04387499931851016 0.21799999999999636 0.08774999863702032 0.020427821206387305
1 0.26874553370152987 0.09800000000000364 0.5374910674030597 0.0189686911202225
1 0.6849228532615743 0.3800000000000036 0.2778457065231487 0.0189686911202225
0 0.546 0.3800000000000036 0.08333333212179422 0.0189686911202225
1 0.675913194538738 0.3880000000000036 0.27982638907747603 0.0189686911202225
0 0.536 0.3880000000000036 0.08333333212179422 0.0189686911202225
1 0.5221527951067882 0.5200000000000037 0.5363055902135766 0.0189686911202225
0 0.2540000000000009 0.5200000000000037 0.22916666333493596 0.0189686911202225
1 0.7570011249587133 0.832 0.20200224991742652 0.018968691120215226
0 0.6560000000000009 0.832 0.16666666424359028 0.018968691120215226
1 0.909 0.27 0.182 0.011673040689362096
0 0.818 0.27 0.12499999818269135 0.011673040689362096
1 0.6333006229755128 0.5659999999999927 0.2826012459510257 0.011673040689362096
0 0.492 0.5659999999999927 0.10416666515224278 0.011673040689362096
1 0.02818186959808554 0.164 0.05636373919617108 0.010213910603197292
1 0.736 0.5 0.528 0.010213910603197292
0 0.472 0.5 0.12499999818269135 0.010213910603197292
1 0.952 0.616 0.096 0.010213910603197292
0 0.9040000000000009 0.616 0.1458333312131417 0.010213910603197292
1 0.5159452175022625 0.79 0.283890435004525 0.008754780517017934
0 0.374 0.79 0.062499999091345675 0.008754780517017934
1 0.5694357805654927 0.8619999999999928 0.19487156113098536 0.007295650430853129
0 0.472 0.8619999999999928 0.10416666515224278 0.007295650430853129
1 0.5715335106088796 0.9220000000000073 0.28706702121775923 0.002918260172344162