1 0.3760526519943596 0.084 0.7521053039887192 0.026264341551071994
0 0.05154166537940728 0.084 0.10308333075881455 0.026264341551071994
1 0.5221448045331799 0.8480000000000009 0.5202896090663598 0.021886951292561206
0 0.262 0.8480000000000009 0.12499999818269135 0.021886951292561206
1 0.4815480582381806 0.6559999999999991 0.1790961164763612 0.020427821206389127
0 0.3919999999999982 0.6559999999999991 0.18749999727403702 0.020427821206389127
1 0.5670834904457898 0.7539999999999991 0.17816698089157945 0.020427821206389127
0 0.4779999999999982 0.7539999999999991 0.10416666515224278 0.020427821206389127
1 0.2679107730949436 0.917999999999999 0.5118215461898872 0.020427821206389127
0 0.06329166583373262 0.917999999999999 0.12658333166746524 0.020427821206389127
1 0.16720636587961415 0.378 0.3344127317592283 0.01605043094787834
0 0.03687499931850834 0.378 0.07374999863701669 0.01605043094787834
1 0.6553872825827457 0.9943521747845734 0.17877456516549137 0.01129565043085313
0 0.5659999999999982 0.9943521747845734 0.22916666333493413 0.01129565043085313
1 0.5243040438009829 0.9659999999999991 0.17660808760196597 0.013132170775535997
0 0.43599999999999817 0.9659999999999991 0.062499999091345675 0.013132170775535997
1 0.1537476829996558 0.5 0.17549536599931162 0.011673040689365734
0 0.066 0.5 0.12499999818269135 0.011673040689365734
1 0.6566672162585255 0.1419999999999991 0.18133443251705103 0.008754780517023391
0 0.566 0.1419999999999991 0.12499999818269135 0.008754780517023391