1 0.37465171760604243 0.176 0.6573034352120849 0.033559991981921486
0 0.1011249988641821 0.176 0.2022499977283642 0.033559991981921486
1 0.783 0.27 0.434 0.033559991981921486
0 0.566 0.27 0.2499999963653827 0.033559991981921486
0 0.9589166674238786 0.202 0.08216666515224279 0.029182601723412516
1 0.962 0.3320000000000073 0.076 0.017509561034050422
0 0.9239999999999982 0.3320000000000073 0.1458333312131399 0.017509561034050422
1 0.859 0.2040000000000073 0.282 0.013132170775541454
0 0.7179999999999982 0.2040000000000073 0.1458333312131399 0.013132170775541454
1 0.07426607710531971 0.29800000000000726 0.14853215421063942 0.013132170775541454
1 0.2589061666777379 0.7759999999999927 0.48981233335547586 0.011673040689362096
0 0.043458332803285885 0.7759999999999927 0.08691666560657177 0.011673040689362096
1 0.15448668517656916 0.003553477650799323 0.2169733703531383 0.007106955301598646
0 0.0490416662880607 0.003553477650799323 0.0980833325761214 0.007106955301598646
1 0.4071368359324442 0.614 0.31027367186488847 0.010213910603197292
0 0.252 0.614 0.12499999818269135 0.010213910603197292
1 0.897 0.63 0.206 0.010213910603197292
0 0.794 0.63 0.08333333212179422 0.010213910603197292
1 0.5437562359378572 0.19 0.34751247187571427 0.008754780517017934
0 0.37 0.19 0.12499999818269135 0.008754780517017934
1 0.5979861538076365 0.162 0.23597230761527316 0.005836520344688324
0 0.4799999999999982 0.162 0.062499999091345675 0.005836520344688324