0 0.9629166674238786 0.2660000000000009 0.07416666515224278 0.021886951292561206
1 0.906 0.2859999999999991 0.188 0.020427821206389127
0 0.8120000000000009 0.2859999999999991 0.16666666424359028 0.020427821206389127
1 0.33276999047196115 0.8999999999999991 0.18953998094392227 0.020427821206389127
0 0.2380000000000009 0.8999999999999991 0.16666666424359028 0.020427821206389127
1 0.2072486029613301 0.9539999999999991 0.17849720592266022 0.020427821206389127
0 0.11800000000000091 0.9539999999999991 0.18749999727403882 0.020427821206389127
1 0.08977860870752556 0.422 0.17955721741505112 0.01605043094787834
0 0.026041666288060695 0.422 0.05208333257612139 0.01605043094787834
1 0.06352748227656775 0.442 0.1270549645531355 0.014591300861706258
1 0.7139809208000479 0.354 0.4319618416000958 0.007295650430853129
0 0.498 0.354 0.062499999091345675 0.007295650430853129