1 0.883 0.088 0.234 0.02480521146490355
0 0.766 0.088 0.20833333030448556 0.02480521146490355
1 0.5372202314463302 0.974 0.5184404628926604 0.023346081378724192
0 0.278 0.974 0.20833333030448556 0.023346081378724192
1 0.959 0.036 0.082 0.020427821206394584
0 0.9179999999999982 0.036 0.1458333312131399 0.020427821206394584
1 0.061101556314328266 0.11200000000000727 0.12220311262865653 0.017509561034050422
1 0.5815842302389083 0.7720000000000072 0.5191684604778165 0.017509561034050422
0 0.3219999999999982 0.7720000000000072 0.22916666333493413 0.017509561034050422
1 0.802 0.20999999999999272 0.396 0.016050430947871064
0 0.6039999999999982 0.20999999999999272 0.18749999727403702 0.016050430947871064
1 0.5930168120952639 0.8739999999999927 0.2620336241905279 0.016050430947871064
0 0.462 0.8739999999999927 0.20833333030448556 0.016050430947871064
1 0.5147609626530703 0.188 0.40552192530614045 0.014591300861706258
0 0.312 0.188 0.20833333030448556 0.014591300861706258
1 0.6758970434653347 0.42600000000000726 0.5357940869306694 0.013132170775541454
0 0.408 0.42600000000000726 0.12499999818269135 0.013132170775541454
1 0.964 0.15199999999999272 0.072 0.011673040689362096
0 0.9223333339391029 0.15199999999999272 0.15533333212179423 0.011673040689362096
1 0.5258480684776787 0.85 0.5156961369553573 0.010213910603197292
0 0.268 0.85 0.12499999818269135 0.010213910603197292