1 0.6891641038772869 0.82 0.2783282077545737 0.046692162757462935
0 0.5499999999999982 0.82 0.062499999091345675 0.046692162757462935
0 0.9877500004543271 0.346 0.024499999091345672 0.029182601723412516
1 0.5350369580020833 0.164 0.5140739160041666 0.023346081378731467
0 0.278 0.164 0.2499999963653827 0.023346081378731467
0 0.9179999999999982 0.08599999999999818 0.1458333312131399 0.017509561034046783
1 0.10956235862002359 0.238 0.21912471724004717 0.014591300861706258
0 0.0036249997728355085 0.238 0.007249999545671017 0.014591300861706258
1 0.802 0.87 0.396 0.014591300861706258
0 0.604 0.87 0.16666666424358845 0.014591300861706258
1 0.05053779881951596 0.6340000000000018 0.10107559763903191 0.013132170775537815
1 0.6707859509508635 0.20400000000000182 0.393571901901727 0.011673040689365734
0 0.4739999999999982 0.20400000000000182 0.10416666515224278 0.011673040689365734
1 0.3570826291860958 0.24600000000000183 0.3741652583721916 0.011673040689365734
0 0.16999999999999818 0.24600000000000183 0.18749999727403702 0.011673040689365734
1 0.0920893103084818 0.25600000000000184 0.1841786206169636 0.011673040689365734
1 0.6691969163168761 0.22399999999999817 0.39039383263375205 0.010213910603193653
0 0.474 0.22399999999999817 0.16666666424358845 0.010213910603193653
1 0.2301924734573404 0.218 0.24838494691468077 0.008754780517025211
0 0.106 0.218 0.12499999818269135 0.008754780517025211
1 0.5297404898764889 0.986 0.28748097975297787 0.007295650430853129
0 0.3859999999999982 0.986 0.10416666515224278 0.007295650430853129
1 0.15754816530814422 0.59 0.12709633061628847 0.005836520344681048