1 0.904 0.032 0.192 0.018968691120218865
0 0.808 0.032 0.12499999818269135 0.018968691120218865
1 0.4593524088909016 0.248 0.38670481778180327 0.018968691120218865
0 0.2660000000000009 0.248 0.16666666424359028 0.018968691120218865
1 0.06770153731485606 0.426 0.13540307462971213 0.01605043094787834
1 0.974 0.3039999999999991 0.052 0.013132170775535997
0 0.9427500004543272 0.3039999999999991 0.11449999909134567 0.013132170775535997
1 0.18702280894605974 0.31 0.3660456178921195 0.011673040689365734
0 0.022833333030448558 0.31 0.045666666060897115 0.011673040689365734
1 0.714 0.6420000000000018 0.572 0.011673040689365734
0 0.428 0.6420000000000018 0.12499999818269135 0.011673040689365734
1 0.4719230466078552 0.7140000000000019 0.19584609321571042 0.011673040689365734
0 0.374 0.7140000000000019 0.12499999818269135 0.011673040689365734
1 0.5078446553166795 0.9020000000000018 0.4636893106333591 0.011673040689365734
0 0.276 0.9020000000000018 0.08333333212179422 0.011673040689365734
1 0.345476504737524 0.9940000000000018 0.18295300947504803 0.011673040689365734
0 0.2540000000000009 0.9940000000000018 0.1458333312131417 0.011673040689365734
1 0.5605177482083346 0.07400000000000091 0.505035496416669 0.010213910603195472
0 0.308 0.07400000000000091 0.10416666515224278 0.010213910603195472
1 0.963 0.2020000000000009 0.074 0.010213910603195472
0 0.926 0.2020000000000009 0.08333333212179422 0.010213910603195472
0 0.9909583337119393 0.43399999999999817 0.018083332576121394 0.010213910603193653
1 0.8242057414852616 0.5739999999999982 0.20841148297052314 0.010213910603193653
0 0.72 0.5739999999999982 0.12499999818269135 0.010213910603193653
1 0.7312546466183594 0.006 0.1065092932367188 0.007295650430853129
1 0.7111717157861603 0.894 0.1983434315723207 0.007295650430853129
0 0.612 0.894 0.062499999091345675 0.007295650430853129
1 0.963 0.988 0.074 0.007295650430853129
0 0.926 0.988 0.08333333212179422 0.007295650430853129
1 0.23727769751553024 0.938 0.3545553950310605 0.005836520344681048
0 0.06 0.938 0.08333333212179422 0.005836520344681048