1 0.895 0.024767388253989338 0.21 0.049534776507978676
0 0.7856250015901441 0.024767388253989338 0.42874999681971165 0.049534776507978676
1 0.15541508842822624 0.36600000000000726 0.3108301768564525 0.03210086189575668
1 0.5076892035384281 0.5820000000000073 0.3673784070768561 0.027723471637247712
0 0.324 0.5820000000000073 0.20833333030448556 0.027723471637247712
1 0.4428036757218506 0.5920000000000073 0.3656073514437012 0.027723471637247712
0 0.26 0.5920000000000073 0.20833333030448556 0.027723471637247712
1 0.11688406781609047 0.656 0.23376813563218093 0.023346081378724192
1 0.825 0.456 0.35 0.020427821206394584
0 0.65 0.456 0.2499999963653827 0.020427821206394584
1 0.841 0.3639999999999927 0.318 0.016050430947871064
0 0.682 0.3639999999999927 0.08333333212179422 0.016050430947871064
0 0.9623333339391029 0.122 0.07533333212179423 0.014591300861706258
1 0.08361017798170178 0.638 0.16722035596340357 0.014591300861706258
1 0.5927732210394951 0.5719999999999927 0.12554644207899038 0.011673040689362096
0 0.5299999999999981 0.5719999999999927 0.10416666515224278 0.011673040689362096