1 0.918 0.28799999999999637 0.164 0.027723471637240437
0 0.836 0.28799999999999637 0.020833333030448556 0.027723471637240437
1 0.48415188370783746 0.8520000000000073 0.3803037674156749 0.027723471637247712
0 0.29399999999999976 0.8520000000000073 0.2291666633349355 0.027723471637247712
1 0.907 0.16199999999999637 0.186 0.013132170775534177
0 0.8139999999999997 0.16199999999999637 0.08333333212179468 0.013132170775534177
0 0.9569583337119391 0.002553477650799323 0.08608333257612184 0.005106955301598646
1 0.2941906293268835 0.336 0.540381258653767 0.010213910603197292
0 0.04324999954567306 0.336 0.08649999909134612 0.010213910603197292
1 0.06907634094543846 0.716 0.13815268189087693 0.010213910603197292
0 0.011041666288060697 0.716 0.022083332576121394 0.010213910603197292
1 0.8155887333301639 0.10000000000000364 0.19917746666032782 0.008754780517025211
0 0.7159999999999997 0.10000000000000364 0.10416666515224324 0.008754780517025211
1 0.7622161795727422 0.544 0.0684323591454845 0.008754780517017934
0 0.728 0.544 0.12499999818269225 0.008754780517017934