1 0.7125631379236301 0.672 0.15312627584726032 0.03210086189575532
0 0.636 0.672 0.10416666515224278 0.03210086189575532
1 0.6193736863843423 0.544 0.22674737276868473 0.020427821206389807
0 0.5060000000000009 0.544 0.18749999727403882 0.020427821206389807
1 0.08242074536176187 0.7 0.16484149072352375 0.020427821206389807
1 0.2912477125822197 0.16 0.28649542516443943 0.01605043094787766
0 0.1480000000000009 0.16 0.22916666333493596 0.01605043094787766
1 0.943 0.402 0.114 0.01605043094787766
0 0.8860000000000009 0.402 0.1458333312131417 0.01605043094787766
1 0.9147148658653769 0.438 0.1654297317307537 0.01605043094787766
0 0.832 0.438 0.08333333212179422 0.01605043094787766
1 0.954 0.304 0.092 0.014591300861706997
0 0.908 0.304 0.10416666515224278 0.014591300861706997
1 0.7744051841085102 0.464 0.08081036821702037 0.014591300861706997
0 0.734 0.464 0.10416666515224278 0.014591300861706997
1 0.20552966821714289 0.784 0.1990593364342858 0.013132170775536224
0 0.106 0.784 0.062499999091345675 0.013132170775536224
0 0.9811666669695515 0.952 0.037666666060897115 0.013132170775536224
1 0.3949148366136551 0.966 0.2098296732273102 0.011673040689365621
0 0.2900000000000009 0.966 0.1458333312131417 0.011673040689365621
1 0.894 0.942 0.212 0.010213910603194903
0 0.788 0.942 0.062499999091345675 0.010213910603194903
1 0.48015035023139446 0.334 0.2963007004627889 0.0058365203446828105
0 0.332 0.334 0.04166666606089711 0.0058365203446828105