1 0.899 0.08600000000000728 0.202 0.037937382240445
0 0.7979999999999982 0.08600000000000728 0.22916666333493413 0.037937382240445
1 0.06996123816770523 0.94 0.13992247633541047 0.029182601723412516
1 0.937 0.65 0.126 0.018968691120215226
0 0.874 0.65 0.2499999963653827 0.018968691120215226
1 0.12107026410264371 0.8 0.24214052820528742 0.018968691120215226
1 0.4086831847965368 0.5520000000000073 0.26136636959307363 0.017509561034050422
0 0.278 0.5520000000000073 0.16666666424358845 0.017509561034050422
1 0.18018541371812172 0.7200000000000073 0.36037082743624343 0.017509561034050422
0 0.029458332803284065 0.7200000000000073 0.05891666560656813 0.017509561034050422
0 0.9707500004543271 0.4139999999999927 0.05849999909134567 0.016050430947871064
1 0.2969004125341635 0.4 0.38180082506832697 0.014591300861706258
0 0.106 0.4 0.20833333030448556 0.014591300861706258
1 0.7619034034368997 0.746 0.2718068068737994 0.014591300861706258
0 0.626 0.746 0.12499999818269135 0.014591300861706258
1 0.06058795392158208 0.35800000000000726 0.12117590784316416 0.013132170775541454
1 0.867 0.47800000000000725 0.266 0.013132170775541454
0 0.7339999999999982 0.47800000000000725 0.1458333312131399 0.013132170775541454
0 0.928 0.9977169573061183 0.12499999818269135 0.004566085387763451
1 0.5648207417367558 0.826 0.26964148347351147 0.008754780517017934
1 0.056841828743656155 0.55 0.11368365748731231 0.005836520344688324
1 0.25312264257025524 0.372 0.25424528514051054 0.004377390258508967