1 0.064941846803295 0.26199999999999274 0.12988369360659 0.036478252154265645
1 0.884 0.182 0.232 0.033559991981921486
0 0.768 0.182 0.2499999963653845 0.033559991981921486
1 0.83 0.792 0.34 0.033559991981921486
0 0.66 0.792 0.2499999963653845 0.033559991981921486
1 0.044998156395102344 0.7079999999999927 0.08999631279020469 0.026264341551068354
1 0.8128689464879695 0.9539999999999927 0.24173789297593884 0.026264341551068354
0 0.6919999999999995 0.9539999999999927 0.16666666424358936 0.026264341551068354
1 0.4599219771463195 0.7859999999999927 0.22784395429263896 0.021886951292559388
0 0.34599999999999953 0.7859999999999927 0.16666666424358936 0.021886951292559388
1 0.12486468382613385 0.768 0.2497293676522677 0.018968691120215226
1 0.863 0.6760000000000073 0.274 0.017509561034050422
0 0.7260000000000004 0.6760000000000073 0.14583333121314082 0.017509561034050422
1 0.938 0.698 0.124 0.014591300861706258
0 0.8760000000000004 0.698 0.12499999818269225 0.014591300861706258
1 0.3215795083629537 0.19199999999999273 0.08315901672590735 0.011673040689362096
0 0.28000000000000047 0.19199999999999273 0.08333333212179514 0.011673040689362096
1 0.15127959229503357 0.324 0.15455918459006715 0.010213910603197292
0 0.07399999999999977 0.324 0.10416666515224324 0.010213910603197292
1 0.269855477503439 0.444 0.539710955006878 0.010213910603197292
0 0.009249999545673062 0.444 0.018499999091346125 0.010213910603197292
1 0.922 0.9219999999999927 0.156 0.007295650430853129
0 0.844 0.9219999999999927 0.062499999091345675 0.007295650430853129