1 0.4413061333888932 0.3499999999999927 0.3706122667777863 0.05106955301597191
0 0.256 0.3499999999999927 0.22916666333493596 0.05106955301597191
1 0.12020209965472395 0.486 0.2404041993094479 0.030641731809591875
0 0.016708332348958264 0.486 0.03341666469791653 0.030641731809591875
1 0.505927892455587 0.13600000000000728 0.19585578491117395 0.017509561034050422
0 0.408 0.13600000000000728 0.062499999091345675 0.017509561034050422
1 0.7300068641661601 0.9820000000000073 0.4040137283323202 0.017509561034050422
0 0.5279999999999996 0.9820000000000073 0.16666666424358936 0.017509561034050422
1 0.23545082187708613 0.8939999999999927 0.3709016437541722 0.016050430947871064
0 0.06145833280328543 0.8939999999999927 0.12291666560657086 0.016050430947871064
1 0.23501129660995912 0.648 0.47002259321991824 0.014591300861706258
1 0.10838735939840126 0.814 0.21677471879680252 0.014591300861706258
0 0.9927500004543272 0.29800000000000726 0.014499999091345672 0.013132170775541454
1 0.964 0.6660000000000073 0.072 0.013132170775541454
0 0.928 0.6660000000000073 0.062499999091345675 0.013132170775541454
1 0.07666459270199402 0.7640000000000072 0.15332918540398804 0.013132170775541454
0 0.007833333030449013 0.7640000000000072 0.015666666060898025 0.013132170775541454
1 0.32110194763629535 0.059999999999992726 0.4542038952725907 0.011673040689362096
0 0.09400000000000046 0.059999999999992726 0.08333333212179514 0.011673040689362096
1 0.05696827281019569 0.2919999999999927 0.11393654562039138 0.011673040689362096
0 0.976541667196715 0.7939999999999927 0.04691666560656995 0.011673040689362096
1 0.8667619997150309 0.6079999999999928 0.20152399943006186 0.007295650430853129
0 0.766 0.6079999999999928 0.062499999091345675 0.007295650430853129
1 0.6360994274818813 0.7839999999999927 0.39219885496376267 0.007295650430853129
0 0.44000000000000045 0.7839999999999927 0.08333333212179514 0.007295650430853129
1 0.937 0.8159999999999927 0.126 0.007295650430853129
1 0.662524055947129 0.884 0.401048111894258 0.005836520344688324