1 0.09638942503933685 0.40400000000000363 0.1927788500786737 0.055446943274488146
1 0.37757494971165034 0.344 0.7551498994233007 0.05398781318831607
1 0.6970243827846098 0.762 0.35004876556921954 0.0496104229298071
0 0.5219999999999981 0.762 0.18749999727403702 0.0496104229298071
1 0.8472852559269959 0.34399999999999636 0.17457051185399178 0.027723471637240437
0 0.76 0.34399999999999636 0.16666666424358845 0.027723471637240437
1 0.41191974881255555 0.8720000000000037 0.8238394976251111 0.02626434155107563
1 0.05037650480800403 0.22800000000000364 0.10075300961600805 0.023346081378731467
1 0.6210957020103015 0.47 0.674191404020603 0.021886951292559388
0 0.2839999999999982 0.47 0.10416666515224278 0.021886951292559388
1 0.3873854867695809 0.126 0.3147709735391618 0.017509561034050422
0 0.22999999999999818 0.126 0.22916666333493413 0.017509561034050422
1 0.5924109629778505 0.824 0.5088219259557009 0.014591300861706258
0 0.3379999999999982 0.824 0.10416666515224278 0.014591300861706258
1 0.6373235020870106 0.2919999999999964 0.16664700417402128 0.013132170775534177
0 0.554 0.2919999999999964 0.12499999818269135 0.013132170775534177
1 0.1479871469625814 0.5879999999999964 0.2959742939251628 0.013132170775534177