1 0.6906945659900757 0.316 0.18538913198015144 0.033559991981921486
0 0.598 0.316 0.312499995456732 0.033559991981921486
1 0.7475004835436557 0.614 0.3430009670873114 0.020427821206394584
0 0.576 0.614 0.20833333030448556 0.020427821206394584
1 0.33309125080708507 0.728 0.6661825016141701 0.018968691120215226
1 0.34338480545740097 0.93 0.3147696109148019 0.018968691120215226
0 0.1859999999999982 0.93 0.22916666333493413 0.018968691120215226
1 0.5962553650668778 0.7439999999999928 0.6485107301337557 0.016050430947871064
0 0.272 0.7439999999999928 0.12499999818269135 0.016050430947871064
1 0.787496367751366 0.42800000000000726 0.1829927355027321 0.013132170775541454
0 0.696 0.42800000000000726 0.16666666424358845 0.013132170775541454
1 0.11432156333659622 0.1679999999999927 0.18064312667319246 0.011673040689362096
0 0.023999999999998183 0.1679999999999927 0.020833333030448556 0.011673040689362096
1 0.49514870792381954 0.4839999999999927 0.5102974158476391 0.011673040689362096
0 0.2399999999999982 0.4839999999999927 0.18749999727403702 0.011673040689362096
1 0.4926034532959329 0.8179999999999927 0.4812069065918658 0.011673040689362096
0 0.25199999999999817 0.8179999999999927 0.10416666515224278 0.011673040689362096
1 0.5798311912278569 0.684 0.33166238245571367 0.010213910603197292
0 0.414 0.684 0.12499999818269135 0.010213910603197292
1 0.3991607200659455 0.576 0.16632144013189099 0.008754780517017934
0 0.316 0.576 0.04166666606089711 0.008754780517017934
1 0.8236356511798058 0.7159999999999928 0.17127130235961158 0.007295650430853129
0 0.7379999999999982 0.7159999999999928 0.10416666515224278 0.007295650430853129
1 0.2405850997175785 0.396 0.17317019943515696 0.005836520344688324
0 0.154 0.396 0.08333333212179422 0.005836520344688324