0 0.9587500004543271 0.842 0.08249999909134567 0.045233032671290856
1 0.1304797672081104 0.154 0.16495953441622077 0.03793738224043773
0 0.048 0.154 0.020833333030448556 0.03793738224043773
1 0.501428356089612 0.7219999999999991 0.2548567121792239 0.03210086189575486
0 0.374 0.7219999999999991 0.062499999091345675 0.03210086189575486
1 0.2383222335611854 0.03400000000000091 0.4766444671223708 0.021886951292561206
0 0.018041666288060695 0.03400000000000091 0.03608333257612139 0.021886951292561206
1 0.6443814213031019 0.4620000000000009 0.4327628426062038 0.0175095610340486
0 0.428 0.4620000000000009 0.12499999818269135 0.0175095610340486
1 0.23789955915274458 0.3959999999999991 0.16379911830548918 0.013132170775535997
0 0.156 0.3959999999999991 0.08333333212179422 0.013132170775535997
1 0.8563923915626656 0.4080000000000009 0.18478478312533117 0.010213910603195472
0 0.764 0.4080000000000009 0.08333333212179422 0.010213910603195472
1 0.6324495520179034 0.6840000000000009 0.6688991040358069 0.010213910603195472
0 0.298 0.6840000000000009 0.12499999818269135 0.010213910603195472
1 0.5036478609338173 0.3719999999999991 0.2592957218676347 0.008754780517023391
0 0.374 0.3719999999999991 0.10416666515224278 0.008754780517023391
1 0.06564635463590275 0.9839999999999991 0.1312927092718055 0.008754780517023391
0 0.9853750002271636 0.662 0.029249999545672836 0.007295650430853129
1 0.3838016458647544 0.3080000000000009 0.17160329172950878 0.005836520344682867
0 0.298 0.3080000000000009 0.08333333212179422 0.005836520344682867