1 0.2267568835638972 0.4220000000000001 0.3735137671277944 0.024805211464901958
0 0.06687499931850925 0.4220000000000001 0.1337499986370185 0.024805211464901958
1 0.953 0.3240000000000001 0.094 0.023346081378731242
0 0.8800833343934296 0.3240000000000001 0.23983333121314082 0.023346081378731242
1 0.7501031636112784 0.3920000000000001 0.20820632722255686 0.021886951292560526
0 0.6459999999999996 0.3920000000000001 0.16666666424358936 0.021886951292560526
1 0.915 0.9120000000000001 0.17 0.021886951292560526
0 0.8300000000000004 0.9120000000000001 0.14583333121314082 0.021886951292560526
1 0.05188602106326744 0.9260000000000002 0.10377204212653487 0.021886951292560526
1 0.43915402807533155 0.21399999999999988 0.1943080561506631 0.01605043094787766
0 0.34200000000000047 0.21399999999999988 0.14583333121314082 0.01605043094787766
1 0.177765819683726 0.28199999999999986 0.355531639367452 0.014591300861706942
0 0.02424999954567329 0.28199999999999986 0.04849999909134658 0.014591300861706942
1 0.49045160960859446 0.29199999999999987 0.296903219217189 0.014591300861706942
0 0.3419999999999995 0.29199999999999987 0.18749999727403793 0.014591300861706942
1 0.05939741795484133 0.9980817398276586 0.11879483590968266 0.0038365203446828673
1 0.2754196112172654 0.1919999999999999 0.2788392224345307 0.008754780517024073
0 0.13600000000000045 0.1919999999999999 0.08333333212179514 0.008754780517024073