1 0.6491928583199333 0.72 0.42238571663986657 0.029182601723412516
0 0.43800000000000044 0.72 0.14583333121314082 0.029182601723412516
1 0.4643223593689022 0.748 0.7046447187378044 0.023346081378724192
0 0.11329166583373398 0.748 0.22658333166746797 0.023346081378724192
0 0.7739999999999996 0.9955282621768565 0.20833333030448647 0.00894347564628697
1 0.06045758439391739 0.836 0.12091516878783477 0.020427821206394584
1 0.08994274407728699 0.596 0.17988548815457397 0.018968691120215226
1 0.8189521605782729 0.5679999999999927 0.22190432115654585 0.016050430947871064
0 0.7080000000000004 0.5679999999999927 0.08333333212179514 0.016050430947871064
1 0.8189429065345112 0.5699999999999927 0.22188581306902233 0.016050430947871064
0 0.7080000000000004 0.5699999999999927 0.08333333212179514 0.016050430947871064
1 0.5878281189273039 0.9099999999999927 0.21165623785460774 0.016050430947871064
0 0.48200000000000043 0.9099999999999927 0.14583333121314082 0.016050430947871064
1 0.44440591468046525 0.594 0.20881182936093046 0.014591300861706258
0 0.3399999999999995 0.594 0.16666666424358936 0.014591300861706258
1 0.6831062579095869 0.632 0.42621251581917385 0.014591300861706258
0 0.46999999999999953 0.632 0.16666666424358936 0.014591300861706258
1 0.892 0.9840000000000073 0.216 0.013132170775541454
0 0.784 0.9840000000000073 0.020833333030448556 0.013132170775541454
1 0.3346400797665751 0.4720000000000073 0.20528015953315026 0.002918260172344162