1 0.5368229632477687 0.406 0.6576459264955374 0.029182601723412516
0 0.20800000000000182 0.406 0.2916666624262834 0.029182601723412516
1 0.36991616308779884 0.6379999999999927 0.3238323261755977 0.026264341551068354
0 0.208 0.6379999999999927 0.12499999818269135 0.026264341551068354
1 0.25656401151518915 0.66 0.16112802303037824 0.023346081378724192
0 0.176 0.66 0.08333333212179422 0.023346081378724192
1 0.5961094473459853 0.708 0.1682188946919705 0.023346081378724192
0 0.5119999999999982 0.708 0.27083332939583127 0.023346081378724192
1 0.05763097826539888 0.19200000000000728 0.11526195653079777 0.017509561034050422
1 0.5847308023488221 0.506 0.16946160469764437 0.014591300861706258
0 0.49999999999999817 0.506 0.18749999727403702 0.014591300861706258
1 0.8368457136541201 0.5240000000000072 0.17369142730824025 0.013132170775541454
0 0.75 0.5240000000000072 0.12499999818269135 0.013132170775541454
1 0.5664926196491488 0.22199999999999273 0.5009852392982975 0.011673040689362096
0 0.31599999999999817 0.22199999999999273 0.10416666515224278 0.011673040689362096
1 0.5170137013015573 0.078 0.33802740260311476 0.010213910603197292
0 0.348 0.078 0.08333333212179422 0.010213910603197292
1 0.439685608135127 0.006 0.33537121627025407 0.008754780517017934
0 0.2719999999999982 0.006 0.10416666515224278 0.008754780517017934
1 0.8039201565419135 0.114 0.3478403130838269 0.008754780517017934
0 0.6299999999999982 0.114 0.10416666515224278 0.008754780517017934
1 0.1277871404546513 0.46 0.2555742809093026 0.004377390258508967