1 0.4192205288205355 0.5419999999999998 0.598441057641071 0.023346081378731013
0 0.12000000000000045 0.5419999999999998 0.14583333121314082 0.023346081378731013
1 0.826 0.6079999999999998 0.348 0.02042782120638958
0 0.652 0.6079999999999998 0.2499999963653845 0.02042782120638958
1 0.7258324617041744 0.9958930446984025 0.25566492340834884 0.008213910603195018
0 0.598 0.9958930446984025 0.020833333030448556 0.008213910603195018
1 0.972 0.16 0.056 0.018968691120218865
0 0.944 0.16 0.020833333030448556 0.018968691120218865
1 0.04035558314005175 0.578 0.0807111662801035 0.018968691120218865
1 0.5673110744992332 0.9942578272199453 0.6106221489984665 0.011484345560109433
0 0.262 0.9942578272199453 0.020833333030448556 0.011484345560109433
1 0.052474139048692 0.19199999999999978 0.104948278097384 0.017509561034048146
1 0.47607098359443717 0.07200000000000023 0.14814196718887435 0.016050430947877885
0 0.40200000000000047 0.07200000000000023 0.08333333212179514 0.016050430947877885
1 0.772 0.4360000000000002 0.456 0.016050430947877885
0 0.5440000000000005 0.4360000000000002 0.12499999818269225 0.016050430947877885
1 0.5696686535620915 0.674 0.2473373071241831 0.011673040689365734
0 0.446 0.674 0.062499999091345675 0.011673040689365734
1 0.39538875167276594 0.22000000000000022 0.4187775033455318 0.010213910603195018
0 0.18600000000000044 0.22000000000000022 0.1041666651522437 0.010213910603195018
1 0.7485618969979709 0.24000000000000024 0.14912379399594192 0.010213910603195018
0 0.6740000000000005 0.24000000000000024 0.1041666651522437 0.010213910603195018
1 0.4552669331932266 0.32000000000000023 0.4105338663864532 0.010213910603195018
0 0.25000000000000044 0.32000000000000023 0.12499999818269225 0.010213910603195018
1 0.951 0.6920000000000003 0.098 0.010213910603195018
0 0.9020000000000005 0.6920000000000003 0.1041666651522437 0.010213910603195018
1 0.4305032861410673 0.406 0.3810065722821346 0.0087547805170243
0 0.24000000000000046 0.406 0.1041666651522437 0.0087547805170243
1 0.945 0.108 0.11 0.005836520344682867
0 0.89 0.108 0.062499999091345675 0.005836520344682867
1 0.10432347670851731 0.5100000000000002 0.20864695341703463 0.00437739025851215