1 0.31682588269893674 0.8039999999999982 0.37365176539787354 0.026264341551071994
0 0.14833333212179606 0.8039999999999982 0.2966666642435921 0.026264341551071994
1 0.41978427417591774 0.02400000000000182 0.6435685483518355 0.020427821206390945
0 0.09799999999999819 0.02400000000000182 0.18749999727403702 0.020427821206390945
1 0.15911168531120892 0.5080000000000018 0.31822337062241784 0.020427821206390945
0 0.998791666742387 0.07199999999999818 0.0024166665152260975 0.018968691120218865
0 0.9197083341662655 0.16799999999999818 0.16058333166746888 0.018968691120218865
1 0.044719045063968225 0.6879999999999982 0.08943809012793645 0.017509561034046783
1 0.15512251554946851 0.21800000000000183 0.31024503109893703 0.013132170775537815
1 0.8429792395932454 0.7240000000000019 0.27795847918649086 0.011673040689365734
0 0.7039999999999982 0.7240000000000019 0.020833333030448556 0.011673040689365734
1 0.2358728832454526 0.7699999999999981 0.4717457664909052 0.010213910603193653
0 0.015041666288059787 0.7699999999999981 0.030083332576119573 0.010213910603193653
1 0.0293186988963771 0.638 0.0586373977927542 0.008754780517025211
1 0.4800470113506417 0.308 0.4200940227012834 0.007295650430853129
0 0.2699999999999982 0.308 0.062499999091345675 0.007295650430853129