1 0.7027184359275815 0.11599999999999819 0.1494368718551632 0.026264341551071994
0 0.628 0.11599999999999819 0.04166666606089711 0.026264341551071994
1 0.07601372075257405 0.8959999999999981 0.1520274415051481 0.018968691120218865
1 0.47120568912744876 0.4620000000000018 0.4664113782548975 0.013132170775537815
0 0.2380000000000009 0.4620000000000018 0.1458333312131417 0.013132170775537815
1 0.884 0.7660000000000018 0.232 0.011673040689365734
0 0.768 0.7660000000000018 0.020833333030448556 0.011673040689365734
1 0.6510882994935119 0.1859999999999982 0.3061765989870237 0.010213910603193653
0 0.498 0.1859999999999982 0.12499999818269135 0.010213910603193653
1 0.43623727546784447 0.024 0.680474550935689 0.007295650430853129
0 0.096 0.024 0.04166666606089711 0.007295650430853129