1 0.6512921230645138 0.062 0.39858424612902765 0.06420172379151336
0 0.452 0.062 0.27083332939583304 0.06420172379151336
1 0.7138538955010167 0.0276856484263335 0.5037077910020334 0.055371296852667
0 0.4619999999999995 0.0276856484263335 0.20833333030448647 0.055371296852667
1 0.2564273315186265 0.5739999999999927 0.512854663037253 0.026264341551068354
1 0.5672231740147285 0.206 0.19044634802945712 0.020427821206394584
0 0.4720000000000005 0.206 0.1041666651522437 0.020427821206394584
1 0.019614730189698094 0.296 0.03922946037939619 0.020427821206394584
1 0.12964928874825818 0.486 0.25929857749651636 0.020427821206394584
1 0.2681730495315542 0.12 0.45634609906310836 0.018968691120215226
0 0.04604166628806115 0.12 0.0920833325761223 0.018968691120215226
1 0.7194500590850653 0.242 0.47090011817013055 0.018968691120215226
0 0.484 0.242 0.27083332939583304 0.018968691120215226
0 0.9547500004543271 0.7720000000000072 0.09049999909134566 0.017509561034050422
1 0.883 0.9680000000000073 0.234 0.017509561034050422
0 0.7660000000000005 0.9680000000000073 0.14583333121314082 0.017509561034050422
1 0.888 0.7939999999999927 0.224 0.016050430947871064
0 0.7759999999999996 0.7939999999999927 0.20833333030448647 0.016050430947871064
1 0.09315521896385735 0.984 0.1863104379277147 0.014591300861706258
1 0.872 0.18200000000000727 0.256 0.013132170775541454
0 0.7440000000000004 0.18200000000000727 0.1041666651522437 0.013132170775541454
1 0.6872345151495202 0.6700000000000073 0.19046903029904025 0.013132170775541454
0 0.5919999999999995 0.6700000000000073 0.18749999727403793 0.013132170775541454
1 0.29856613539672205 0.8100000000000073 0.21313227079344416 0.013132170775541454
0 0.19200000000000045 0.8100000000000073 0.14583333121314082 0.013132170775541454
1 0.5665921945921241 0.3699999999999927 0.4491843891842482 0.011673040689362096
0 0.34200000000000047 0.3699999999999927 0.14583333121314082 0.011673040689362096
1 0.5 0.178 1.0 0.010213910603197292
1 0.49928558581487686 0.392 0.27057117162975375 0.010213910603197292
0 0.36400000000000043 0.392 0.12499999818269225 0.010213910603197292