1 0.951 0.174 0.098 0.0175095610340486
0 0.902 0.174 0.16666666424358936 0.0175095610340486
1 0.8089536530225527 0.48 0.18590730604510555 0.01605043094787834
0 0.7159999999999997 0.48 0.08333333212179468 0.01605043094787834
1 0.026425746892053893 0.348 0.052851493784107785 0.014591300861706258
0 0.9841666669695512 0.7379999999999991 0.03166666606089757 0.013132170775535997
1 0.7429472521785058 0.742 0.18189450435701154 0.011673040689365734
0 0.6520000000000002 0.742 0.062499999091346126 0.011673040689365734
1 0.831 0.97 0.338 0.011673040689365734
0 0.6619999999999998 0.97 0.10416666515224324 0.011673040689365734
1 0.46290885271286925 0.4040000000000009 0.3818177054257385 0.010213910603195472
0 0.2719999999999998 0.4040000000000009 0.08333333212179468 0.010213910603195472
1 0.913 0.4580000000000009 0.174 0.010213910603195472
0 0.8259999999999997 0.4580000000000009 0.08333333212179468 0.010213910603195472
1 0.983 0.258 0.034 0.007295650430853129
0 0.9621666669695512 0.258 0.07566666606089757 0.007295650430853129
1 0.6492998295602245 0.418 0.23459965912044892 0.007295650430853129
0 0.5319999999999998 0.418 0.08333333212179468 0.007295650430853129