1 0.5958797023415391 0.34199999999999636 0.30375940468307816 0.03793738224043773
0 0.444 0.34199999999999636 0.08333333212179422 0.03793738224043773
1 0.6565532639590165 0.013999999999996363 0.31710652791803295 0.020427821206387305
0 0.4980000000000009 0.013999999999996363 0.1458333312131417 0.020427821206387305
1 0.07842482450248918 0.031999999999996365 0.15684964900497836 0.020427821206387305
1 0.021370773410668335 0.234 0.04274154682133667 0.014591300861706258
1 0.7092250635924393 0.78 0.3144501271848785 0.014591300861706258
0 0.5520000000000009 0.78 0.1458333312131417 0.014591300861706258
1 0.359000765895209 0.38 0.24200153179041808 0.010213910603197292
0 0.238 0.38 0.020833333030448556 0.010213910603197292
1 0.6185904843914896 0.254 0.2611809687829791 0.007295650430853129
0 0.488 0.254 0.08333333212179422 0.007295650430853129
1 0.89 0.554 0.22 0.002918260172344162