1 0.533555350126926 0.6799999999999927 0.527110700253852 0.026264341551068354
0 0.2699999999999991 0.6799999999999927 0.35416666151762727 0.026264341551068354
1 0.32128893576971496 0.688 0.4465778715394299 0.02480521146490355
0 0.13233333212179424 0.688 0.2646666642435885 0.02480521146490355
1 0.18843074519712535 0.402 0.3128614903942507 0.023346081378724192
0 0.07329166583373445 0.402 0.1465833316674689 0.023346081378724192
1 0.29038398617260736 0.54 0.36476797234521474 0.023346081378724192
0 0.10800000000000091 0.54 0.18749999727403882 0.023346081378724192
1 0.8092289026037779 0.226 0.2744578052075558 0.020427821206394584
0 0.6720000000000009 0.226 0.1458333312131417 0.020427821206394584
1 0.8167170302430404 0.3460000000000073 0.22543406048608086 0.017509561034050422
0 0.704000000000001 0.3460000000000073 0.22916666333493596 0.017509561034050422
1 0.7245769030287256 0.3940000000000073 0.3211538060574512 0.017509561034050422
0 0.564000000000001 0.3940000000000073 0.2083333303044874 0.017509561034050422
0 0.983541667196715 0.726 0.03291666560656995 0.014591300861706258
1 0.574959637465624 0.7580000000000072 0.15391927493124785 0.013132170775541454
0 0.498 0.7580000000000072 0.10416666515224278 0.013132170775541454
1 0.02029695601095773 0.8620000000000073 0.04059391202191546 0.013132170775541454
0 0.009249999545672835 0.8620000000000073 0.01849999909134567 0.013132170775541454
0 0.9837500004543271 0.8299999999999927 0.03249999909134567 0.011673040689362096