0 0.9641250006814908 0.932 0.0717499986370185 0.020427821206394584
1 0.9116879772452648 0.938 0.12737595449052969 0.020427821206394584
0 0.8480000000000009 0.938 0.18749999727403882 0.020427821206394584
1 0.18339882357764872 0.8819999999999927 0.14679764715529744 0.016050430947871064
0 0.11 0.8819999999999927 0.12499999818269135 0.016050430947871064
1 0.2886838854649286 0.17 0.1813677709298572 0.014591300861706258
0 0.198 0.17 0.12499999818269135 0.014591300861706258
1 0.989 0.194 0.022 0.014591300861706258
0 0.9525416671967151 0.194 0.09491666560656994 0.014591300861706258
1 0.8849168309972347 0.53 0.16183366199446936 0.014591300861706258
0 0.8040000000000009 0.53 0.16666666424359028 0.014591300861706258
1 0.973 0.8140000000000073 0.054 0.013132170775541454
0 0.9313333339391029 0.8140000000000073 0.13733333212179422 0.013132170775541454
1 0.6648066902791816 0.542 0.21761338055836313 0.010213910603197292
0 0.556 0.542 0.08333333212179422 0.010213910603197292
1 0.8659965621476077 0.882 0.12399312429521524 0.010213910603197292
0 0.804 0.882 0.12499999818269135 0.010213910603197292