1 0.795 0.43600000000000183 0.41 0.0350191220680972
0 0.59 0.43600000000000183 0.20833333030448556 0.0350191220680972
1 0.838 0.45400000000000185 0.324 0.0350191220680972
0 0.676 0.45400000000000185 0.20833333030448556 0.0350191220680972
1 0.5494968813194137 0.9921634796553171 0.3309937626388273 0.015673040689365734
0 0.384 0.9921634796553171 0.16666666424358845 0.015673040689365734
1 0.15753233880511106 0.706 0.3150646776102221 0.014591300861706258
1 0.29951234661788295 0.32200000000000184 0.5990246932357659 0.011673040689365734
0 0.9859583337119384 0.7260000000000019 0.02808333257612321 0.011673040689365734
1 0.5689168118731613 0.8460000000000019 0.3258336237463227 0.011673040689365734
0 0.4059999999999982 0.8460000000000019 0.1458333312131399 0.011673040689365734
1 0.11237184675543176 0.306 0.2247436935108635 0.008754780517025211
1 0.15921494473492567 0.954 0.15842988946985134 0.008754780517025211
0 0.08 0.954 0.04166666606089711 0.008754780517025211
1 0.21155287953177868 0.48 0.15510575906355734 0.007295650430853129
0 0.13399999999999818 0.48 0.062499999091345675 0.007295650430853129