1 0.5379638078809673 0.11000000000000046 0.0919276157619347 0.014591300861707169
0 0.49199999999999977 0.11000000000000046 0.08333333212179468 0.014591300861707169
1 0.016828856234981232 0.14800000000000046 0.033657712469962464 0.014591300861707169
1 0.18787541162990692 0.806 0.25975082325981386 0.011673040689365734
0 0.058000000000000114 0.806 0.10416666515224347 0.011673040689365734
1 0.8688082007237024 0.818 0.10161640144740477 0.011673040689365734
0 0.8179999999999997 0.818 0.10416666515224324 0.011673040689365734
1 0.24984281639763095 0.5399999999999996 0.07968563279526188 0.010213910603194563
0 0.20999999999999977 0.5399999999999996 0.10416666515224324 0.010213910603194563
1 0.952 0.2920000000000005 0.096 0.0087547805170243
0 0.904 0.2920000000000005 0.12499999818269225 0.0087547805170243
1 0.8496773167727788 0.984 0.1513546335455576 0.007295650430853129
0 0.7739999999999998 0.984 0.10416666515224324 0.007295650430853129