1 0.11555546140594197 0.356 0.23111092281188395 0.021886951292559388
1 0.19308588521917044 0.40999999999999637 0.3861717704383409 0.020427821206387305
1 0.48323995092006045 0.6679999999999964 0.6384799018401208 0.020427821206387305
0 0.164 0.6679999999999964 0.16666666424358845 0.020427821206387305
1 0.831 0.9480000000000036 0.338 0.0189686911202225
0 0.662 0.9480000000000036 0.12499999818269135 0.0189686911202225
1 0.7959391507130531 0.07800000000000364 0.3318783014261062 0.01605043094787834
0 0.63 0.07800000000000364 0.12499999818269135 0.01605043094787834
1 0.2514201637737224 0.46400000000000363 0.5028403275474448 0.01605043094787834
1 0.34701087655925406 0.5640000000000036 0.4740217531185081 0.01605043094787834
0 0.10999999999999818 0.5640000000000036 0.18749999727403702 0.01605043094787834
1 0.32665977565853793 0.44199999999999634 0.6533195513170759 0.013132170775534177
1 0.08762441328801651 0.6599999999999964 0.17524882657603302 0.013132170775534177
1 0.03258818183883887 0.586 0.06517636367767773 0.011673040689362096
1 0.3745658622762421 0.16600000000000364 0.16113172455248423 0.008754780517025211
0 0.294 0.16600000000000364 0.08333333212179422 0.008754780517025211