1 0.6101774042272786 0.5560000000000005 0.16035480845455732 0.026264341551072903
0 0.53 0.5560000000000005 0.27083332939583304 0.026264341551072903
1 0.021495935662988814 0.041999999999999545 0.04299187132597763 0.01605043094787743
1 0.5675681941047356 0.15000000000000047 0.3151363882094711 0.014591300861707169
0 0.4100000000000005 0.15000000000000047 0.1041666651522437 0.014591300861707169
1 0.4066712084501369 0.6960000000000005 0.07734241690027374 0.014591300861707169
0 0.36800000000000044 0.6960000000000005 0.08333333212179514 0.014591300861707169
1 0.0522688368826307 0.758 0.1045376737652614 0.011673040689365734
1 0.5026960296267862 0.06799999999999955 0.3133920592535724 0.010213910603194563
0 0.3460000000000005 0.06799999999999955 0.12499999818269225 0.010213910603194563
1 0.8737215835681587 0.8619999999999995 0.16744316713631724 0.010213910603194563
0 0.79 0.8619999999999995 0.062499999091345675 0.010213910603194563
1 0.23813123039581524 0.32600000000000046 0.22026246079163048 0.0087547805170243
0 0.128 0.32600000000000046 0.062499999091345675 0.0087547805170243
1 0.6004136009342432 0.504 0.16082720186848656 0.005836520344682867
0 0.52 0.504 0.062499999091345675 0.005836520344682867
1 0.28234422381052626 0.748 0.22068844762105255 0.005836520344682867
0 0.172 0.748 0.04166666606089711 0.005836520344682867