0 0.9483333339391025 0.16000000000000728 0.10333333212179514 0.05252868310215126
1 0.5881199938570453 0.144 0.4322399877140906 0.033559991981921486
0 0.37200000000000044 0.144 0.12499999818269225 0.033559991981921486
1 0.1244173500677789 0.314 0.2488347001355578 0.02480521146490355
0 0.027083332576121392 0.314 0.054166665152242784 0.02480521146490355
1 0.27229612499703715 0.216 0.10459224999407433 0.018968691120215226
0 0.22 0.216 0.27083332939583304 0.018968691120215226
1 0.07666237474110403 0.246 0.10132474948220806 0.018968691120215226
0 0.03383333303044901 0.246 0.06766666606089802 0.018968691120215226
1 0.887 0.25000000000000727 0.226 0.017509561034050422
0 0.774 0.25000000000000727 0.22916666333493596 0.017509561034050422
1 0.892 0.6720000000000073 0.216 0.017509561034050422
0 0.7840000000000005 0.6720000000000073 0.1041666651522437 0.017509561034050422
1 0.909 0.6579999999999927 0.182 0.016050430947871064
0 0.8180000000000005 0.6579999999999927 0.14583333121314082 0.016050430947871064
1 0.957 0.14199999999999272 0.086 0.011673040689362096
0 0.9140000000000005 0.14199999999999272 0.14583333121314082 0.011673040689362096
0 0.9859583337119393 0.6039999999999928 0.028083332576121393 0.011673040689362096
1 0.05869357207149505 0.6679999999999927 0.1173871441429901 0.011673040689362096
0 0.9527500004543271 0.6879999999999927 0.09449999909134567 0.011673040689362096
1 0.09488606102613084 0.9299999999999927 0.18977212205226168 0.011673040689362096
1 0.8097326895437054 0.0015534776507993228 0.3554653790874108 0.0031069553015986456
0 0.6320000000000005 0.0015534776507993228 0.14583333121314082 0.0031069553015986456
1 0.892 0.626 0.216 0.010213910603197292
0 0.7840000000000005 0.626 0.14583333121314082 0.010213910603197292
1 0.876 0.816 0.248 0.010213910603197292
0 0.7520000000000004 0.816 0.08333333212179514 0.010213910603197292
1 0.7948532725011437 0.036 0.34570654500228737 0.008754780517017934
0 0.6220000000000004 0.036 0.14583333121314082 0.008754780517017934
1 0.07987557638472254 0.18 0.15975115276944507 0.008754780517017934
1 0.5721132759517222 0.598 0.6362265519034445 0.008754780517017934
0 0.254 0.598 0.062499999091345675 0.008754780517017934
0 0.9587500004543271 0.79 0.08249999909134567 0.008754780517017934