1 0.3564919506396918 0.7420000000000018 0.28098390127938366 0.06566085387768181
0 0.216 0.7420000000000018 0.020833333030448556 0.06566085387768181
1 0.619 0.194 0.762 0.0306417318095846
0 0.23799999999999955 0.194 0.16666666424358936 0.0306417318095846
1 0.1922029702443624 0.578 0.3844059404887248 0.02480521146490355
1 0.41959581189242273 0.89 0.5591916237848454 0.021886951292559388
0 0.14000000000000046 0.89 0.08333333212179514 0.021886951292559388
1 0.30906415992019354 0.572 0.5541283198403871 0.014591300861706258
0 0.04724999954567329 0.572 0.09449999909134658 0.014591300861706258
1 0.04998004957309513 0.09800000000000182 0.09996009914619026 0.013132170775537815
1 0.05496189774220102 0.26200000000000184 0.10992379548440204 0.013132170775537815
1 0.4109283904472841 0.36199999999999816 0.8218567808945682 0.010213910603193653
0 0.014624999772836418 0.36199999999999816 0.029249999545672836 0.010213910603193653