0 0.9493333339391029 0.484 0.10133333212179423 0.035019122068100844
1 0.856 0.552 0.288 0.02480521146490355
0 0.7120000000000009 0.552 0.2083333303044874 0.02480521146490355
1 0.17806487155138892 0.9905282621768565 0.35612974310277784 0.01894347564628697
1 0.12314324664885316 0.706 0.24628649329770633 0.020427821206394584
1 0.839 0.796 0.322 0.018968691120215226
0 0.6780000000000009 0.796 0.1458333312131417 0.018968691120215226
1 0.6672225189627888 0.2560000000000073 0.17044503792557772 0.017509561034050422
0 0.582000000000001 0.2560000000000073 0.2499999963653845 0.017509561034050422
1 0.8010039048512854 0.7539999999999927 0.31000780970257075 0.016050430947871064
0 0.6460000000000009 0.7539999999999927 0.16666666424359028 0.016050430947871064
1 0.7269814594341487 0.8899999999999927 0.31396291886829747 0.016050430947871064
0 0.57 0.8899999999999927 0.08333333212179422 0.016050430947871064
1 0.5518812927032013 0.9759999999999928 0.8957625854064026 0.016050430947871064
0 0.1040833325761223 0.9759999999999928 0.2081666651522446 0.016050430947871064
1 0.41725933617836564 0.004283042693889002 0.17051867235673127 0.008566085387778003
0 0.3320000000000009 0.004283042693889002 0.1458333312131417 0.008566085387778003
1 0.4598409641258231 0.2939999999999927 0.9196819282516462 0.011673040689362096
1 0.11990697033365631 0.9619999999999927 0.23981394066731263 0.011673040689362096
0 0.9597500004543271 0.768 0.08049999909134567 0.010213910603197292
1 0.5917271579762592 0.776 0.3034543159525183 0.010213910603197292
0 0.44 0.776 0.10416666515224278 0.010213910603197292
1 0.3413257957743344 0.948 0.3026515915486689 0.010213910603197292
0 0.19 0.948 0.062499999091345675 0.010213910603197292
1 0.12335201848443285 0.064 0.16670403696886568 0.008754780517017934
0 0.04083333303044856 0.064 0.08166666606089712 0.008754780517017934
1 0.33369634828846845 0.094 0.655392696576937 0.004377390258508967