1 0.20794175318065028 0.806 0.41588350636130056 0.07733389456704026
1 0.905 0.6539999999999927 0.19 0.04085564241277461
0 0.81 0.6539999999999927 0.312499995456732 0.04085564241277461
1 0.2331609167873976 0.4819999999999927 0.4663218335747952 0.036478252154265645
1 0.4252765024987948 0.542 0.6625530049975896 0.033559991981921486
0 0.16158333166746888 0.542 0.32316666333493776 0.033559991981921486
1 0.3842329101643463 0.974 0.7684658203286926 0.033559991981921486
0 0.04333333212179605 0.974 0.0866666642435921 0.033559991981921486
1 0.6486543451404941 0.436 0.6733086902809883 0.030641731809591875
0 0.312 0.436 0.12499999818269135 0.030641731809591875
1 0.6588911484023684 0.686 0.6737822968047367 0.029182601723412516
0 0.322 0.686 0.16666666424358845 0.029182601723412516
1 0.5312690725170741 0.6679999999999927 0.7865381450341483 0.026264341551068354
0 0.138 0.6679999999999927 0.20833333030448556 0.026264341551068354
1 0.6532580621023554 0.778 0.6625161242047106 0.023346081378724192
0 0.322 0.778 0.12499999818269135 0.023346081378724192
1 0.807 0.3059999999999927 0.386 0.021886951292559388
0 0.614 0.3059999999999927 0.16666666424358845 0.021886951292559388
1 0.01501852533832971 0.6679999999999927 0.03003705067665942 0.021886951292559388
1 0.623 0.52 0.754 0.020427821206394584
0 0.246 0.52 0.12499999818269135 0.020427821206394584
1 0.5153393953243504 0.9928930446984013 0.7546787906487007 0.014213910603197292
0 0.13799999999999818 0.9928930446984013 0.18749999727403702 0.014213910603197292
1 0.04109558684456715 0.3679999999999927 0.0821911736891343 0.016050430947871064
1 0.2316932451236353 0.7279999999999928 0.38338649024727056 0.016050430947871064
0 0.06687499931850835 0.7279999999999928 0.1337499986370167 0.016050430947871064
1 0.954 0.8619999999999928 0.092 0.016050430947871064
0 0.9071250006814898 0.8619999999999928 0.18574999863702032 0.016050430947871064
1 0.06916558164503113 0.16 0.13833116329006226 0.014591300861706258
1 0.7052914974104988 0.634 0.13858299482099756 0.014591300861706258
0 0.636 0.634 0.16666666424358845 0.014591300861706258
1 0.824 0.5320000000000072 0.352 0.013132170775541454
0 0.648 0.5320000000000072 0.16666666424358845 0.013132170775541454
1 0.6685938244707195 0.32799999999999274 0.41318764894143895 0.011673040689362096
0 0.462 0.32799999999999274 0.12499999818269135 0.011673040689362096
1 0.41424250005952673 0.352 0.4004850001190534 0.010213910603197292
0 0.214 0.352 0.12499999818269135 0.010213910603197292
1 0.21162102407101885 0.378 0.4232420481420377 0.010213910603197292
1 0.07356662125252114 0.578 0.14713324250504228 0.010213910603197292
1 0.5451653850574385 0.51 0.794330770114877 0.008754780517017934
0 0.1479999999999982 0.51 0.10416666515224278 0.008754780517017934
1 0.03915030336955169 0.32599999999999274 0.07830060673910338 0.007295650430853129
1 0.42136508800219236 0.7179999999999928 0.1347301760043847 0.007295650430853129
0 0.354 0.7179999999999928 0.08333333212179422 0.007295650430853129