1 0.36832865552558725 0.606 0.7366573110511745 0.04815129284362774
1 0.78 0.44 0.44 0.02480521146490355
0 0.56 0.44 0.312499995456732 0.02480521146490355
1 0.6312935062457654 0.494 0.6825870124915309 0.023346081378724192
0 0.2899999999999982 0.494 0.27083332939583127 0.023346081378724192
1 0.4313171742339473 0.89 0.8026343484678946 0.023346081378724192
0 0.05145833280328407 0.89 0.10291666560656813 0.023346081378724192
1 0.37949875889139184 0.5879999999999928 0.6589975177827837 0.021886951292559388
0 0.07708333257612139 0.5879999999999928 0.15416666515224278 0.021886951292559388
1 0.2771651483828864 0.34 0.5543302967657728 0.020427821206394584
1 0.67602161858609 0.072 0.55604323717218 0.018968691120215226
0 0.398 0.072 0.12499999818269135 0.018968691120215226
1 0.25868516877561704 0.632 0.39337033755123413 0.018968691120215226
0 0.06199999999999818 0.632 0.10416666515224278 0.018968691120215226
1 0.7592772588576808 0.794 0.2905545177153617 0.018968691120215226
0 0.6139999999999982 0.794 0.1458333312131399 0.018968691120215226
1 0.8335013744713324 0.32199999999999274 0.28700274894266475 0.016050430947871064
0 0.6899999999999982 0.32199999999999274 0.1458333312131399 0.016050430947871064
1 0.878 0.9819999999999928 0.244 0.016050430947871064
0 0.7559999999999982 0.9819999999999928 0.1458333312131399 0.016050430947871064
1 0.3386217377820394 0.568 0.6612434755640788 0.014591300861706258
0 0.040458332803284064 0.568 0.08091666560656813 0.014591300861706258
1 0.964 0.004283042693889002 0.072 0.008566085387778003
0 0.928 0.004283042693889002 0.12499999818269135 0.008566085387778003
1 0.3052293237851318 0.22400000000000728 0.6104586475702636 0.013132170775541454
0 0.008249999545672836 0.22400000000000728 0.016499999091345672 0.013132170775541454
1 0.3274668587720298 0.092 0.2709337175440596 0.010213910603197292
0 0.19199999999999817 0.092 0.10416666515224278 0.010213910603197292
1 0.11677092637341775 0.82 0.1335418527468355 0.010213910603197292
0 0.056249999545672835 0.82 0.11249999909134567 0.010213910603197292