1 0.933 0.3920000000000036 0.134 0.04085564241278189
0 0.866 0.3920000000000036 0.12499999818269135 0.04085564241278189
1 0.6314359833275339 0.834 0.6148719666550678 0.03210086189575668
0 0.3239999999999982 0.834 0.22916666333493413 0.03210086189575668
1 0.8354754278414457 0.2600000000000036 0.13095085568289141 0.02626434155107563
0 0.77 0.2600000000000036 0.16666666424358845 0.02626434155107563
1 0.917 0.31000000000000366 0.166 0.02626434155107563
0 0.8339999999999982 0.31000000000000366 0.27083332939583127 0.02626434155107563
1 0.12456339236170788 0.9220000000000036 0.24912678472341576 0.02626434155107563
1 0.771 0.292 0.458 0.02480521146490355
0 0.542 0.292 0.20833333030448556 0.02480521146490355
1 0.895 0.6960000000000036 0.21 0.023346081378731467
0 0.79 0.6960000000000036 0.312499995456732 0.023346081378731467
1 0.4034005662952077 0.6980000000000036 0.48280113259041535 0.023346081378731467
0 0.16199999999999817 0.6980000000000036 0.1458333312131399 0.023346081378731467
1 0.5402214975849329 0.009106955301595008 0.3644429951698658 0.018213910603190015
0 0.358 0.009106955301595008 0.16666666424358845 0.018213910603190015
1 0.060922000823957205 0.844 0.12184400164791441 0.014591300861706258
1 0.7323302341204653 0.7999999999999964 0.25266046824093064 0.013132170775534177
0 0.606 0.7999999999999964 0.08333333212179422 0.013132170775534177
1 0.922 0.5 0.156 0.011673040689362096
0 0.844 0.5 0.16666666424358845 0.011673040689362096
1 0.11425202200271997 0.324 0.22850404400543994 0.004377390258508967