1 0.806 0.05399999999999636 0.388 0.0306417318095846
0 0.612 0.05399999999999636 0.2499999963653827 0.0306417318095846
1 0.893 0.27399999999999636 0.214 0.0306417318095846
0 0.7859999999999981 0.27399999999999636 0.18749999727403702 0.0306417318095846
1 0.48823108792998754 0.46199999999999636 0.4484621758599751 0.027723471637240437
0 0.2639999999999982 0.46199999999999636 0.22916666333493413 0.027723471637240437
1 0.1891378333180728 0.18599999999999636 0.2822756666361456 0.020427821206387305
0 0.06566666606089712 0.18599999999999636 0.13133333212179424 0.020427821206387305
1 0.04174209052743208 0.6400000000000037 0.08348418105486416 0.0189686911202225
1 0.7213939764270654 0.008377390258512606 0.3067879528541307 0.01675478051702521
0 0.568 0.008377390258512606 0.20833333030448556 0.01675478051702521
1 0.92 0.072 0.16 0.014591300861706258
0 0.8399999999999982 0.072 0.1458333312131399 0.014591300861706258
1 0.20100618345693874 0.854 0.3060123669138775 0.014591300861706258
0 0.06566666606089712 0.854 0.13133333212179424 0.014591300861706258
1 0.05094754444877981 0.8299999999999964 0.10189508889755962 0.013132170775534177
0 0.011458332803284066 0.8299999999999964 0.022916665606568132 0.013132170775534177
1 0.4432160075481861 0.572 0.3144320150963722 0.011673040689362096
0 0.2859999999999982 0.572 0.10416666515224278 0.011673040689362096
1 0.941 0.502 0.118 0.010213910603197292
0 0.882 0.502 0.08333333212179422 0.010213910603197292
1 0.855 0.416 0.29 0.002918260172344162