1 0.048386716008623806 0.9776917418321754 0.09677343201724761 0.044616516335649066
1 0.1908426856501919 0.21999999999999273 0.3816853713003838 0.036478252154265645
1 0.1208663621495789 0.39 0.2417327242991578 0.029182601723412516
0 0.9562916676510422 0.646 0.08741666469791562 0.023346081378724192
1 0.36542995499460995 0.324 0.2828599099892199 0.018968691120215226
0 0.224 0.324 0.08333333212179422 0.018968691120215226
0 0.9773333339391029 0.21600000000000727 0.04533333212179423 0.017509561034050422
1 0.6323190630801891 0.35600000000000726 0.2966381261603783 0.017509561034050422
0 0.48400000000000093 0.35600000000000726 0.18749999727403882 0.017509561034050422
1 0.18742738463653313 0.37000000000000727 0.37485476927306627 0.017509561034050422
0 0.05029166583373444 0.37000000000000727 0.10058333166746888 0.017509561034050422
1 0.1444939272715228 0.6840000000000073 0.2889878545430456 0.002918260172344162