1 0.27015603469930377 0.4659999999999927 0.2123120693986075 0.021886951292559388
0 0.16400000000000092 0.4659999999999927 0.18749999727403882 0.021886951292559388
1 0.10956046223485191 0.61 0.10712092446970382 0.018968691120215226
0 0.09049999909134658 0.61 0.18099999818269316 0.018968691120215226
1 0.6047939366886731 0.5400000000000073 0.22958787337734612 0.017509561034050422
0 0.49 0.5400000000000073 0.12499999818269135 0.017509561034050422
1 0.11591322509808924 0.3739999999999927 0.23182645019617848 0.016050430947871064
1 0.5349328384843411 0.4679999999999927 0.32986567696868224 0.016050430947871064
0 0.37 0.4679999999999927 0.08333333212179422 0.016050430947871064
1 0.03665479312328716 0.042000000000007275 0.07330958624657433 0.013132170775541454
1 0.929 0.5800000000000073 0.142 0.013132170775541454
0 0.858 0.5800000000000073 0.12499999818269135 0.013132170775541454
1 0.908 0.218 0.184 0.010213910603197292
0 0.8159999999999982 0.218 0.10416666515224278 0.010213910603197292
1 0.34558932301745515 0.432 0.21117864603491035 0.010213910603197292
0 0.24 0.432 0.10416666515224278 0.010213910603197292
1 0.8135916022902893 0.498 0.2351832045805786 0.008754780517017934
0 0.6959999999999982 0.498 0.10416666515224278 0.008754780517017934
1 0.7910041102211016 0.9699999999999928 0.3220082204422033 0.007295650430853129
0 0.6299999999999982 0.9699999999999928 0.10416666515224278 0.007295650430853129
1 0.5805409693730835 0.718 0.117081938746167 0.005836520344688324
0 0.5219999999999981 0.718 0.062499999091345675 0.005836520344688324