0 0.814750002271635 0.03496869112021522 0.3704999954567302 0.06993738224043045
1 0.7735370808826756 0.238 0.33507416176535115 0.035019122068100844
0 0.606 0.238 0.499999992730769 0.035019122068100844
1 0.5981494271927745 0.21199999999999272 0.24429885438554902 0.026264341551068354
0 0.4760000000000005 0.21199999999999272 0.12499999818269225 0.026264341551068354
1 0.3472886881116042 0.18 0.30657737622320835 0.020427821206394584
0 0.19399999999999953 0.18 0.16666666424358936 0.020427821206394584
1 0.7651504438516831 0.098 0.25430088770336623 0.018968691120215226
0 0.6379999999999996 0.098 0.16666666424358936 0.018968691120215226
1 0.17345557034021566 0.194 0.34691114068043133 0.018968691120215226
1 0.4522626229401608 0.112 0.23652524588032156 0.010213910603197292
0 0.334 0.112 0.062499999091345675 0.010213910603197292
1 0.32756194972520325 0.348 0.5271238994504065 0.008754780517017934
0 0.06400000000000022 0.348 0.062499999091346126 0.008754780517017934