1 0.046548076800121636 0.528 0.09309615360024327 0.04815129284362774
1 0.1487586627950168 0.9300000000000073 0.1575173255900336 0.027723471637247712
0 0.07145833280328406 0.9300000000000073 0.14291666560656813 0.027723471637247712
1 0.031146895885780394 0.12 0.06229379177156079 0.023346081378724192
1 0.565381680708033 0.61 0.4907633614160659 0.023346081378724192
0 0.32 0.61 0.312499995456732 0.023346081378724192
1 0.763 0.636 0.474 0.018968691120215226
0 0.526 0.636 0.20833333030448556 0.018968691120215226
1 0.7965623952972092 0.66 0.1731247905944183 0.014591300861706258
0 0.71 0.66 0.12499999818269135 0.014591300861706258
1 0.28624405302270134 0.666 0.3244881060454027 0.014591300861706258
0 0.12399999999999818 0.666 0.18749999727403702 0.014591300861706258
1 0.13104842329921304 0.884 0.2620968465984261 0.014591300861706258
0 0.011458332803284066 0.884 0.022916665606568132 0.014591300861706258
1 0.8280635746932475 0.6880000000000073 0.17212714938649515 0.013132170775541454
0 0.742 0.6880000000000073 0.16666666424358845 0.013132170775541454
1 0.28253918403531497 0.9500000000000073 0.31707836807062995 0.013132170775541454
0 0.124 0.9500000000000073 0.16666666424358845 0.013132170775541454
1 0.9136529111073832 0.8279999999999927 0.17130582221476653 0.011673040689362096
0 0.828 0.8279999999999927 0.12499999818269135 0.011673040689362096
1 0.47850201083140925 0.892 0.16500402166281855 0.010213910603197292
0 0.3959999999999982 0.892 0.1458333312131399 0.010213910603197292
1 0.4579002398958255 0.202 0.147800479791651 0.005836520344688324
0 0.3839999999999982 0.202 0.062499999091345675 0.005836520344688324
1 0.7221074203436492 0.456 0.3282148406872984 0.004377390258508967