1 0.1273162202960275 0.104 0.22663244059205498 0.021886951292560297
0 0.0330416662880607 0.104 0.0660833325761214 0.021886951292560297
1 0.853 0.6 0.294 0.021886951292560297
0 0.706 0.6 0.20833333030448556 0.021886951292560297
1 0.10302457312806927 0.424 0.20604914625613854 0.018968691120218865
0 0.02049999909134658 0.424 0.04099999818269316 0.018968691120218865
1 0.7733013178208658 0.222 0.24260263564173146 0.014591300861707169
0 0.6519999999999981 0.222 0.1458333312131399 0.014591300861707169
1 0.935 0.618 0.13 0.014591300861707169
0 0.87 0.618 0.16666666424358845 0.014591300861707169
1 0.2186735887490986 0.676 0.2813471774981972 0.014591300861707169
0 0.08066666606089802 0.676 0.16133333212179604 0.014591300861707169
1 0.11075325078907008 0.00191826017234132 0.22150650157814017 0.00383652034468264
1 0.5951499220817459 0.009999999999999886 0.3622998441634918 0.011673040689365506
0 0.414 0.009999999999999886 0.08333333212179422 0.011673040689365506
1 0.864 0.17 0.272 0.011673040689365734
0 0.728 0.17 0.12499999818269135 0.011673040689365734
1 0.946 0.5060000000000002 0.108 0.010213910603195018
0 0.8919999999999981 0.5060000000000002 0.1458333312131399 0.010213910603195018
1 0.805 0.7900000000000003 0.39 0.010213910603195018
0 0.6099999999999982 0.7900000000000003 0.10416666515224278 0.010213910603195018
1 0.17592621867890101 0.32000000000000023 0.10785243735780205 0.0072956504308535845
0 0.122 0.32000000000000023 0.08333333212179422 0.0072956504308535845