0 0.9701250006814908 0.49600000000000366 0.059749998637018506 0.03355999198192876
1 0.20577230490669354 0.26799999999999635 0.25154460981338705 0.020427821206387305
0 0.11291666560657086 0.26799999999999635 0.22583333121314172 0.020427821206387305
0 0.9431250006814907 0.8219999999999964 0.11374999863701851 0.020427821206387305
1 0.866 0.13400000000000364 0.268 0.0189686911202225
0 0.7320000000000009 0.13400000000000364 0.16666666424359028 0.0189686911202225
1 0.3893696943312161 0.656 0.16273938866243226 0.017509561034050422
0 0.308 0.656 0.08333333212179422 0.017509561034050422
1 0.048767819073213106 0.04400000000000364 0.09753563814642621 0.01605043094787834
1 0.10275409910477992 0.6239999999999963 0.20550819820955984 0.013132170775534177
1 0.32566896919144617 0.62 0.1633379383828924 0.011673040689362096
0 0.2440000000000009 0.62 0.1458333312131417 0.011673040689362096
1 0.18310126310913802 0.61 0.36620252621827604 0.010213910603197292
1 0.0359732154248668 0.636 0.0719464308497336 0.010213910603197292
1 0.08376944781910424 0.5559999999999964 0.16753889563820848 0.005836520344681048