1 0.22675130796970552 0.24 0.45350261593941105 0.03939651232660981
0 0.02433333212179423 0.24 0.04866666424358846 0.03939651232660981
0 0.9531250006814899 0.226 0.09374999863702033 0.035019122068100844
1 0.5002641537462222 0.234 0.6045283074924446 0.030641731809591875
0 0.1979999999999991 0.234 0.3333333284871787 0.030641731809591875
1 0.5281031707840138 0.36 0.5082063415680277 0.029182601723412516
0 0.2740000000000009 0.36 0.16666666424359028 0.029182601723412516
1 0.10398707173575077 0.964 0.20797414347150153 0.02480521146490355
1 0.723 0.344 0.554 0.023346081378724192
0 0.446 0.344 0.20833333030448556 0.023346081378724192
1 0.918 0.6379999999999927 0.164 0.021886951292559388
0 0.8359999999999982 0.6379999999999927 0.1458333312131399 0.021886951292559388
1 0.11997669927441802 0.146 0.23995339854883604 0.018968691120215226
1 0.3131338736222788 0.38 0.4902677472445575 0.018968691120215226
0 0.08087499931851017 0.38 0.16174999863702033 0.018968691120215226
1 0.7871610421464665 0.626 0.42232208429293316 0.018968691120215226
0 0.5759999999999982 0.626 0.10416666515224278 0.018968691120215226
1 0.05209207396304464 0.11799999999999272 0.10418414792608928 0.016050430947871064
1 0.62 0.4339999999999927 0.76 0.016050430947871064
0 0.2400000000000009 0.4339999999999927 0.1458333312131417 0.016050430947871064
1 0.891 0.6859999999999927 0.218 0.016050430947871064
0 0.7819999999999981 0.6859999999999927 0.18749999727403702 0.016050430947871064
0 0.9363333339391029 0.158 0.12733333212179423 0.014591300861706258
1 0.24223669319533475 0.312 0.4804733863906695 0.014591300861706258
0 0.047874999318510164 0.312 0.09574999863702033 0.014591300861706258
1 0.49045476291489287 0.296 0.5009095258297858 0.010213910603197292
0 0.24 0.296 0.08333333212179422 0.010213910603197292
1 0.2151036421051658 0.178 0.29420728421033165 0.008754780517017934
0 0.068 0.178 0.10416666515224278 0.008754780517017934
1 0.6414926095056107 0.602 0.6069852190112215 0.008754780517017934
0 0.338 0.602 0.08333333212179422 0.008754780517017934
1 0.5057362214526055 0.738 0.3114724429052112 0.005836520344688324
0 0.35 0.738 0.08333333212179422 0.005836520344688324