1 0.4380671293965861 0.7819999999999964 0.8561342587931722 0.035019122068093565
0 0.09354166537940728 0.7819999999999964 0.18708333075881456 0.035019122068093565
1 0.668 0.09800000000000364 0.664 0.03355999198192876
0 0.336 0.09800000000000364 0.4374999936394233 0.03355999198192876
1 0.7841885733034596 0.89 0.26837714660691925 0.029182601723412516
0 0.6499999999999981 0.89 0.22916666333493413 0.029182601723412516
1 0.96 0.12400000000000364 0.08 0.023346081378731467
0 0.9027083341662656 0.12400000000000364 0.19458333166746888 0.023346081378731467
1 0.181628569774266 0.29000000000000364 0.127257139548532 0.023346081378731467
0 0.118 0.29000000000000364 0.08333333212179422 0.023346081378731467
1 0.2604175666377978 0.5700000000000036 0.3688351332755956 0.023346081378731467
0 0.07966666606089712 0.5700000000000036 0.15933333212179424 0.023346081378731467
1 0.825 0.324 0.35 0.021886951292559388
0 0.65 0.324 0.16666666424358845 0.021886951292559388
1 0.06582300881836091 0.31599999999999634 0.13164601763672182 0.020427821206387305
1 0.5537492405023495 0.8340000000000036 0.26349848100469897 0.0189686911202225
0 0.422 0.8340000000000036 0.2499999963653827 0.0189686911202225
1 0.982 0.096 0.036 0.017509561034050422
0 0.9507500004543271 0.096 0.09849999909134567 0.017509561034050422
0 0.9623333339391029 0.36 0.07533333212179423 0.017509561034050422
1 0.45374225846880656 0.618 0.7354845169376131 0.017509561034050422
0 0.10549999909134568 0.618 0.21099999818269136 0.017509561034050422
1 0.825 0.11200000000000364 0.35 0.01605043094787834
0 0.65 0.11200000000000364 0.12499999818269135 0.01605043094787834
1 0.49786531342724266 0.7660000000000037 0.6277306268544853 0.01605043094787834
0 0.184 0.7660000000000037 0.20833333030448556 0.01605043094787834
1 0.0906139863553617 0.658 0.1812279727107234 0.014591300861706258
1 0.8518798298886086 0.27999999999999636 0.27575965977721717 0.013132170775534177
0 0.714 0.27999999999999636 0.12499999818269135 0.013132170775534177
1 0.7514390335635962 0.01 0.3988780671271925 0.010213910603197292
0 0.552 0.01 0.08333333212179422 0.010213910603197292
1 0.16049820440463008 0.598 0.32099640880926017 0.010213910603197292
1 0.24775739521379364 0.978 0.4955147904275873 0.010213910603197292
0 0.020833333030448556 0.978 0.04166666606089711 0.010213910603197292
1 0.011424315240095894 0.464 0.022848630480191787 0.007295650430853129