1 0.6869571401250523 0.652 0.17791428025010464 0.0306417318095846
0 0.598 0.652 0.12499999818269135 0.0306417318095846
1 0.4669161270900931 0.92 0.9338322541801862 0.023346081378731467
0 0.026249999545672836 0.92 0.05249999909134567 0.023346081378731467
1 0.5121791640781812 0.776 0.5003583281563624 0.021886951292559388
0 0.262 0.776 0.12499999818269135 0.021886951292559388
1 0.10785587607707567 0.5800000000000018 0.16771175215415132 0.020427821206390945
0 0.053666666060897115 0.5800000000000018 0.10733333212179423 0.020427821206390945
1 0.0466844617732022 0.6359999999999982 0.0933689235464044 0.017509561034046783
1 0.7370493899937028 0.672 0.5180987799874056 0.01605043094787834
0 0.478 0.672 0.16666666424358845 0.01605043094787834
1 0.5934228891517233 0.696 0.5108457783034465 0.01605043094787834
0 0.338 0.696 0.12499999818269135 0.01605043094787834
1 0.38178199403715735 0.894 0.4795639880743147 0.01605043094787834
0 0.14199999999999818 0.894 0.1458333312131399 0.01605043094787834
1 0.7046943684147773 0.94 0.49338873682955453 0.01605043094787834
0 0.4579999999999982 0.94 0.18749999727403702 0.01605043094787834
1 0.7588899715372026 0.834 0.3417799430744053 0.014591300861706258
0 0.5879999999999982 0.834 0.18749999727403702 0.014591300861706258
1 0.06025443856435049 0.6280000000000018 0.12050887712870098 0.013132170775537815
1 0.7784520865407758 0.8720000000000018 0.3409041730815516 0.013132170775537815
0 0.6079999999999982 0.8720000000000018 0.1458333312131399 0.013132170775537815
1 0.3028603238351807 0.6120000000000018 0.16972064767036135 0.011673040689365734
0 0.218 0.6120000000000018 0.16666666424358845 0.011673040689365734
1 0.5403199991644979 0.6620000000000018 0.5126399983289958 0.011673040689365734
0 0.284 0.6620000000000018 0.08333333212179422 0.011673040689365734
1 0.05829722251083513 0.3279999999999982 0.11659444502167025 0.010213910603193653