0 0.9903333339391026 0.6640000000000073 0.019333332121794684 0.017509561034050422
1 0.858 0.08399999999999272 0.284 0.016050430947871064
0 0.716 0.08399999999999272 0.16666666424358936 0.016050430947871064
1 0.891 0.568 0.218 0.014591300861706258
0 0.782 0.568 0.14583333121314082 0.014591300861706258
1 0.35432353022367485 0.2959999999999927 0.24864706044734977 0.011673040689362096
0 0.23 0.2959999999999927 0.14583333121314082 0.011673040689362096
1 0.2545501348779467 0.504 0.26910026975589335 0.010213910603197292
0 0.11999999999999977 0.504 0.10416666515224324 0.010213910603197292
1 0.6298281281252864 0.538 0.41165625625057284 0.010213910603197292
0 0.424 0.538 0.12499999818269225 0.010213910603197292
1 0.41206053363411527 0.26 0.0641210672682305 0.005836520344688324
0 0.3799999999999998 0.26 0.08333333212179468 0.005836520344688324