1 0.803 0.4199999999999964 0.394 0.020427821206387305
0 0.6059999999999995 0.4199999999999964 0.16666666424358936 0.020427821206387305
1 0.11536468956271119 0.18 0.23072937912542238 0.017509561034050422
1 0.944 0.14000000000000365 0.112 0.01605043094787834
0 0.8879999999999996 0.14000000000000365 0.16666666424358936 0.01605043094787834
1 0.4769326745471426 0.22200000000000364 0.2418653490942852 0.01605043094787834
0 0.35599999999999954 0.22200000000000364 0.20833333030448647 0.01605043094787834
1 0.917 0.2560000000000036 0.166 0.01605043094787834
0 0.8340000000000004 0.2560000000000036 0.08333333212179514 0.01605043094787834
1 0.5387221586754113 0.3200000000000036 0.3214443173508225 0.01605043094787834
0 0.37799999999999956 0.3200000000000036 0.16666666424358936 0.01605043094787834
1 0.7620684991350254 0.11 0.35613699827005074 0.014591300861706258
0 0.5840000000000004 0.11 0.1041666651522437 0.014591300861706258
1 0.2819007690846556 0.366 0.15580153816931125 0.010213910603197292
0 0.204 0.366 0.020833333030448556 0.010213910603197292
1 0.5303502675810351 0.5340000000000036 0.24070053516207007 0.008754780517025211
0 0.4100000000000005 0.5340000000000036 0.1041666651522437 0.008754780517025211
1 0.6179661112411782 0.094 0.17593222248235635 0.007295650430853129
0 0.53 0.094 0.04166666606089711 0.007295650430853129
1 0.884 0.564 0.232 0.007295650430853129
0 0.768 0.564 0.062499999091345675 0.007295650430853129
1 0.014143856918138227 0.604 0.028287713836276453 0.007295650430853129
1 0.9460291184509956 0.06999999999999636 0.09605823690199122 0.005836520344681048
0 0.898 0.06999999999999636 0.04166666606089711 0.005836520344681048
1 0.26975995046331763 0.23799999999999635 0.3035199009266353 0.005836520344681048
0 0.118 0.23799999999999635 0.062499999091345675 0.005836520344681048
1 0.895 0.45 0.21 0.004377390258508967
0 0.79 0.45 0.062499999091345675 0.004377390258508967
1 0.1300014200399014 0.432 0.2600028400798028 0.002918260172344162