1 0.030815546378405997 0.044 0.06163109275681199 0.029182601723412516
1 0.627 0.37800000000000183 0.746 0.027723471637244073
0 0.25399999999999817 0.37800000000000183 0.1458333312131399 0.027723471637244073
1 0.04875108589470619 0.8000000000000018 0.09750217178941238 0.020427821206390945
1 0.925 0.6099999999999982 0.15 0.018968691120218865
0 0.8499999999999982 0.6099999999999982 0.10416666515224278 0.018968691120218865
1 0.16607068095998692 0.458 0.33214136191997384 0.014591300861706258
1 0.3529262657813488 0.5080000000000018 0.6538525315626975 0.013132170775537815
0 0.054666666060897116 0.5080000000000018 0.10933333212179423 0.013132170775537815
1 0.11726358347180212 0.8120000000000018 0.23452716694360423 0.013132170775537815
0 0.9691666669695514 0.9920000000000018 0.061666666060897116 0.013132170775537815
1 0.671011021260485 0.4640000000000018 0.5100220425209699 0.011673040689365734
0 0.416 0.4640000000000018 0.16666666424358845 0.011673040689365734
1 0.034630444550955874 0.4820000000000018 0.06926088910191175 0.011673040689365734
1 0.05215682964489497 0.388 0.10431365928978995 0.008754780517025211
1 0.39317506182717626 0.212 0.7863501236543525 0.007295650430853129