1 0.4669429180029415 0.442 0.365885836005883 0.033559991981921486
0 0.2840000000000005 0.442 0.14583333121314082 0.033559991981921486
1 0.49803191002149017 0.9955282621768565 0.9960638200429803 0.00894347564628697
1 0.848 0.9820000000000073 0.304 0.017509561034050422
0 0.696 0.9820000000000073 0.22916666333493596 0.017509561034050422
0 0.9679583337119393 0.6459999999999927 0.0640833325761214 0.016050430947871064
1 0.4389975426773826 0.394 0.24599508535476525 0.014591300861706258
0 0.31600000000000045 0.394 0.12499999818269225 0.014591300861706258
1 0.337858735071236 0.464 0.23971747014247194 0.014591300861706258
0 0.21800000000000044 0.464 0.12499999818269225 0.014591300861706258
1 0.44615640529295386 0.638 0.24031281058590775 0.014591300861706258
0 0.32600000000000046 0.638 0.14583333121314082 0.014591300861706258
1 0.5 0.9840000000000073 1.0 0.013132170775541454
1 0.33001962774605725 0.7059999999999927 0.3520392554921145 0.011673040689362096
0 0.15400000000000044 0.7059999999999927 0.1041666651522437 0.011673040689362096
1 0.8339662988808881 0.522 0.2559325977617764 0.010213910603197292
0 0.7060000000000004 0.522 0.12499999818269225 0.010213910603197292