1 0.03800409675334549 0.8680000000000037 0.07600819350669098 0.02626434155107563
1 0.08383002050486402 0.392 0.16766004100972803 0.02480521146490355
1 0.5325261987345647 0.568 0.26105239746912956 0.02480521146490355
0 0.40200000000000047 0.568 0.12499999818269225 0.02480521146490355
0 0.9625416671967151 0.9119999999999964 0.07491666560656995 0.020427821206387305
1 0.023934712620399295 0.962 0.04786942524079859 0.014591300861706258
1 0.902 0.20999999999999636 0.196 0.013132170775534177
0 0.8040000000000005 0.20999999999999636 0.12499999818269225 0.013132170775534177
1 0.14232607965041144 0.8479999999999963 0.2846521593008229 0.013132170775534177
1 0.16107368847700035 0.8619999999999963 0.3221473769540007 0.013132170775534177
1 0.4691282300264993 0.192 0.2622564600529986 0.011673040689362096
0 0.33800000000000047 0.192 0.1041666651522437 0.011673040689362096
1 0.3487853105170452 0.384 0.12957062103409045 0.011673040689362096
0 0.2840000000000005 0.384 0.12499999818269225 0.011673040689362096
1 0.08105945980679917 0.858 0.16211891961359834 0.011673040689362096
1 0.42855780165678925 0.992 0.2691156033135785 0.011673040689362096
0 0.2940000000000004 0.992 0.08333333212179514 0.011673040689362096
1 0.972 0.656 0.056 0.010213910603197292
0 0.9440000000000005 0.656 0.08333333212179514 0.010213910603197292
0 0.9841666669695515 0.93 0.03166666606089712 0.010213910603197292
1 0.1772173850724762 0.8000000000000036 0.3544347701449524 0.008754780517025211