1 0.041870898116561875 0.3319999999999991 0.08374179623312375 0.043773902585120594
1 0.6271090292343042 0.6939999999999991 0.3262180584686084 0.03210086189575486
0 0.46400000000000047 0.6939999999999991 0.3958333275785253 0.03210086189575486
1 0.05789408307872327 0.146 0.11578816615744654 0.027723471637244073
1 0.6413331736262557 0.214 0.4386663472525115 0.027723471637244073
0 0.42200000000000043 0.214 0.14583333121314082 0.027723471637244073
1 0.4230050283034539 0.5759999999999991 0.3060100566069077 0.024805211464901732
0 0.2699999999999995 0.5759999999999991 0.18749999727403793 0.024805211464901732
1 0.5932386148010974 0.7239999999999991 0.3224772296021947 0.024805211464901732
0 0.432 0.7239999999999991 0.020833333030448556 0.024805211464901732
1 0.04918672091753342 0.038 0.09837344183506684 0.018968691120218865
1 0.5689232590822221 0.786 0.3178465181644442 0.014591300861706258
0 0.41 0.786 0.020833333030448556 0.014591300861706258
0 0.9773750002271636 0.804 0.04524999954567283 0.014591300861706258
1 0.018369481505884324 0.116 0.03673896301176865 0.011673040689365734
1 0.48742101496715307 0.396 0.21884202993430607 0.011673040689365734
0 0.37800000000000045 0.396 0.08333333212179514 0.011673040689365734
1 0.9089215053222474 0.942000000000001 0.17384301064449484 0.010213910603195472
0 0.8220000000000005 0.942000000000001 0.1041666651522437 0.010213910603195472
1 0.3458862582828365 0.7679999999999991 0.30377251656567295 0.008754780517023391
0 0.19400000000000045 0.7679999999999991 0.1041666651522437 0.008754780517023391
1 0.46795546656120357 0.56 0.3079109331224072 0.007295650430853129
1 0.48771015443888427 0.662 0.23942030887776855 0.007295650430853129
0 0.368 0.662 0.04166666606089711 0.007295650430853129
1 0.38541768024892464 0.822 0.23083536049784925 0.007295650430853129
0 0.27000000000000046 0.822 0.08333333212179514 0.007295650430853129
1 0.5852685518364574 0.9940000000000009 0.24253710367291478 0.005836520344682867
0 0.464 0.9940000000000009 0.062499999091345675 0.005836520344682867
1 0.5163329654299951 0.902 0.08066593085999012 0.0043773902585126055