1 0.875 0.472 0.25 0.03793738224043773
0 0.7499999999999982 0.472 0.18749999727403702 0.03793738224043773
1 0.897 0.036 0.206 0.027723471637244073
0 0.7939999999999982 0.036 0.1458333312131399 0.027723471637244073
0 0.9951666669695515 0.1 0.009666666060897115 0.027723471637244073
1 0.946 0.24 0.108 0.026264341551071994
0 0.8626666678782058 0.24 0.27466666424358843 0.026264341551071994
1 0.707 0.914 0.586 0.026264341551071994
0 0.4140000000000009 0.914 0.22916666333493596 0.026264341551071994
1 0.875 0.002201302866224978 0.25 0.004402605732449956
0 0.7499999999999982 0.002201302866224978 0.27083332939583127 0.004402605732449956
1 0.3600317444022021 0.0014717378231407566 0.3040634888044042 0.002943475646281513
0 0.208 0.0014717378231407566 0.08333333212179422 0.002943475646281513
1 0.864 0.344 0.272 0.018968691120218865
0 0.728 0.344 0.16666666424358845 0.018968691120218865
1 0.22648560576798082 0.94 0.4049712115359616 0.018968691120218865
0 0.06929166583373444 0.94 0.1385833316674689 0.018968691120218865
1 0.7621989572954772 0.9962578272199453 0.11239791459095431 0.007484345560109432
0 0.7059999999999982 0.9962578272199453 0.18749999727403702 0.007484345560109432
0 0.9951666669695515 0.30000000000000093 0.009666666060897115 0.0175095610340486
1 0.967 0.4520000000000009 0.066 0.0175095610340486
0 0.9149166674238786 0.4520000000000009 0.1701666651522428 0.0175095610340486
1 0.5215115009805541 0.6600000000000009 0.4310230019611081 0.0175095610340486
0 0.306 0.6600000000000009 0.04166666606089711 0.0175095610340486
0 0.9743333339391029 0.184 0.05133333212179423 0.01605043094787834
1 0.45861161090404495 0.012 0.30522322180808986 0.014591300861706258
0 0.306 0.012 0.10416666515224278 0.014591300861706258
1 0.2443412040999192 0.258 0.4206824081998384 0.014591300861706258
0 0.06387499931851016 0.258 0.12774999863702033 0.014591300861706258
1 0.07637249652193531 0.602 0.15274499304387062 0.014591300861706258
1 0.07844162833461905 0.794 0.1568832566692381 0.014591300861706258
1 0.864 0.892 0.272 0.014591300861706258
0 0.7279999999999982 0.892 0.22916666333493413 0.014591300861706258
1 0.4268785889736519 0.306 0.3297571779473037 0.011673040689365734
0 0.262 0.306 0.10416666515224278 0.011673040689365734
1 0.783 0.444 0.434 0.011673040689365734
0 0.5659999999999982 0.444 0.1458333312131399 0.011673040689365734
1 0.7245155049958284 0.710000000000001 0.3370310099916569 0.010213910603195472
0 0.556 0.710000000000001 0.12499999818269135 0.010213910603195472
1 0.28222532944019985 0.9660000000000009 0.10445065888039971 0.010213910603195472
0 0.23 0.9660000000000009 0.062499999091345675 0.010213910603195472
1 0.0797740019871735 0.7359999999999991 0.159548003974347 0.008754780517023391
1 0.9161351534464065 0.7879999999999991 0.11627030689281309 0.008754780517023391
0 0.858 0.7879999999999991 0.08333333212179422 0.008754780517023391
1 0.5849166122882689 0.75 0.4298332245765378 0.007295650430853129
0 0.37 0.75 0.08333333212179422 0.007295650430853129
1 0.04239572368394966 0.2380000000000009 0.08479144736789931 0.005836520344682867