1 0.769 0.9967043495691469 0.462 0.006591300861706259
0 0.5380000000000009 0.9967043495691469 0.18749999727403882 0.006591300861706259
1 0.8117995445158386 0.26599999999999635 0.2875990890316771 0.027723471637240437
0 0.6680000000000009 0.26599999999999635 0.1458333312131417 0.027723471637240437
1 0.887721519714717 0.27800000000000363 0.21944303942943408 0.02626434155107563
0 0.778 0.27800000000000363 0.12499999818269135 0.02626434155107563
1 0.09671087565694052 0.67 0.19342175131388104 0.017509561034050422
0 0.028291665833734443 0.67 0.056583331667468886 0.017509561034050422
0 0.9605416671967151 0.696 0.07891666560656994 0.011673040689362096
0 0.9923750002271636 0.4460000000000036 0.015249999545672835 0.008754780517025211
1 0.48108363608049876 0.41 0.3381672721609975 0.007295650430853129