1 0.813 0.6499999999999927 0.374 0.026264341551068354
0 0.626 0.6499999999999927 0.3541666615176291 0.026264341551068354
1 0.12350423453515759 0.7319999999999928 0.24700846907031518 0.026264341551068354
1 0.4104745940785142 0.7559999999999927 0.5249491881570284 0.026264341551068354
0 0.1479999999999982 0.7559999999999927 0.27083332939583127 0.026264341551068354
1 0.742 0.982 0.516 0.02480521146490355
0 0.48399999999999815 0.982 0.22916666333493413 0.02480521146490355
1 0.0176730344354728 0.9020000000000072 0.0353460688709456 0.017509561034050422
1 0.91 0.9279999999999927 0.18 0.016050430947871064
0 0.8199999999999982 0.9279999999999927 0.18749999727403702 0.016050430947871064
1 0.6349279185969553 0.798 0.4098558371939107 0.010213910603197292
0 0.42999999999999816 0.798 0.10416666515224278 0.010213910603197292
1 0.3376016380616511 0.86 0.2712032761233022 0.005836520344688324
0 0.202 0.86 0.08333333212179422 0.005836520344688324