1 0.958 0.8380000000000004 0.084 0.0393965123266089
0 0.9007083341662656 0.8380000000000004 0.1985833316674689 0.0393965123266089
1 0.41734318886871913 0.5079999999999996 0.47868637773743833 0.03501912206809629
0 0.178 0.5079999999999996 0.12499999818269135 0.03501912206809629
1 0.866 0.40999999999999953 0.268 0.03355999198192603
0 0.7319999999999982 0.40999999999999953 0.18749999727403702 0.03355999198192603
1 0.09117573072233244 0.878 0.18235146144466488 0.0306417318095846
1 0.2519341994692204 0.9419999999999995 0.2998683989384408 0.027723471637243164
0 0.102 0.9419999999999995 0.16666666424358845 0.027723471637243164
1 0.032696956730058443 0.9079999999999996 0.06539391346011689 0.021886951292560297
1 0.3003716049885261 0.14600000000000046 0.6007432099770522 0.020427821206390036
0 0.03808333257612139 0.14600000000000046 0.07616666515224278 0.020427821206390036
0 0.9815000009086543 0.176 0.03699999818269134 0.018968691120218865
1 0.40542867090000073 0.23 0.3228573418000015 0.018968691120218865
0 0.2439999999999982 0.23 0.22916666333493413 0.018968691120218865
1 0.952 0.488 0.096 0.018968691120218865
0 0.8947083341662656 0.488 0.21058333166746887 0.018968691120218865
1 0.8705066336439086 0.61 0.16901326728781715 0.018968691120218865
0 0.786 0.61 0.12499999818269135 0.018968691120218865
1 0.3165907017944628 0.92 0.4491814035889256 0.0175095610340486
0 0.0980833325761214 0.92 0.1961666651522428 0.0175095610340486
1 0.04575951454469941 0.37199999999999955 0.09151902908939882 0.01605043094787743
1 0.947 0.7479999999999996 0.106 0.01605043094787743
0 0.894 0.7479999999999996 0.16666666424358845 0.01605043094787743
1 0.06044091532163657 0.058000000000000454 0.12088183064327314 0.014591300861707169