1 0.5792912190631123 0.432 0.6185824381262246 0.036478252154265645
0 0.2700000000000009 0.432 0.1458333312131417 0.036478252154265645
1 0.15976092533709288 0.7239999999999963 0.31952185067418576 0.035019122068093565
1 0.06832336772308872 0.8140000000000036 0.13664673544617745 0.03355999198192876
1 0.13784261944212903 0.025999999999996363 0.27568523888425805 0.0306417318095846
1 0.1580314819044106 0.35800000000000365 0.3160629638088212 0.023346081378731467
0 0.9137083341662665 0.738 0.17258333166746706 0.017509561034050422
1 0.5420419334781537 0.7940000000000036 0.15608386695630724 0.01605043094787834
0 0.464 0.7940000000000036 0.08333333212179422 0.01605043094787834
1 0.933 0.41399999999999637 0.134 0.013132170775534177
0 0.8660000000000009 0.41399999999999637 0.1458333312131417 0.013132170775534177
1 0.04594444992525632 0.8779999999999963 0.09188889985051264 0.013132170775534177
1 0.13456965131844936 0.026 0.2691393026368987 0.011673040689362096
1 0.2705717153486621 0.316 0.5411434306973242 0.010213910603197292
1 0.4667972104294304 0.838 0.15759442085886075 0.010213910603197292
0 0.388 0.838 0.020833333030448556 0.010213910603197292
1 0.2913715538856395 0.372 0.582743107771279 0.007295650430853129
0 0.009624999772836419 0.372 0.019249999545672837 0.007295650430853129