1 0.049901931411588524 0.866 0.09980386282317705 0.030641731809591875
1 0.6175186745828559 0.018000000000007278 0.19103734916571194 0.027723471637247712
0 0.522 0.018000000000007278 0.2499999963653827 0.027723471637247712
1 0.6320347670827959 0.3479999999999927 0.3720695341655919 0.026264341551068354
0 0.4459999999999982 0.3479999999999927 0.1458333312131399 0.026264341551068354
1 0.7484576639968382 0.9459999999999927 0.38891532799367634 0.021886951292559388
0 0.5539999999999982 0.9459999999999927 0.18749999727403702 0.021886951292559388
1 0.6379101290446452 0.318 0.1878202580892903 0.014591300861706258
0 0.5439999999999982 0.318 0.10416666515224278 0.014591300861706258
1 0.3168535881604748 0.444 0.6337071763209496 0.014591300861706258
1 0.3231758344750669 0.9990817398276558 0.1863516689501339 0.0018365203446883242
0 0.23 0.9990817398276558 0.12499999818269135 0.0018365203446883242