1 0.1011824153385669 0.9877043495691469 0.2023648306771338 0.02459130086170626
1 0.783 0.89 0.434 0.020427821206394584
0 0.5659999999999982 0.89 0.27083332939583127 0.020427821206394584
1 0.6843941284063348 0.428 0.3247882568126697 0.018968691120215226
0 0.5219999999999981 0.428 0.18749999727403702 0.018968691120215226
1 0.4299644570262171 0.7740000000000072 0.8599289140524342 0.017509561034050422
1 0.0716059176943818 0.06199999999999272 0.1432118353887636 0.016050430947871064
1 0.604 0.46199999999999275 0.792 0.016050430947871064
0 0.2080000000000009 0.46199999999999275 0.1458333312131417 0.016050430947871064
1 0.5603726700535971 0.6359999999999927 0.42074534010719433 0.016050430947871064
0 0.3500000000000009 0.6359999999999927 0.1458333312131417 0.016050430947871064
1 0.5375937742708338 0.6359999999999927 0.4191875485416676 0.016050430947871064
0 0.3280000000000009 0.6359999999999927 0.1458333312131417 0.016050430947871064
1 0.1891366458070197 0.30200000000000726 0.3782732916140394 0.013132170775541454
0 0.03687499931851016 0.30200000000000726 0.07374999863702032 0.013132170775541454
1 0.799 0.45199999999999274 0.402 0.011673040689362096
0 0.5979999999999982 0.45199999999999274 0.1458333312131399 0.011673040689362096
1 0.11232832752185096 0.6459999999999927 0.2246566550437019 0.011673040689362096
1 0.4777392786350665 0.7299999999999928 0.10747855727013303 0.011673040689362096
0 0.424 0.7299999999999928 0.12499999818269135 0.011673040689362096
1 0.718 0.478 0.564 0.010213910603197292
0 0.436 0.478 0.08333333212179422 0.010213910603197292