1 0.586 0.376 0.828 0.07587476448087546
0 0.23183333121314173 0.376 0.46366666242628346 0.07587476448087546
1 0.96 0.142 0.08 0.03210086189575668
0 0.9199999999999982 0.142 0.1458333312131399 0.03210086189575668
1 0.1215536156123726 0.148 0.2431072312247452 0.02480521146490355
1 0.05749000765536584 0.276 0.11498001531073168 0.023346081378731467
1 0.749 0.5 0.502 0.021886951292559388
0 0.49799999999999817 0.5 0.1458333312131399 0.021886951292559388
1 0.12661487535263585 0.3600000000000018 0.2532297507052717 0.020427821206390945
1 0.11932314681831122 0.30599999999999816 0.23864629363662243 0.018968691120218865
1 0.3865404637596839 0.9936226097414874 0.7730809275193679 0.012754780517025211
1 0.14747372299362177 0.234 0.29494744598724354 0.01605043094787834
0 0.8239999999999982 0.0012830426938853633 0.10416666515224278 0.0025660853877707266
1 0.6486657020402071 0.32800000000000185 0.12933140408041435 0.013132170775537815
0 0.584 0.32800000000000185 0.12499999818269135 0.013132170775537815
1 0.03529184216117392 0.6860000000000018 0.07058368432234784 0.013132170775537815
1 0.06414194304628472 0.856 0.12828388609256944 0.005836520344681048