1 0.5440145731217199 0.9559999999999927 0.48402914624343973 0.04085564241277461
0 0.30199999999999816 0.9559999999999927 0.22916666333493413 0.04085564241277461
1 0.49583226045315676 0.9759999999999928 0.36366452090631357 0.04085564241277461
0 0.314 0.9759999999999928 0.20833333030448556 0.04085564241277461
1 0.17195943256167084 0.138 0.3439188651233417 0.033559991981921486
1 0.885 0.5719999999999927 0.23 0.021886951292559388
0 0.77 0.5719999999999927 0.2499999963653827 0.021886951292559388
1 0.09960005721360357 0.218 0.19920011442720714 0.018968691120215226
1 0.03967289161046574 0.384 0.07934578322093148 0.018968691120215226
1 0.15947969243646185 0.104 0.2349593848729237 0.014591300861706258
0 0.042 0.104 0.08333333212179422 0.014591300861706258
1 0.20709981956884985 0.11600000000000728 0.3501996391376997 0.013132170775541454
0 0.04204166628805979 0.11600000000000728 0.08408333257611958 0.013132170775541454
1 0.857 0.22599999999999273 0.286 0.011673040689362096
0 0.7139999999999982 0.22599999999999273 0.1458333312131399 0.011673040689362096
1 0.6476370996369405 0.5039999999999927 0.2552741992738811 0.011673040689362096
0 0.5199999999999981 0.5039999999999927 0.1458333312131399 0.011673040689362096
1 0.4512727410876487 0.8799999999999927 0.12254548217529737 0.011673040689362096
0 0.3899999999999982 0.8799999999999927 0.10416666515224278 0.011673040689362096
1 0.2915035034797875 0.3719999999999927 0.47500700695957493 0.007295650430853129
0 0.05399999999999818 0.3719999999999927 0.062499999091345675 0.007295650430853129
1 0.5302490664391789 0.082 0.36849813287835786 0.005836520344688324
0 0.346 0.082 0.08333333212179422 0.005836520344688324