1 0.5125147414255007 0.4660000000000073 0.24502948285100137 0.027723471637247712
0 0.3899999999999982 0.4660000000000073 0.1458333312131399 0.027723471637247712
1 0.939 0.138 0.122 0.023346081378724192
0 0.8779999999999982 0.138 0.18749999727403702 0.023346081378724192
1 0.7122049630713937 0.7479999999999927 0.2564099261427873 0.021886951292559388
0 0.5839999999999982 0.7479999999999927 0.10416666515224278 0.021886951292559388
1 0.76 0.192 0.48 0.020427821206394584
0 0.52 0.192 0.12499999818269135 0.020427821206394584
1 0.96 0.498 0.08 0.020427821206394584
0 0.9131250006814898 0.498 0.17374999863702031 0.020427821206394584
1 0.906 0.572 0.188 0.018968691120215226
0 0.8119999999999982 0.572 0.18749999727403702 0.018968691120215226
1 0.863 0.024000000000007276 0.274 0.017509561034050422
0 0.7259999999999982 0.024000000000007276 0.1458333312131399 0.017509561034050422
1 0.917 0.36400000000000726 0.166 0.017509561034050422
0 0.834 0.36400000000000726 0.20833333030448556 0.017509561034050422
1 0.06405986300814948 0.46199999999999275 0.12811972601629895 0.016050430947871064
1 0.32125684638454366 0.312 0.36251369276908735 0.014591300861706258
0 0.14 0.312 0.12499999818269135 0.014591300861706258
1 0.3212503685665288 0.314 0.3625007371330576 0.014591300861706258
0 0.14 0.314 0.12499999818269135 0.014591300861706258
1 0.3960222789522759 0.484 0.36004455790455175 0.014591300861706258
0 0.216 0.484 0.16666666424358845 0.014591300861706258
1 0.82 0.66 0.36 0.014591300861706258
0 0.64 0.66 0.12499999818269135 0.014591300861706258
1 0.944 0.778 0.112 0.014591300861706258
0 0.8879999999999982 0.778 0.1458333312131399 0.014591300861706258
1 0.49293275620379245 0.5860000000000073 0.7058655124075849 0.013132170775541454
0 0.13999999999999818 0.5860000000000073 0.1458333312131399 0.013132170775541454
1 0.879 0.6060000000000073 0.242 0.013132170775541454
0 0.758 0.6060000000000073 0.12499999818269135 0.013132170775541454
1 0.4581434283729777 0.24799999999999273 0.24428685674595546 0.011673040689362096
0 0.3359999999999982 0.24799999999999273 0.10416666515224278 0.011673040689362096
1 0.12643374601110918 0.45199999999999274 0.25286749202221837 0.011673040689362096
0 0.9835416671967141 0.6019999999999928 0.03291666560657177 0.011673040689362096
1 0.08836858023923014 0.478 0.17673716047846028 0.010213910603197292
1 0.17662026204343056 0.514 0.11724052408686111 0.010213910603197292
0 0.11799999999999818 0.514 0.10416666515224278 0.010213910603197292
0 0.9455416671967141 0.648 0.10891666560657177 0.010213910603197292
1 0.754 0.678 0.492 0.008754780517017934
0 0.508 0.678 0.08333333212179422 0.008754780517017934
1 0.7989001756542348 0.792 0.38580035130846957 0.005836520344688324
0 0.6059999999999982 0.792 0.062499999091345675 0.005836520344688324
1 0.852 0.814 0.296 0.005836520344688324
0 0.7039999999999982 0.814 0.062499999091345675 0.005836520344688324