1 0.6925274155973934 0.004106955301597452 0.40505483119478686 0.008213910603194903
0 0.49 0.004106955301597452 0.27083332939583304 0.008213910603194903
1 0.945 0.28000000000000014 0.11 0.020427821206389807
0 0.8900000000000005 0.28000000000000014 0.1041666651522437 0.020427821206389807
1 0.06883589644878566 0.7480000000000001 0.1376717928975713 0.017509561034048375
1 0.2738418771231245 0.4559999999999999 0.391683754246249 0.01605043094787766
0 0.08587499931850925 0.4559999999999999 0.1717499986370185 0.01605043094787766
1 0.21737415973245744 0.7779999999999999 0.41074831946491486 0.01605043094787766
0 0.05287499931850925 0.7779999999999999 0.1057499986370185 0.01605043094787766
1 0.03399384900396899 0.8959999999999999 0.06798769800793798 0.01605043094787766
1 0.3842735384895436 0.47799999999999987 0.26854707697908725 0.014591300861706942
0 0.24999999999999956 0.47799999999999987 0.16666666424358936 0.014591300861706942
1 0.4515962318192528 0.9539999999999998 0.2951924636385056 0.008754780517024073
0 0.30400000000000044 0.9539999999999998 0.08333333212179514 0.008754780517024073
1 0.550354895223767 0.9779999999999999 0.448709790447534 0.008754780517024073
0 0.32600000000000046 0.9779999999999999 0.08333333212179514 0.008754780517024073
1 0.82 0.172 0.36 0.0072956504308535845
0 0.6400000000000005 0.172 0.08333333212179514 0.0072956504308535845