1 0.837 0.452 0.326 0.06566085387767816
0 0.6739999999999982 0.452 0.18749999727403702 0.06566085387767816
1 0.599 0.694 0.802 0.03939651232660981
0 0.1980000000000009 0.694 0.27083332939583304 0.03939651232660981
1 0.707 0.706 0.586 0.036478252154265645
0 0.4140000000000009 0.706 0.27083332939583304 0.036478252154265645
1 0.34958550732861476 0.8300000000000036 0.39117101465722953 0.03355999198192876
0 0.15400000000000091 0.8300000000000036 0.18749999727403882 0.03355999198192876
0 0.9504166683325329 0.172 0.09916666333493412 0.03210086189575668
1 0.37072724817255404 0.816 0.38945449634510804 0.03210086189575668
0 0.1760000000000009 0.816 0.18749999727403882 0.03210086189575668
1 0.7492698246815326 0.8640000000000037 0.3225396493630651 0.02626434155107563
0 0.588 0.8640000000000037 0.12499999818269135 0.02626434155107563
1 0.7704161799159247 0.41400000000000364 0.28083235983184934 0.023346081378731467
0 0.6299999999999982 0.41400000000000364 0.18749999727403702 0.023346081378731467
1 0.821 0.784 0.358 0.021886951292559388
0 0.642 0.784 0.12499999818269135 0.021886951292559388
1 0.5878292675616776 0.208 0.3676585351233552 0.017509561034050422
0 0.4040000000000009 0.208 0.1458333312131417 0.017509561034050422
1 0.5277265446942547 0.5300000000000037 0.1834530893885094 0.01605043094787834
0 0.436 0.5300000000000037 0.12499999818269135 0.01605043094787834
1 0.3991055491180869 0.9740000000000036 0.3182110982361737 0.01605043094787834
0 0.2400000000000009 0.9740000000000036 0.1458333312131417 0.01605043094787834
1 0.956 0.6239999999999963 0.088 0.013132170775534177
0 0.912 0.6239999999999963 0.12499999818269135 0.013132170775534177
1 0.2641895875860937 0.18 0.2643791751721874 0.010213910603197292
0 0.132 0.18 0.10416666515224278 0.010213910603197292