1 0.09640010902731229 0.38599999999999635 0.19280021805462458 0.03793738224043773
1 0.24446651454348647 0.36000000000000365 0.45293302908697297 0.02626434155107563
0 0.055874999318510164 0.36000000000000365 0.11174999863702033 0.02626434155107563
1 0.18152280274689112 0.03000000000000364 0.1550456054937822 0.0189686911202225
0 0.10400000000000091 0.03000000000000364 0.1458333312131417 0.0189686911202225
1 0.04678262716660265 0.17400000000000365 0.0935652543332053 0.01605043094787834
1 0.38927233307992354 0.07399999999999636 0.1585446661598471 0.013132170775534177
0 0.3100000000000009 0.07399999999999636 0.16666666424359028 0.013132170775534177
1 0.7177094375744627 0.05 0.1634188751489255 0.011673040689362096
0 0.636 0.05 0.062499999091345675 0.011673040689362096
1 0.12922615766485343 0.428 0.25845231532970686 0.011673040689362096
1 0.24803255179315967 0.5900000000000036 0.49606510358631933 0.008754780517025211