1 0.18354062857740064 0.398 0.21108125715480128 0.02042782120638975
0 0.09629166583373444 0.398 0.19258333166746888 0.02042782120638975
1 0.33448096739307587 0.84 0.2089619347861517 0.020427821206389807
0 0.2300000000000009 0.84 0.16666666424359028 0.020427821206389807
1 0.6439110096761979 0.854 0.21982201935239573 0.020427821206389807
0 0.534 0.854 0.08333333212179422 0.020427821206389807
1 0.913 0.57 0.174 0.01896869112021909
0 0.8259999999999982 0.57 0.1458333312131399 0.01896869112021909
1 0.7869635796341227 0.878 0.2259271592682453 0.017509561034048375
0 0.6739999999999982 0.878 0.1458333312131399 0.017509561034048375
1 0.6262350846615227 0.098 0.36047016932304543 0.016050430947877673
0 0.4460000000000009 0.098 0.18749999727403882 0.016050430947877673
1 0.7653458553973506 0.948 0.33469171079470106 0.01605043094787766
0 0.598 0.948 0.08333333212179422 0.01605043094787766
1 0.03125382668214479 0.138 0.06250765336428958 0.01459130086170697
1 0.3381308593274116 0.448 0.3242617186548232 0.014591300861706997
0 0.1760000000000009 0.448 0.1458333312131417 0.014591300861706997
1 0.962 0.982 0.076 0.014591300861706942
0 0.924 0.982 0.12499999818269135 0.014591300861706942
1 0.009445158129837181 0.468 0.018890316259674363 0.011673040689365564
1 0.06960609726437542 0.618 0.13921219452875083 0.011673040689365621
1 0.38988205940777154 0.94 0.21176411881554305 0.010213910603194903
0 0.284 0.94 0.10416666515224278 0.010213910603194903
1 0.47699788740440274 0.81 0.21399577480880544 0.005836520344682753
0 0.37 0.81 0.04166666606089711 0.005836520344682753
1 0.576726569771623 0.828 0.21745313954324594 0.0043773902585120365
0 0.4679999999999982 0.828 0.062499999091345675 0.0043773902585120365