1 0.688 0.3 0.624 0.043773902585118776
0 0.37600000000000183 0.3 0.5833333248525633 0.043773902585118776
0 0.9821250006814899 0.3800000000000073 0.035749998637020323 0.04231477249895397
0 0.9231250006814898 0.3960000000000073 0.15374999863702032 0.04231477249895397
1 0.921 0.162 0.158 0.035019122068100844
0 0.8420000000000019 0.162 0.2916666624262834 0.035019122068100844
1 0.21585707248755898 0.058 0.26371414497511797 0.033559991981921486
0 0.084 0.058 0.08333333212179422 0.033559991981921486
1 0.12644713238756414 0.9 0.2528942647751283 0.033559991981921486
0 0.032541665379407274 0.9 0.06508333075881455 0.033559991981921486
1 0.954 0.034 0.092 0.018968691120215226
0 0.908 0.034 0.08333333212179422 0.018968691120215226
1 0.2626624140783915 0.68 0.525324828156783 0.018968691120215226
1 0.47468713249118266 0.2520000000000073 0.26137426498236527 0.017509561034050422
0 0.3439999999999982 0.2520000000000073 0.22916666333493413 0.017509561034050422
1 0.13803069405122187 0.6199999999999928 0.27606138810244374 0.016050430947871064
1 0.03521498348365094 0.7759999999999927 0.07042996696730187 0.016050430947871064
1 0.943 0.18 0.114 0.014591300861706258
0 0.8859999999999982 0.18 0.1458333312131399 0.014591300861706258
1 0.585327076470583 0.368 0.13465415294116612 0.014591300861706258
0 0.518 0.368 0.20833333030448556 0.014591300861706258
0 0.9391250006814899 0.9933521747845734 0.12174999863702032 0.01329565043085313
1 0.818 0.13000000000000728 0.364 0.013132170775541454
0 0.6359999999999982 0.13000000000000728 0.1458333312131399 0.013132170775541454
1 0.5645692603871375 0.14800000000000726 0.1371385207742751 0.013132170775541454
0 0.496 0.14800000000000726 0.12499999818269135 0.013132170775541454
1 0.36533081730019146 0.9280000000000073 0.258661634600383 0.013132170775541454
0 0.236 0.9280000000000073 0.16666666424358845 0.013132170775541454
1 0.894 0.7319999999999928 0.212 0.011673040689362096
0 0.788 0.7319999999999928 0.08333333212179422 0.011673040689362096
1 0.06458098937950126 0.7739999999999927 0.1291619787590025 0.011673040689362096
1 0.5475081786254832 0.8439999999999928 0.5150163572509664 0.011673040689362096
0 0.2899999999999982 0.8439999999999928 0.062499999091345675 0.011673040689362096
1 0.9134791003383016 0.008 0.14295820067660314 0.010213910603197292
0 0.842 0.008 0.08333333212179422 0.010213910603197292
1 0.861 0.114 0.278 0.010213910603197292
0 0.722 0.114 0.08333333212179422 0.010213910603197292
1 0.791 0.814 0.418 0.010213910603197292
0 0.582 0.814 0.08333333212179422 0.010213910603197292