1 0.3612811952132142 0.86 0.35056239042642845 0.03647825215426746
0 0.186 0.86 0.2499999963653827 0.03647825215426746
1 0.6491606386769309 0.084 0.34232127735386164 0.027723471637243164
0 0.4779999999999982 0.084 0.18749999727403702 0.027723471637243164
1 0.37931976404335 0.7139999999999997 0.7586395280867 0.026264341551072448
1 0.3643089599912073 0.064 0.4886179199824146 0.024805211464901732
0 0.11999999999999818 0.064 0.1458333312131399 0.024805211464901732
1 0.02530559054463265 0.5499999999999998 0.0506111810892653 0.023346081378731013
1 0.573460321386412 0.7119999999999997 0.534920642772824 0.02042782120638958
0 0.30599999999999816 0.7119999999999997 0.10416666515224278 0.02042782120638958
1 0.2163639178140602 0.9932578272199453 0.4327278356281204 0.013484345560109433
0 0.025708332348956902 0.9932578272199453 0.051416664697913804 0.013484345560109433
1 0.45951947672640014 0.5119999999999998 0.35103895345280034 0.017509561034048146
0 0.2839999999999982 0.5119999999999998 0.18749999727403702 0.017509561034048146
1 0.7559284931415295 0.4800000000000002 0.35985698628305907 0.016050430947877885
0 0.576 0.4800000000000002 0.20833333030448556 0.016050430947877885
1 0.94 0.19 0.12 0.014591300861707169
0 0.8799999999999982 0.19 0.10416666515224278 0.014591300861707169
1 0.599598144907397 0.226 0.351196289814794 0.014591300861707169
0 0.42399999999999816 0.226 0.10416666515224278 0.014591300861707169
1 0.38104758383953413 0.432 0.17409516767906824 0.014591300861707169
0 0.2939999999999982 0.432 0.10416666515224278 0.014591300861707169
1 0.09413203682685162 0.836 0.18826407365370323 0.014591300861707169
1 0.2391327862597809 0.904 0.3462655725195618 0.014591300861707169
0 0.06945833280328406 0.904 0.13891666560656812 0.014591300861707169
1 0.7887241553831446 0.6940000000000002 0.18544831076628907 0.013132170775536451
0 0.6959999999999982 0.6940000000000002 0.18749999727403702 0.013132170775536451
1 0.7110921305065658 0.458 0.3581842610131316 0.011673040689365734
0 0.5319999999999981 0.458 0.10416666515224278 0.011673040689365734
1 0.3559645173939025 0.41200000000000025 0.511929034787805 0.010213910603195018
0 0.09999999999999819 0.41200000000000025 0.10416666515224278 0.010213910603195018