1 0.4710576866317315 0.788 0.694115373263463 0.05690607336065659
0 0.20262499795552866 0.788 0.4052499959110573 0.05690607336065659
1 0.20244958357769247 0.074 0.40489916715538493 0.03793738224043773
1 0.4150438359647287 0.17 0.8300876719294574 0.03793738224043773
1 0.16094794458213074 0.826 0.3218958891642615 0.026264341551071994
1 0.055594120797817594 0.802 0.11118824159563519 0.023346081378731467
1 0.1954137032232811 0.2420000000000009 0.3908274064465622 0.021886951292561206
0 0.021291665833732622 0.2420000000000009 0.042583331667465245 0.021886951292561206
1 0.26003456573766015 0.132 0.4680691314753203 0.018968691120218865
0 0.05987499931850834 0.132 0.11974999863701669 0.018968691120218865
1 0.757 0.054 0.486 0.01605043094787834
0 0.5139999999999982 0.054 0.18749999727403702 0.01605043094787834
1 0.66 0.3819999999999991 0.68 0.013132170775535997
0 0.3199999999999982 0.3819999999999991 0.1458333312131399 0.013132170775535997
1 0.2203859708434229 0.474 0.17277194168684581 0.011673040689365734
0 0.13399999999999818 0.474 0.062499999091345675 0.011673040689365734
1 0.15731080782451864 0.81 0.3146216156490373 0.011673040689365734
0 0.022458332803284065 0.81 0.04491666560656813 0.011673040689365734
1 0.979 0.692000000000001 0.042 0.010213910603195472
0 0.9529583337119384 0.692000000000001 0.09408333257612321 0.010213910603195472
1 0.5902417798146962 0.336 0.1724835596293924 0.007295650430853129
0 0.5039999999999982 0.336 0.062499999091345675 0.007295650430853129
1 0.6938395768150731 0.754 0.18767915363014617 0.007295650430853129
0 0.6 0.754 0.08333333212179422 0.007295650430853129
1 0.14178089188002013 0.3180000000000009 0.28356178376004026 0.005836520344682867