1 0.731 0.944 0.538 0.03355999198192603
0 0.4619999999999995 0.944 0.16666666424358936 0.03355999198192603
1 0.883 0.6399999999999998 0.234 0.023346081378731013
0 0.766 0.6399999999999998 0.020833333030448556 0.023346081378731013
1 0.97 0.8859999999999998 0.06 0.02042782120638958
0 0.9127083341662661 0.8859999999999998 0.17458333166746798 0.02042782120638958
1 0.6463321992225851 0.234 0.10866439844517026 0.018968691120218865
0 0.5920000000000004 0.234 0.08333333212179514 0.018968691120218865
1 0.8459499614935462 0.694 0.09589992298709239 0.018968691120218865
0 0.7980000000000005 0.694 0.08333333212179514 0.018968691120218865
1 0.13902784678932903 0.17599999999999977 0.27805569357865806 0.017509561034048146
0 0.013833333030449011 0.17599999999999977 0.027666666060898022 0.017509561034048146
1 0.926 0.29999999999999977 0.148 0.017509561034048146
0 0.8520000000000004 0.29999999999999977 0.08333333212179514 0.017509561034048146
1 0.8002179302557293 0.39000000000000024 0.3924358605114585 0.016050430947877885
0 0.6039999999999995 0.39000000000000024 0.16666666424358936 0.016050430947877885
1 0.40429057946016017 0.8160000000000003 0.34058115892032037 0.016050430947877885
0 0.23400000000000046 0.8160000000000003 0.14583333121314082 0.016050430947877885
1 0.3865615508213582 0.234 0.3051231016427164 0.014591300861707169
0 0.23399999999999954 0.234 0.16666666424358936 0.014591300861707169
1 0.05939741795484133 0.00391826017234132 0.11879483590968266 0.00783652034468264
1 0.7332703869970383 0.206 0.2185407739940765 0.011673040689365734
0 0.6240000000000004 0.206 0.14583333121314082 0.011673040689365734
1 0.13193502398248347 0.26000000000000023 0.26387004796496694 0.010213910603195018
0 0.02345833280328543 0.26000000000000023 0.04691666560657086 0.010213910603195018
1 0.16938926683865385 0.122 0.30277853367730767 0.0087547805170243
0 0.03504166628806115 0.122 0.0700833325761223 0.0087547805170243
1 0.25353148187945046 0.14800000000000021 0.10306296375890088 0.0072956504308535845
0 0.20200000000000046 0.14800000000000021 0.08333333212179514 0.0072956504308535845
1 0.6461251643499449 0.18600000000000022 0.21625032869988992 0.0072956504308535845
0 0.5380000000000005 0.18600000000000022 0.1041666651522437 0.0072956504308535845
1 0.675471674080296 0.5680000000000003 0.186943348160592 0.0072956504308535845
0 0.5820000000000004 0.5680000000000003 0.08333333212179514 0.0072956504308535845
1 0.926 0.232 0.148 0.005836520344682867
0 0.8520000000000004 0.232 0.08333333212179514 0.005836520344682867
1 0.31138682919829946 0.7860000000000003 0.08677365839659888 0.00437739025851215