0 0.9213750020444713 0.788 0.15724999591105734 0.05690607336065659
1 0.829 0.074 0.342 0.03793738224043773
0 0.6580000000000018 0.074 0.4583333266698719 0.03793738224043773
1 0.883 0.17 0.234 0.03793738224043773
0 0.766 0.17 0.2499999963653827 0.03793738224043773
1 0.3700304323467553 0.734 0.46406086469351066 0.0350191220680972
0 0.138 0.734 0.2499999963653827 0.0350191220680972
1 0.7061000912885375 0.932 0.48820018257707487 0.027723471637244073
0 0.462 0.932 0.20833333030448556 0.027723471637244073
1 0.548132070121741 0.26 0.432264140243482 0.026264341551071994
0 0.3319999999999982 0.26 0.18749999727403702 0.026264341551071994
1 0.905 0.826 0.19 0.026264341551071994
0 0.81 0.826 0.20833333030448556 0.026264341551071994
1 0.2540792943550623 0.402 0.2961585887101246 0.023346081378731467
0 0.10599999999999818 0.402 0.1458333312131399 0.023346081378731467
1 0.889 0.802 0.222 0.023346081378731467
0 0.778 0.802 0.20833333030448556 0.023346081378731467
1 0.964 0.2420000000000009 0.072 0.021886951292561206
0 0.9067083341662655 0.2420000000000009 0.18658333166746888 0.021886951292561206
1 0.590072495433782 0.6560000000000009 0.47214499086756406 0.021886951292561206
0 0.3539999999999982 0.6560000000000009 0.22916666333493413 0.021886951292561206
0 0.9661250006814899 0.132 0.06774999863702033 0.018968691120218865
1 0.04996974742765633 0.292 0.09993949485531266 0.018968691120218865
1 0.1200414562357546 0.49000000000000093 0.2400829124715092 0.0175095610340486
1 0.335910708311123 0.796 0.459821416622246 0.01605043094787834
0 0.106 0.796 0.08333333212179422 0.01605043094787834
1 0.5793156697475897 0.024 0.14663133949517942 0.014591300861706258
0 0.506 0.024 0.12499999818269135 0.014591300861706258
1 0.41083044360752863 0.592 0.4616608872150573 0.014591300861706258
0 0.1799999999999982 0.592 0.1458333312131399 0.014591300861706258
1 0.5081731131501201 0.646 0.7643462263002402 0.014591300861706258
0 0.126 0.646 0.04166666606089711 0.014591300861706258
1 0.10139751923794028 0.268 0.20279503847588057 0.011673040689365734
0 0.9495416671967141 0.81 0.10091666560657177 0.011673040689365734
1 0.7771059851672435 0.03799999999999909 0.15021197033448697 0.008754780517023391
0 0.7019999999999982 0.03799999999999909 0.062499999091345675 0.008754780517023391
1 0.09075715638856673 0.3179999999999991 0.18151431277713345 0.008754780517023391
1 0.905 0.3180000000000009 0.19 0.005836520344682867
0 0.8099999999999982 0.3180000000000009 0.062499999091345675 0.005836520344682867