1 0.051521695573868785 0.01129565043085313 0.10304339114773757 0.02259130086170626
1 0.3301336849402851 0.21799999999999636 0.3242673698805702 0.020427821206387305
0 0.1680000000000009 0.21799999999999636 0.1458333312131417 0.020427821206387305
1 0.5624925199534355 0.28799999999999637 0.420985039906871 0.020427821206387305
0 0.3520000000000009 0.28799999999999637 0.16666666424359028 0.020427821206387305
1 0.6273802267621768 0.2999999999999964 0.4227604535243536 0.020427821206387305
0 0.4160000000000009 0.2999999999999964 0.16666666424359028 0.020427821206387305
1 0.3665022305158673 0.3079999999999964 0.5490044610317345 0.020427821206387305
0 0.09287499931851016 0.3079999999999964 0.18574999863702032 0.020427821206387305
1 0.6664200991420721 0.12200000000000363 0.26084019828414423 0.0189686911202225
0 0.536 0.12200000000000363 0.12499999818269135 0.0189686911202225
1 0.947 0.47399999999999637 0.106 0.013132170775534177
0 0.8940000000000009 0.47399999999999637 0.1458333312131417 0.013132170775534177
1 0.16179273370501052 0.03 0.32358546741002103 0.011673040689362096
1 0.12238453689623294 0.17 0.23676907379246587 0.010213910603197292
0 0.028041666288060697 0.17 0.05608333257612139 0.010213910603197292
1 0.45283141576460184 0.06400000000000364 0.3336628315292037 0.008754780517025211
1 0.941 0.4580000000000036 0.118 0.008754780517025211
0 0.882 0.4580000000000036 0.12499999818269135 0.008754780517025211
1 0.5782560613304677 0.222 0.25651212266093537 0.004377390258508967