1 0.6170087213174965 0.352 0.3380174426349931 0.046692162757462935
0 0.44799999999999957 0.352 0.18749999727403793 0.046692162757462935
1 0.04561990201579692 0.2400000000000009 0.09123980403159385 0.03647825215426746
1 0.876 0.922 0.248 0.0306417318095846
0 0.7519999999999996 0.922 0.20833333030448647 0.0306417318095846
1 0.15294069750261405 0.574 0.3058813950052281 0.026264341551071994
1 0.7679853503927784 0.654 0.4439707007855568 0.026264341551071994
0 0.5459999999999996 0.654 0.16666666424358936 0.026264341551071994
1 0.17987360015837112 0.846 0.35974720031674223 0.026264341551071994
0 0.9913333339391024 0.15199999999999908 0.017333332121795136 0.024805211464901732
1 0.49651743353228495 0.312 0.22503486706456988 0.023346081378731467
0 0.384 0.312 0.2499999963653845 0.023346081378731467
0 0.9332916676510418 0.948 0.13341666469791652 0.023346081378731467
0 0.9799583337119393 0.446 0.04008333257612139 0.014591300861706258
1 0.952 0.694 0.096 0.011673040689365734
0 0.9040000000000005 0.694 0.14583333121314082 0.011673040689365734
1 0.663003367246346 0.1100000000000009 0.45000673449269196 0.010213910603195472
0 0.43800000000000044 0.1100000000000009 0.1041666651522437 0.010213910603195472
1 0.15516727695384544 0.6320000000000009 0.3103345539076909 0.010213910603195472
1 0.903 0.3099999999999991 0.194 0.008754780517023391
0 0.8060000000000005 0.3099999999999991 0.14583333121314082 0.008754780517023391
1 0.13850002885165485 0.663999999999999 0.2770000577033097 0.008754780517023391
0 0.01204166628806115 0.663999999999999 0.0240833325761223 0.008754780517023391
1 0.7642575622709464 0.933999999999999 0.4365151245418929 0.008754780517023391
0 0.5460000000000005 0.933999999999999 0.1041666651522437 0.008754780517023391
1 0.5424686501730561 0.9399999999999991 0.6209373003461124 0.008754780517023391
0 0.23200000000000046 0.9399999999999991 0.12499999818269225 0.008754780517023391
0 0.9749583337119393 0.55 0.050083332576121395 0.007295650430853129