1 0.5581932950923602 0.038 0.8243865901847203 0.045233032671298135
0 0.1460000000000009 0.038 0.2083333303044874 0.045233032671298135
1 0.941 0.24 0.118 0.03939651232660981
0 0.8576666678782049 0.24 0.2846666642435903 0.03939651232660981
1 0.4986133024060964 0.7420000000000073 0.5092266048121928 0.027723471637247712
0 0.244 0.7420000000000073 0.020833333030448556 0.027723471637247712
1 0.7686481918731688 0.3019999999999927 0.2692963837463376 0.026264341551068354
0 0.6340000000000009 0.3019999999999927 0.22916666333493596 0.026264341551068354
1 0.013621451116277968 0.26 0.027242902232555936 0.02480521146490355
1 0.633 0.964 0.734 0.02480521146490355
0 0.2660000000000009 0.964 0.2499999963653845 0.02480521146490355
1 0.828 0.048 0.344 0.023346081378724192
0 0.6560000000000009 0.048 0.18749999727403882 0.023346081378724192
1 0.43646265484138164 0.862 0.25692530968276334 0.023346081378724192
0 0.308 0.862 0.062499999091345675 0.023346081378724192
1 0.4790599710245151 0.3699999999999927 0.8821199420490302 0.021886951292559388
0 0.09191666560657086 0.3699999999999927 0.18383333121314172 0.021886951292559388
1 0.931 0.146 0.138 0.018968691120215226
0 0.8620000000000009 0.146 0.16666666424359028 0.018968691120215226
1 0.702687654000907 0.234 0.26937530800181414 0.018968691120215226
0 0.568 0.234 0.12499999818269135 0.018968691120215226
0 0.9871250006814908 0.38 0.025749998637018507 0.018968691120215226
1 0.678946499970326 0.2800000000000073 0.26589299994065185 0.017509561034050422
0 0.5460000000000009 0.2800000000000073 0.16666666424359028 0.017509561034050422
1 0.909 0.11799999999999272 0.182 0.016050430947871064
0 0.818 0.11799999999999272 0.12499999818269135 0.016050430947871064
1 0.03622449956319633 0.5239999999999927 0.07244899912639266 0.016050430947871064
1 0.677778862919613 0.6199999999999928 0.2635577258392259 0.016050430947871064
0 0.546 0.6199999999999928 0.12499999818269135 0.016050430947871064
1 0.014626380755606988 0.222 0.029252761511213976 0.014591300861706258
0 0.9541250006814908 0.312 0.0917499986370185 0.014591300861706258
1 0.18332165625175276 0.388 0.1626433125035055 0.014591300861706258
0 0.1030833325761223 0.388 0.2061666651522446 0.014591300861706258
1 0.6011760431351131 0.2660000000000073 0.34635208627022623 0.013132170775541454
0 0.42800000000000094 0.2660000000000073 0.18749999727403882 0.013132170775541454
1 0.3159393351644676 0.22799999999999274 0.1678786703289352 0.011673040689362096
0 0.2320000000000009 0.22799999999999274 0.1458333312131417 0.011673040689362096
1 0.833 0.6939999999999927 0.334 0.011673040689362096
0 0.666 0.6939999999999927 0.12499999818269135 0.011673040689362096
1 0.08398620325925822 0.77 0.16797240651851644 0.010213910603197292
1 0.951823547363023 0.088 0.0956470947260459 0.005836520344688324
0 0.904 0.088 0.08333333212179422 0.005836520344688324
1 0.30415006149552754 0.12 0.2523001229910551 0.005836520344688324
0 0.178 0.12 0.062499999091345675 0.005836520344688324