1 0.695 0.48 0.61 0.030641731809591875
0 0.39 0.48 0.39583332757852624 0.030641731809591875
1 0.5459828920535383 0.146 0.3759657841070766 0.029182601723412516
0 0.358 0.146 0.16666666424358845 0.029182601723412516
0 0.9362916676510413 0.376 0.12741666469791743 0.029182601723412516
1 0.14253169730232002 0.7879999999999927 0.28506339460464003 0.026264341551068354
1 0.21396820010361262 0.9059999999999927 0.42793640020722523 0.026264341551068354
1 0.809 0.014 0.382 0.02480521146490355
0 0.6179999999999982 0.014 0.22916666333493413 0.02480521146490355
1 0.03394933552897237 0.1 0.06789867105794474 0.02480521146490355
1 0.26739379200118313 0.724 0.3627875840023662 0.02480521146490355
0 0.13154166537940729 0.724 0.26308333075881457 0.02480521146490355
1 0.26153718209476756 0.342 0.4590743641895351 0.023346081378724192
0 0.03199999999999818 0.342 0.020833333030448556 0.023346081378724192
1 0.668 0.7579999999999927 0.664 0.016050430947871064
0 0.336 0.7579999999999927 0.12499999818269135 0.016050430947871064
1 0.4750810084437635 0.87 0.714162016887527 0.014591300861706258
0 0.118 0.87 0.16666666424358845 0.014591300861706258
1 0.4558366994376629 0.20000000000000728 0.5876733988753258 0.013132170775541454
0 0.16199999999999817 0.20000000000000728 0.1458333312131399 0.013132170775541454
1 0.6029951978929512 0.5160000000000072 0.12199039578590236 0.013132170775541454
0 0.542 0.5160000000000072 0.12499999818269135 0.013132170775541454
1 0.7214896324736546 0.5399999999999927 0.12297926494730928 0.011673040689362096
0 0.6599999999999981 0.5399999999999927 0.1458333312131399 0.011673040689362096
1 0.13592319275297632 0.03 0.27184638550595264 0.008754780517017934
1 0.12049844665283854 0.26399999999999274 0.24099689330567708 0.007295650430853129
1 0.933 0.9639999999999928 0.134 0.007295650430853129
0 0.8659999999999982 0.9639999999999928 0.062499999091345675 0.007295650430853129