1 0.747 0.9895847865305768 0.506 0.020830426938846357
0 0.494 0.9895847865305768 0.6041666578830118 0.020830426938846357
1 0.04534218905648095 0.342 0.0906843781129619 0.045233032671298135
1 0.671 0.336 0.658 0.043773902585118776
0 0.342 0.336 0.2499999963653845 0.043773902585118776
1 0.6344627338028249 0.93 0.6689254676056499 0.033559991981921486
0 0.30000000000000043 0.93 0.14583333121314082 0.033559991981921486
1 0.555193030948406 0.12 0.35838606189681194 0.030641731809591875
0 0.37599999999999956 0.12 0.16666666424358936 0.030641731809591875
1 0.6473924064209213 0.694 0.4787848128418427 0.029182601723412516
0 0.4080000000000005 0.694 0.37499999454807675 0.029182601723412516
1 0.012856535525300842 0.592 0.025713071050601683 0.020427821206394584
1 0.7630792384077235 0.646 0.2981584768154471 0.018968691120215226
0 0.614 0.646 0.22916666333493596 0.018968691120215226
1 0.025495786950429648 0.878 0.050991573900859295 0.018968691120215226
1 0.3610464530266986 0.5920000000000073 0.5340929060533972 0.017509561034050422
0 0.09400000000000046 0.5920000000000073 0.14583333121314082 0.017509561034050422
1 0.2157008140715043 0.7700000000000072 0.4314016281430086 0.017509561034050422
0 0.03466666606089711 0.7700000000000072 0.06933333212179423 0.017509561034050422
0 0.9545416671967151 0.8180000000000073 0.09091666560656995 0.017509561034050422
1 0.91 0.3419999999999927 0.18 0.016050430947871064
0 0.8200000000000005 0.3419999999999927 0.12499999818269225 0.016050430947871064
1 0.32292364199293117 0.15 0.2618472839858623 0.014591300861706258
0 0.19200000000000045 0.15 0.14583333121314082 0.014591300861706258
1 0.4976021659916551 0.07000000000000728 0.2672043319833101 0.013132170775541454
0 0.36399999999999955 0.07000000000000728 0.18749999727403793 0.013132170775541454
1 0.40404472915754786 0.44599999999999274 0.18808945831509571 0.011673040689362096
0 0.31000000000000044 0.44599999999999274 0.1041666651522437 0.011673040689362096
1 0.98 0.648 0.04 0.010213910603197292
0 0.9591666669695514 0.648 0.08166666606089712 0.010213910603197292
1 0.876943802504747 0.588 0.2018876050094941 0.008754780517017934
0 0.7760000000000005 0.588 0.12499999818269225 0.008754780517017934
1 0.4012102790571307 0.954 0.8024205581142614 0.008754780517017934
0 0.02424999954567329 0.954 0.04849999909134658 0.008754780517017934
1 0.6277390030074166 0.604 0.28747800601483325 0.004377390258508967