1 0.3895701104275013 0.03399999999999636 0.31914022085500254 0.035019122068093565
0 0.23 0.03399999999999636 0.020833333030448556 0.035019122068093565
1 0.3921333597915254 0.05399999999999636 0.7162667195830509 0.035019122068093565
0 0.05866666606089802 0.05399999999999636 0.11733333212179604 0.035019122068093565
0 0.9432916676510413 0.10199999999999636 0.11341666469791745 0.0306417318095846
1 0.38447960923046776 0.9599999999999927 0.4409592184609355 0.021886951292559388
0 0.164 0.9599999999999927 0.04166666606089711 0.021886951292559388
0 0.9679583337119384 0.944 0.06408333257612321 0.020427821206394584
1 0.956 0.4400000000000036 0.088 0.0189686911202225
0 0.9091250006814898 0.4400000000000036 0.18174999863702032 0.0189686911202225
1 0.853 0.9912578272199462 0.294 0.01748434556010761
0 0.7059999999999982 0.9912578272199462 0.22916666333493413 0.01748434556010761
1 0.778 0.8159999999999927 0.444 0.016050430947871064
0 0.556 0.8159999999999927 0.16666666424358845 0.016050430947871064
1 0.7340248633503088 0.0036478252154265645 0.4440497267006176 0.007295650430853129
0 0.5119999999999982 0.0036478252154265645 0.10416666515224278 0.007295650430853129
1 0.74 0.358 0.52 0.014591300861706258
0 0.4799999999999982 0.358 0.10416666515224278 0.014591300861706258
1 0.864 0.17199999999999635 0.272 0.013132170775534177
0 0.7279999999999982 0.17199999999999635 0.062499999091345675 0.013132170775534177
1 0.702 0.18 0.596 0.011673040689362096
0 0.404 0.18 0.08333333212179422 0.011673040689362096
1 0.10402329093672415 0.27 0.2080465818734483 0.011673040689362096
1 0.5558272965256019 0.8499999999999928 0.45565459305120387 0.011673040689362096
0 0.3280000000000009 0.8499999999999928 0.1458333312131417 0.011673040689362096
1 0.853 0.226 0.294 0.010213910603197292
0 0.706 0.226 0.12499999818269135 0.010213910603197292
1 0.929 0.238 0.142 0.010213910603197292
0 0.858 0.238 0.08333333212179422 0.010213910603197292
1 0.20772292224976446 0.616 0.4154458444995289 0.010213910603197292
1 0.5776004827335455 0.946 0.455200965467091 0.005836520344688324
0 0.35 0.946 0.062499999091345675 0.005836520344688324