1 0.862 0.4159999999999964 0.276 0.0423147724989467
0 0.7240000000000009 0.4159999999999964 0.22916666333493596 0.0423147724989467
0 0.9609166674238786 0.4500000000000036 0.07816666515224278 0.023346081378731467
1 0.1812108367203473 0.6499999999999964 0.19442167344069458 0.020427821206387305
0 0.08400000000000091 0.6499999999999964 0.16666666424359028 0.020427821206387305
1 0.2831564403343373 0.35 0.20231288066867456 0.014591300861706258
0 0.1820000000000009 0.35 0.18749999727403882 0.014591300861706258
1 0.975 0.47399999999999637 0.05 0.013132170775534177
0 0.9437500004543271 0.47399999999999637 0.11249999909134567 0.013132170775534177
1 0.19194460185989737 0.8339999999999964 0.25988920371979474 0.013132170775534177
0 0.062249999545672834 0.8339999999999964 0.12449999909134567 0.013132170775534177
1 0.8879404701899384 0.202 0.15588094037987685 0.011673040689362096
0 0.81 0.202 0.12499999818269135 0.011673040689362096
1 0.27083117717867117 0.674 0.20166235435734234 0.011673040689362096
0 0.1700000000000009 0.674 0.1458333312131417 0.011673040689362096
1 0.6881448215250748 0.092 0.1482896430501496 0.010213910603197292
0 0.6140000000000009 0.092 0.1458333312131417 0.010213910603197292
1 0.2055459790733139 0.3280000000000036 0.1990919581466278 0.008754780517025211
0 0.106 0.3280000000000036 0.10416666515224278 0.008754780517025211