1 0.899 0.854 0.202 0.030641731809591875
0 0.7979999999999982 0.854 0.18749999727403702 0.030641731809591875
1 0.13556970823146183 0.108 0.27113941646292367 0.02480521146490355
1 0.948 0.26999999999999275 0.104 0.021886951292559388
0 0.896 0.26999999999999275 0.16666666424358845 0.021886951292559388
1 0.683 0.624 0.634 0.018968691120215226
0 0.36599999999999816 0.624 0.22916666333493413 0.018968691120215226
1 0.36163055902240193 0.8100000000000073 0.5112611180448039 0.017509561034050422
0 0.10599999999999818 0.8100000000000073 0.1458333312131399 0.017509561034050422
1 0.43971946764825226 0.31799999999999273 0.1474389352965045 0.016050430947871064
0 0.366 0.31799999999999273 0.20833333030448556 0.016050430947871064
1 0.2618013269179901 0.3499999999999927 0.5236026538359801 0.016050430947871064
1 0.2992018618526399 0.07 0.15040372370527985 0.014591300861706258
0 0.22399999999999817 0.07 0.18749999727403702 0.014591300861706258
1 0.883 0.62 0.234 0.014591300861706258
0 0.7659999999999981 0.62 0.062499999091345675 0.014591300861706258
1 0.861 0.8100000000000073 0.278 0.013132170775541454
0 0.722 0.8100000000000073 0.16666666424358845 0.013132170775541454
1 0.894 0.5759999999999927 0.212 0.011673040689362096
0 0.7879999999999981 0.5759999999999927 0.1458333312131399 0.011673040689362096
1 0.829 0.5959999999999928 0.342 0.011673040689362096
0 0.6579999999999981 0.5959999999999928 0.1458333312131399 0.011673040689362096
1 0.2606233192533564 0.366 0.5212466385067128 0.010213910603197292
1 0.4396675096498966 0.892 0.3873350192997932 0.008754780517017934
0 0.2459999999999982 0.892 0.10416666515224278 0.008754780517017934
1 0.37456137069107537 0.932 0.2571227413821507 0.004377390258508967
0 0.2459999999999982 0.932 0.062499999091345675 0.004377390258508967