0 0.9659583337119393 0.03400000000000091 0.0680833325761214 0.021886951292561206
1 0.2263027054693639 0.7740000000000009 0.3726054109387278 0.021886951292561206
0 0.046041666288060695 0.7740000000000009 0.09208333257612139 0.021886951292561206
1 0.6937487444129301 0.7360000000000009 0.3514974888258603 0.0175095610340486
0 0.5180000000000009 0.7360000000000009 0.1458333312131417 0.0175095610340486
1 0.512884721626755 0.586 0.27376944325350994 0.014591300861706258
0 0.3760000000000009 0.586 0.16666666424359028 0.014591300861706258
1 0.6008648202845652 0.702 0.20972964056913043 0.014591300861706258
0 0.4960000000000009 0.702 0.1458333312131417 0.014591300861706258
1 0.7930172852641499 0.805999999999999 0.3580345705282998 0.013132170775535997
0 0.614 0.805999999999999 0.10416666515224278 0.013132170775535997
1 0.2672858237459077 0.97 0.19457164749181538 0.011673040689365734
0 0.1700000000000009 0.97 0.16666666424359028 0.011673040689365734
1 0.5929180953697414 0.9679999999999991 0.34583619073948285 0.008754780517023391
0 0.42 0.9679999999999991 0.08333333212179422 0.008754780517023391
1 0.948 0.9839999999999991 0.104 0.008754780517023391
0 0.896 0.9839999999999991 0.10416666515224278 0.008754780517023391
1 0.6948474965875985 0.036 0.22569499317519695 0.0043773902585126055
0 0.582 0.036 0.062499999091345675 0.0043773902585126055