1 0.04604509648587373 0.06800000000000728 0.09209019297174746 0.05690607336066023
1 0.5814520595990198 0.34 0.48290411919803955 0.033559991981921486
0 0.34 0.34 0.2499999963653827 0.033559991981921486
1 0.817 0.268 0.366 0.030641731809591875
0 0.6340000000000018 0.268 0.2916666624262834 0.030641731809591875
1 0.952 0.484 0.096 0.029182601723412516
0 0.8582500013629815 0.484 0.283499997274037 0.029182601723412516
1 0.08172242903663027 0.7039999999999927 0.16344485807326053 0.026264341551068354
0 0.025749998637020325 0.7039999999999927 0.05149999727404065 0.026264341551068354
1 0.19537274605654603 0.8919999999999927 0.39074549211309206 0.026264341551068354
1 0.02593528521328153 0.192 0.05187057042656306 0.02480521146490355
1 0.20931480841748817 0.0028365203446810484 0.41862961683497635 0.005673040689362097
1 0.6290804850757377 0.474 0.3181609701514753 0.023346081378724192
0 0.4699999999999982 0.474 0.27083332939583127 0.023346081378724192
1 0.1684469965258195 0.274 0.30489399305163895 0.020427821206394584
0 0.039249999545672834 0.274 0.07849999909134567 0.020427821206394584
1 0.10449489584912226 0.084 0.20898979169824453 0.018968691120215226
0 0.9435000009086544 0.504 0.11299999818269134 0.018968691120215226
1 0.784 0.522 0.432 0.018968691120215226
0 0.568 0.522 0.20833333030448556 0.018968691120215226
1 0.4530496357113807 0.686 0.9060992714227614 0.018968691120215226
0 0.049083332576121394 0.686 0.09816666515224279 0.018968691120215226
1 0.8031695235306743 0.724 0.16633904706134853 0.018968691120215226
0 0.72 0.724 0.2499999963653827 0.018968691120215226
1 0.23414141523685247 0.7739999999999927 0.15628283047370498 0.016050430947871064
0 0.15599999999999817 0.7739999999999927 0.10416666515224278 0.016050430947871064
1 0.871 0.37 0.258 0.014591300861706258
0 0.742 0.37 0.16666666424358845 0.014591300861706258
1 0.33329348011378895 0.426 0.3105869602275779 0.014591300861706258
0 0.178 0.426 0.12499999818269135 0.014591300861706258
1 0.828 0.456 0.344 0.014591300861706258
0 0.656 0.456 0.12499999818269135 0.014591300861706258
1 0.3534773687442339 0.594 0.1549547374884678 0.014591300861706258
0 0.276 0.594 0.16666666424358845 0.014591300861706258
1 0.37707034161165576 0.65 0.15814068322331148 0.014591300861706258
0 0.298 0.65 0.08333333212179422 0.014591300861706258
1 0.968 0.762 0.064 0.014591300861706258
0 0.9211250006814898 0.762 0.15774999863702033 0.014591300861706258
1 0.931 0.16399999999999273 0.138 0.011673040689362096
0 0.8619999999999982 0.16399999999999273 0.062499999091345675 0.011673040689362096
1 0.952 0.7319999999999928 0.096 0.011673040689362096
0 0.904 0.7319999999999928 0.12499999818269135 0.011673040689362096
1 0.21206954748791032 0.9899999999999928 0.42413909497582064 0.011673040689362096
1 0.476653644156775 0.352 0.1613072883135501 0.010213910603197292
0 0.3959999999999982 0.352 0.10416666515224278 0.010213910603197292
1 0.952 0.712 0.096 0.010213910603197292
0 0.9039999999999981 0.712 0.10416666515224278 0.010213910603197292
1 0.5606145320348933 0.224 0.15722906406978654 0.008754780517017934
0 0.4819999999999982 0.224 0.10416666515224278 0.008754780517017934