0 0.9421250006814899 0.6999999999999998 0.11574999863702033 0.04377390258512082
1 0.7640866601733742 0.458 0.11617332034674836 0.03355999198192603
0 0.706 0.458 0.08333333212179422 0.03355999198192603
1 0.834328231837555 0.368 0.23265646367511 0.03210086189575532
0 0.7179999999999982 0.368 0.18749999727403702 0.03210086189575532
1 0.6997808590158129 0.186 0.4395617180316258 0.0306417318095846
0 0.4800000000000009 0.186 0.22916666333493596 0.0306417318095846
1 0.81296343949519 0.526 0.23392687899037992 0.0306417318095846
0 0.6959999999999982 0.526 0.27083332939583127 0.0306417318095846
1 0.7227761985732813 0.204 0.22555239714656272 0.029182601723413883
0 0.61 0.204 0.16666666424358845 0.029182601723413883
1 0.5919964845253144 0.454 0.22399296905062874 0.027723471637243164
0 0.4800000000000018 0.454 0.2916666624262834 0.027723471637243164
1 0.27259387249007067 0.7200000000000001 0.21718774498014137 0.024805211464901958
0 0.164 0.7200000000000001 0.12499999818269135 0.024805211464901958
1 0.49290418502187094 0.6100000000000001 0.11380837004374189 0.01896869112021909
0 0.436 0.6100000000000001 0.12499999818269135 0.01896869112021909
1 0.1850106285471511 0.6919999999999998 0.2140212570943022 0.01605043094787766
0 0.08587499931851016 0.6919999999999998 0.1717499986370203 0.01605043094787766
1 0.88 0.8319999999999999 0.24 0.01605043094787766
0 0.7599999999999982 0.8319999999999999 0.10416666515224278 0.01605043094787766
1 0.09035702769020917 0.05399999999999989 0.18071405538041835 0.013132170775536224
1 0.6608699149276217 0.9659999999999999 0.12573982985524343 0.013132170775536224
0 0.5979999999999982 0.9659999999999999 0.1458333312131399 0.013132170775536224
1 0.11075325078907008 0.9960817398276586 0.22150650157814017 0.007836520344682867
1 0.5353943021433751 0.4979999999999999 0.22278860428675035 0.01021391060319479
0 0.424 0.4979999999999999 0.08333333212179422 0.01021391060319479
1 0.9002701436033058 0.8799999999999999 0.12854028720661154 0.01021391060319479
0 0.836 0.8799999999999999 0.12499999818269135 0.01021391060319479
1 0.967 0.09799999999999989 0.066 0.008754780517024073
0 0.9339999999999982 0.09799999999999989 0.10416666515224278 0.008754780517024073
1 0.30477969450395176 0.26 0.21355938900790353 0.005836520344682867
0 0.198 0.26 0.062499999091345675 0.005836520344682867