1 0.447600913472008 0.124 0.4112018269440159 0.026264341551071994
0 0.242 0.124 0.22916666333493596 0.026264341551071994
1 0.44308292019410694 0.4520000000000009 0.22616584038821383 0.021886951292561206
0 0.33000000000000046 0.4520000000000009 0.1041666651522437 0.021886951292561206
1 0.8572413755665053 0.946 0.12248275113301042 0.018968691120218865
0 0.796 0.946 0.062499999091345675 0.018968691120218865
1 0.833 0.552 0.334 0.014591300861706258
0 0.6659999999999996 0.552 0.16666666424358936 0.014591300861706258
1 0.854 0.3400000000000009 0.292 0.010213910603195472
0 0.7080000000000004 0.3400000000000009 0.1041666651522437 0.010213910603195472
1 0.060697901401886155 0.4559999999999991 0.12139580280377231 0.008754780517023391
1 0.881 0.820000000000001 0.238 0.005836520344682867
0 0.7620000000000005 0.820000000000001 0.08333333212179514 0.005836520344682867