1 0.7754677532888304 0.22799999999999274 0.07893550657766081 0.036478252154265645
0 0.7360000000000004 0.22799999999999274 0.12499999818269225 0.036478252154265645
1 0.944 0.25399999999999273 0.112 0.026264341551068354
0 0.886708334166266 0.25399999999999273 0.22658333166746797 0.026264341551068354
1 0.841 0.274 0.318 0.023346081378724192
0 0.6819999999999995 0.274 0.16666666424358936 0.023346081378724192
0 0.9557500004543271 0.316 0.08849999909134568 0.023346081378724192
1 0.8217868949413073 0.6899999999999927 0.2595737898826146 0.016050430947871064
0 0.6920000000000005 0.6899999999999927 0.12499999818269225 0.016050430947871064
1 0.2837266384229379 0.21 0.5674532768458758 0.014591300861706258
0 0.03066666606089734 0.21 0.06133333212179468 0.014591300861706258
1 0.776 0.48400000000000726 0.448 0.013132170775541454
0 0.5520000000000005 0.48400000000000726 0.12499999818269225 0.013132170775541454
1 0.792 0.5139999999999927 0.416 0.011673040689362096
0 0.5840000000000004 0.5139999999999927 0.12499999818269225 0.011673040689362096
1 0.6207146470906809 0.7419999999999928 0.24542929418136192 0.011673040689362096
0 0.49800000000000044 0.7419999999999928 0.12499999818269225 0.011673040689362096
1 0.5511648852993376 0.916 0.3223297705986752 0.010213910603197292
0 0.39000000000000046 0.916 0.12499999818269225 0.010213910603197292
1 0.07270043805647765 0.362 0.1454008761129553 0.008754780517017934
1 0.31509788217144297 0.942 0.15419576434288593 0.008754780517017934
0 0.23800000000000046 0.942 0.1041666651522437 0.008754780517017934
1 0.8848947061903868 0.294 0.08178941238077368 0.005836520344688324
0 0.8440000000000004 0.294 0.08333333212179514 0.005836520344688324
1 0.4235205576518979 0.608 0.6750411153037957 0.005836520344688324
0 0.086 0.608 0.04166666606089711 0.005836520344688324