1 0.781 0.11599999999999636 0.438 0.0306417318095846
0 0.562 0.11599999999999636 0.27083332939583304 0.0306417318095846
1 0.6277485894138677 0.7859999999999964 0.2394971788277353 0.020427821206387305
0 0.5079999999999996 0.7859999999999964 0.18749999727403793 0.020427821206387305
0 0.9829583337119393 0.5920000000000036 0.034083332576121395 0.0189686911202225
1 0.09182470173129195 0.518 0.1436494034625839 0.017509561034050422
0 0.03604166628806069 0.518 0.07208333257612139 0.017509561034050422
0 0.977541667196715 0.718 0.04491666560656995 0.017509561034050422
1 0.38209323689975555 0.064 0.16018647379951106 0.010213910603197292
0 0.30200000000000043 0.064 0.12499999818269225 0.010213910603197292
1 0.41145524965068264 0.822 0.3069104993013652 0.010213910603197292
0 0.25800000000000045 0.822 0.08333333212179514 0.010213910603197292
1 0.05833489293951743 0.9260000000000036 0.11666978587903486 0.008754780517025211