1 0.936 0.528 0.128 0.043773902585118776
0 0.8682916676510417 0.528 0.2634166646979165 0.043773902585118776
1 0.827 0.676 0.346 0.043773902585118776
0 0.654 0.676 0.22916666333493596 0.043773902585118776
1 0.827 0.036000000000007276 0.346 0.03210086189575668
0 0.6539999999999996 0.036000000000007276 0.18749999727403793 0.03210086189575668
1 0.73 0.2620000000000073 0.54 0.03210086189575668
0 0.46000000000000046 0.2620000000000073 0.37499999454807675 0.03210086189575668
1 0.925 0.962 0.15 0.029182601723412516
0 0.85 0.962 0.020833333030448556 0.029182601723412516
1 0.3805578646837894 0.2060000000000073 0.7611157293675788 0.027723471637247712
1 0.936 0.17799999999999272 0.128 0.026264341551068354
0 0.8526666678782053 0.17799999999999272 0.2946666642435894 0.026264341551068354
1 0.7399341899927135 0.015999999999992725 0.36786837998542704 0.021886951292559388
0 0.556 0.015999999999992725 0.22916666333493596 0.021886951292559388
1 0.838 0.38199999999999273 0.324 0.021886951292559388
0 0.676 0.38199999999999273 0.22916666333493596 0.021886951292559388
1 0.11181534045176568 0.39599999999999275 0.22363068090353136 0.021886951292559388
1 0.5031589327091051 0.152 0.3463178654182102 0.020427821206394584
0 0.32999999999999957 0.152 0.20833333030448647 0.020427821206394584
1 0.15569079940343591 0.284 0.31138159880687183 0.020427821206394584
0 0.043083332576121396 0.284 0.08616666515224279 0.020427821206394584
1 0.697 0.524 0.606 0.018968691120215226
0 0.3939999999999996 0.524 0.18749999727403793 0.018968691120215226
1 0.816 0.568 0.368 0.018968691120215226
0 0.6320000000000005 0.568 0.14583333121314082 0.018968691120215226
1 0.925 0.16400000000000728 0.15 0.017509561034050422
0 0.8499999999999995 0.16400000000000728 0.20833333030448647 0.017509561034050422
1 0.8 0.7480000000000073 0.4 0.017509561034050422
0 0.6 0.7480000000000073 0.22916666333493596 0.017509561034050422
1 0.5283040777816455 0.06399999999999273 0.11660815556329089 0.016050430947871064
0 0.4700000000000005 0.06399999999999273 0.14583333121314082 0.016050430947871064
1 0.26929238035484876 0.5659999999999927 0.33458476070969756 0.016050430947871064
0 0.10199999999999955 0.5659999999999927 0.16666666424358936 0.016050430947871064
1 0.17180578200698254 0.01 0.2276115640139651 0.014591300861706258
0 0.06545833280328543 0.01 0.13091666560657086 0.014591300861706258
1 0.35611860602395473 0.866 0.33623721204790946 0.014591300861706258
0 0.18800000000000044 0.866 0.14583333121314082 0.014591300861706258
1 0.780297100189669 0.92 0.12059420037933796 0.014591300861706258
0 0.7199999999999995 0.92 0.16666666424358936 0.014591300861706258
1 0.22370485273340773 0.3280000000000073 0.22340970546681546 0.013132170775541454
0 0.11200000000000046 0.3280000000000073 0.08333333212179514 0.013132170775541454
1 0.5371876513579559 0.48600000000000726 0.3503753027159119 0.013132170775541454
0 0.36200000000000043 0.48600000000000726 0.14583333121314082 0.013132170775541454
1 0.027999146426708192 0.6840000000000073 0.055998292853416384 0.013132170775541454
1 0.8010779626829294 0.7700000000000072 0.35815592536585883 0.013132170775541454
0 0.6220000000000004 0.7700000000000072 0.14583333121314082 0.013132170775541454
1 0.7521066132529158 0.8699999999999928 0.2402132265058317 0.011673040689362096
0 0.6320000000000005 0.8699999999999928 0.14583333121314082 0.011673040689362096
1 0.881 0.708 0.238 0.010213910603197292
0 0.7620000000000005 0.708 0.12499999818269225 0.010213910603197292
1 0.575438209456287 0.978 0.3388764189125741 0.010213910603197292
0 0.40600000000000047 0.978 0.12499999818269225 0.010213910603197292
1 0.925 0.068 0.15 0.008754780517017934
0 0.8500000000000004 0.068 0.12499999818269225 0.008754780517017934
1 0.15801205024266254 0.49800000000000727 0.1120241004853251 0.002918260172344162