1 0.1895902786281904 0.03599999999999909 0.3191805572563808 0.03210086189575486
0 0.08270833234895872 0.03599999999999909 0.16541666469791744 0.03210086189575486
1 0.177733842276185 0.504 0.35546768455237 0.026264341551071994
1 0.6197439010938233 0.334 0.3794878021876466 0.023346081378731467
0 0.43000000000000094 0.334 0.27083332939583304 0.023346081378731467
1 0.921 0.776 0.158 0.023346081378731467
0 0.842 0.776 0.10416666515224278 0.023346081378731467
1 0.5350646667238307 0.15599999999999908 0.36212933344766135 0.020427821206389127
0 0.3540000000000009 0.15599999999999908 0.1458333312131417 0.020427821206389127
1 0.03717255122477672 0.294 0.07434510244955345 0.018968691120218865
1 0.40771711246826364 0.13000000000000092 0.27943422493652725 0.0175095610340486
0 0.2680000000000009 0.13000000000000092 0.1458333312131417 0.0175095610340486
1 0.7944044832360614 0.088 0.22880896647212284 0.01605043094787834
0 0.6800000000000009 0.088 0.18749999727403882 0.01605043094787834
0 0.9927500004543272 0.602 0.014499999091345672 0.014591300861706258
1 0.37060053483983213 0.39199999999999907 0.3572010696796642 0.013132170775535997
0 0.19200000000000092 0.39199999999999907 0.1458333312131417 0.013132170775535997
1 0.91 0.276 0.18 0.011673040689365734
0 0.820000000000001 0.276 0.1458333312131417 0.011673040689365734
1 0.7269204340604593 0.576 0.15784086812091846 0.007295650430853129
0 0.648 0.576 0.10416666515224278 0.007295650430853129