0 0.9927500004543272 0.118 0.014499999091345672 0.021886951292559388
1 0.08507590165880174 0.14000000000000365 0.1701518033176035 0.01605043094787834
1 0.09524573657606152 0.2560000000000036 0.19049147315212303 0.01605043094787834
1 0.85 0.186 0.3 0.014591300861706258
0 0.7000000000000004 0.186 0.12499999818269225 0.014591300861706258
1 0.888 0.218 0.224 0.014591300861706258
0 0.776 0.218 0.062499999091345675 0.014591300861706258
1 0.8264649697234213 0.986 0.10092993944684259 0.014591300861706258
0 0.7760000000000005 0.986 0.08333333212179514 0.014591300861706258
1 0.742 0.17799999999999636 0.516 0.013132170775534177
0 0.48400000000000043 0.17799999999999636 0.14583333121314082 0.013132170775534177
1 0.2714013701452459 0.054 0.20280274029049178 0.011673040689362096
0 0.17000000000000046 0.054 0.1041666651522437 0.011673040689362096
1 0.10186152851513271 0.564 0.20372305703026541 0.007295650430853129
1 0.8714723603074039 0.012 0.23494472061480792 0.004377390258508967
1 0.0275240608446029 0.45 0.0550481216892058 0.004377390258508967