1 0.935 0.48200000000000726 0.13 0.017509561034050422
0 0.8700000000000009 0.48200000000000726 0.1458333312131417 0.017509561034050422
1 0.3193879492981505 0.09599999999999273 0.24277589859630097 0.016050430947871064
0 0.198 0.09599999999999273 0.08333333212179422 0.016050430947871064
1 0.0727939953864825 0.14199999999999272 0.145587990772965 0.016050430947871064
1 0.7556382721576556 0.13800000000000728 0.2272765443153112 0.013132170775541454
0 0.6420000000000009 0.13800000000000728 0.16666666424359028 0.013132170775541454
1 0.14401505953470586 0.8800000000000072 0.19603011906941173 0.013132170775541454
0 0.05424999954567283 0.8800000000000072 0.10849999909134567 0.013132170775541454
1 0.8730827974913573 0.884 0.20216559498271452 0.008754780517017934
0 0.772 0.884 0.10416666515224278 0.008754780517017934