1 0.627360480262968 0.7920000000000073 0.2587209605259359 0.037937382240445
0 0.498 0.7920000000000073 0.062499999091345675 0.037937382240445
1 0.971 0.43799999999999273 0.058 0.021886951292559388
0 0.9397500004543272 0.43799999999999273 0.12049999909134568 0.021886951292559388
1 0.47639799459542703 0.43200000000000727 0.15279598919085402 0.017509561034050422
0 0.4 0.43200000000000727 0.04166666606089711 0.017509561034050422
1 0.971 0.5300000000000072 0.058 0.017509561034050422
0 0.9397500004543272 0.5300000000000072 0.12049999909134568 0.017509561034050422
1 0.8008655809674092 0.3820000000000073 0.16973116193481838 0.013132170775541454
0 0.716 0.3820000000000073 0.08333333212179422 0.013132170775541454
1 0.874 0.41800000000000725 0.252 0.013132170775541454
0 0.748 0.41800000000000725 0.10416666515224278 0.013132170775541454
1 0.09176669513112301 0.6140000000000073 0.18353339026224602 0.013132170775541454
0 0.9779583337119393 0.514 0.04408333257612139 0.010213910603197292
1 0.13965199575505358 0.9679999999999928 0.27930399151010715 0.007295650430853129
0 0.004416666515224279 0.9679999999999928 0.008833333030448557 0.007295650430853129
1 0.879 0.538 0.242 0.004377390258508967
1 0.5130396074468072 0.7620000000000072 0.20207921489361433 0.002918260172344162