1 0.5635123963552664 0.148 0.6910247927105329 0.04815129284362774
0 0.21799999999999956 0.148 0.20833333030448647 0.04815129284362774
1 0.12272239778297671 0.07000000000000728 0.24544479556595342 0.027723471637247712
1 0.5654863181207284 0.014 0.2829726362414567 0.02480521146490355
0 0.42399999999999954 0.014 0.18749999727403793 0.02480521146490355
1 0.23073789165165454 0.328 0.4614757833033091 0.02480521146490355
1 0.01673669848220925 0.17 0.0334733969644185 0.023346081378724192
1 0.6344537903054366 0.18 0.7009075806108731 0.023346081378724192
0 0.28399999999999953 0.18 0.16666666424358936 0.023346081378724192
1 0.907 0.5239999999999927 0.186 0.021886951292559388
0 0.8140000000000005 0.5239999999999927 0.12499999818269225 0.021886951292559388
1 0.853 0.366 0.294 0.020427821206394584
0 0.7059999999999995 0.366 0.16666666424358936 0.020427821206394584
1 0.08037974567389665 0.702 0.1607594913477933 0.020427821206394584
1 0.24814683374221932 0.896 0.49629366748443865 0.020427821206394584
0 0.015083332576121393 0.896 0.030166665152242787 0.020427821206394584
1 0.12984644159912523 0.4420000000000073 0.25969288319825046 0.017509561034050422
1 0.679450005118128 0.8220000000000073 0.2509000102362561 0.017509561034050422
0 0.554 0.8220000000000073 0.020833333030448556 0.017509561034050422
1 0.618417380429637 0.786 0.6048347608592739 0.014591300861706258
0 0.31599999999999956 0.786 0.16666666424358936 0.014591300861706258
1 0.5979155841007145 0.876 0.36783116820142914 0.014591300861706258
0 0.4140000000000005 0.876 0.12499999818269225 0.014591300861706258
1 0.4829592362621079 0.9619999999999927 0.35791847252421577 0.011673040689362096
0 0.30400000000000044 0.9619999999999927 0.14583333121314082 0.011673040689362096
1 0.8265185416908057 0.668 0.2610370833816114 0.010213910603197292
0 0.6960000000000005 0.668 0.08333333212179514 0.010213910603197292
1 0.2367497003153476 0.776 0.4734994006306952 0.010213910603197292
1 0.04211006328992516 0.914 0.08422012657985033 0.008754780517017934
1 0.875 0.584 0.25 0.005836520344688324
0 0.75 0.584 0.04166666606089711 0.005836520344688324