1 0.5894277361915411 0.578 0.7988554723830821 0.03939651232660981
0 0.1900000000000018 0.578 0.2916666624262834 0.03939651232660981
1 0.833 0.8580000000000073 0.334 0.03210086189575668
0 0.666 0.8580000000000073 0.16666666424358845 0.03210086189575668
1 0.871 0.59 0.258 0.030641731809591875
0 0.7419999999999982 0.59 0.22916666333493413 0.030641731809591875
1 0.665 0.842 0.67 0.030641731809591875
0 0.3299999999999982 0.842 0.1458333312131399 0.030641731809591875
1 0.636989909497317 0.7039999999999927 0.5699798189946341 0.026264341551068354
0 0.352 0.7039999999999927 0.12499999818269135 0.026264341551068354
1 0.2089065178357214 0.7759999999999927 0.4178130356714428 0.026264341551068354
0 0.038666666060897116 0.7759999999999927 0.07733333212179423 0.026264341551068354
1 0.5523679111088586 0.43 0.4007358222177172 0.02480521146490355
0 0.3520000000000018 0.43 0.33333332848718056 0.02480521146490355
1 0.24749401305324137 0.362 0.2669880261064827 0.020427821206394584
0 0.11399999999999819 0.362 0.1458333312131399 0.020427821206394584
1 0.947 0.772 0.106 0.020427821206394584
0 0.8939999999999981 0.772 0.10416666515224278 0.020427821206394584
1 0.7832817552616325 0.944 0.170563510523265 0.020427821206394584
0 0.6979999999999982 0.944 0.22916666333493413 0.020427821206394584
1 0.687 0.598 0.626 0.018968691120215226
0 0.37399999999999817 0.598 0.1458333312131399 0.018968691120215226
1 0.7577231314447327 0.7260000000000073 0.4434462628894653 0.017509561034050422
0 0.536 0.7260000000000073 0.12499999818269135 0.017509561034050422
1 0.10245164393531558 0.9440000000000073 0.20490328787063117 0.017509561034050422
1 0.11105991226507649 0.9079999999999927 0.22211982453015297 0.016050430947871064
0 0.9479583337119384 0.444 0.1040833325761232 0.014591300861706258
1 0.07641722472597212 0.926 0.15283444945194424 0.014591300861706258
1 0.29833961815015936 0.29600000000000726 0.5966792363003187 0.013132170775541454
1 0.725 0.35000000000000725 0.55 0.013132170775541454
0 0.45 0.35000000000000725 0.12499999818269135 0.013132170775541454
1 0.882 0.3119999999999927 0.236 0.011673040689362096
0 0.7639999999999982 0.3119999999999927 0.1458333312131399 0.011673040689362096
1 0.12468524402326511 0.9399999999999927 0.24937048804653023 0.011673040689362096
1 0.7179401654640005 0.236 0.14788033092800107 0.010213910603197292
0 0.6439999999999981 0.236 0.10416666515224278 0.010213910603197292
1 0.4759216885732876 0.39 0.27184337714657525 0.008754780517017934
0 0.34 0.39 0.08333333212179422 0.008754780517017934
1 0.225901565961698 0.318 0.451803131923396 0.005836520344688324