1 0.885 0.854 0.23 0.0496104229298071
0 0.7700000000000018 0.854 0.2916666624262834 0.0496104229298071
1 0.527 0.026000000000007274 0.946 0.037937382240445
0 0.06866666606089711 0.026000000000007274 0.13733333212179422 0.037937382240445
1 0.4892686127457055 0.966 0.742537225491411 0.030641731809591875
0 0.1631666651522446 0.966 0.3263333303044892 0.030641731809591875
1 0.689 0.042 0.622 0.02480521146490355
0 0.37799999999999817 0.042 0.22916666333493413 0.02480521146490355
1 0.7765074381350969 0.654 0.25301487627019376 0.023346081378724192
0 0.65 0.654 0.16666666424358845 0.023346081378724192
1 0.96 0.626 0.08 0.020427821206394584
0 0.9199999999999982 0.626 0.1458333312131399 0.020427821206394584
1 0.6860801821124515 0.202 0.33216036422490286 0.018968691120215226
0 0.5199999999999981 0.202 0.1458333312131399 0.018968691120215226
1 0.5283492576946355 0.7679999999999927 0.2566985153892711 0.016050430947871064
0 0.3999999999999982 0.7679999999999927 0.22916666333493413 0.016050430947871064
1 0.95 0.534 0.1 0.014591300861706258
0 0.8999999999999981 0.534 0.10416666515224278 0.014591300861706258
1 0.5779093023760142 0.008000000000007276 0.5518186047520285 0.013132170775541454
0 0.302 0.008000000000007276 0.12499999818269135 0.013132170775541454
1 0.6013796156823537 0.11599999999999272 0.33475923136470737 0.011673040689362096
0 0.434 0.11599999999999272 0.08333333212179422 0.011673040689362096
1 0.41873155464215595 0.6439999999999927 0.12146310928431193 0.011673040689362096
0 0.358 0.6439999999999927 0.16666666424358845 0.011673040689362096
1 0.19704352032932365 0.8499999999999928 0.3940870406586473 0.011673040689362096
1 0.41963053523290184 0.87 0.8392610704658037 0.010213910603197292