1 0.5064602857548635 0.3780000000000009 0.15692057150972688 0.03355999198192694
0 0.4280000000000018 0.3780000000000009 0.2916666624262834 0.03355999198192694
1 0.963 0.024 0.074 0.026264341551071994
0 0.9109166674238786 0.024 0.17816666515224278 0.026264341551071994
1 0.3055977651325447 0.518 0.2991955302650895 0.023346081378731467
0 0.16133333212179604 0.518 0.3226666642435921 0.023346081378731467
1 0.931 0.878 0.138 0.023346081378731467
0 0.862 0.878 0.20833333030448556 0.023346081378731467
1 0.012292092300409422 0.04000000000000091 0.024584184600818845 0.021886951292561206
1 0.2615832607000375 0.545999999999999 0.523166521400075 0.020427821206389127
0 0.04291666560657177 0.545999999999999 0.08583333121314354 0.020427821206389127
1 0.088359279567263 0.8319999999999991 0.176718559134526 0.020427821206389127
0 0.9275000009086544 0.9739999999999991 0.14499999818269135 0.020427821206389127
0 0.9439166674238786 0.188 0.11216666515224279 0.018968691120218865
1 0.817 0.1360000000000009 0.366 0.0175095610340486
0 0.6339999999999982 0.1360000000000009 0.18749999727403702 0.0175095610340486
1 0.7518549830711345 0.2360000000000009 0.323709966142269 0.0175095610340486
0 0.59 0.2360000000000009 0.20833333030448556 0.0175095610340486
1 0.914 0.42000000000000093 0.172 0.0175095610340486
0 0.8279999999999982 0.42000000000000093 0.1458333312131399 0.0175095610340486
1 0.32050932019138056 0.8720000000000009 0.6410186403827611 0.0175095610340486
0 0.6659999999999981 0.9986226097414883 0.22916666333493413 0.0027547805170233916
1 0.8859934839141024 0.676 0.1599869678282048 0.01605043094787834
0 0.8059999999999982 0.676 0.18749999727403702 0.01605043094787834
1 0.3642627433671587 0.218 0.15652548673431738 0.014591300861706258
0 0.2859999999999982 0.218 0.1458333312131399 0.014591300861706258
1 0.876 0.06199999999999909 0.248 0.013132170775535997
0 0.752 0.06199999999999909 0.16666666424358845 0.013132170775535997
1 0.35348731790626514 0.11599999999999909 0.15497463581253032 0.013132170775535997
0 0.2759999999999982 0.11599999999999909 0.18749999727403702 0.013132170775535997
1 0.7001202888375301 0.7239999999999991 0.1562405776750602 0.013132170775535997
0 0.6219999999999982 0.7239999999999991 0.1458333312131399 0.013132170775535997
1 0.941 0.30000000000000093 0.118 0.010213910603195472
0 0.882 0.30000000000000093 0.12499999818269135 0.010213910603195472
1 0.936 0.3260000000000009 0.128 0.010213910603195472
0 0.8719999999999982 0.3260000000000009 0.062499999091345675 0.010213910603195472
1 0.07261999017000016 0.9860000000000009 0.14523998034000032 0.010213910603195472
1 0.941 0.7900000000000009 0.118 0.005836520344682867
0 0.8819999999999982 0.7900000000000009 0.062499999091345675 0.005836520344682867