0 0.9261250006814898 0.194 0.14774999863702032 0.0306417318095846
1 0.886 0.18 0.228 0.02480521146490355
0 0.7720000000000018 0.18 0.2916666624262834 0.02480521146490355
1 0.25351784451807907 0.794 0.5070356890361581 0.021886951292559388
1 0.902 0.4160000000000018 0.196 0.020427821206390945
0 0.804 0.4160000000000018 0.08333333212179422 0.020427821206390945
1 0.951 0.15999999999999817 0.098 0.018968691120218865
0 0.902 0.15999999999999817 0.08333333212179422 0.018968691120218865
1 0.40204875207880103 0.07199999999999818 0.4080975041576021 0.017509561034046783
0 0.1980000000000009 0.07199999999999818 0.16666666424359028 0.017509561034046783
0 0.9689166674238786 0.818 0.062166665152242784 0.014591300861706258
1 0.956 0.88 0.088 0.014591300861706258
0 0.912 0.88 0.08333333212179422 0.014591300861706258
1 0.864 0.006283042693885363 0.272 0.012566085387770726
0 0.7279999999999982 0.006283042693885363 0.18749999727403702 0.012566085387770726
0 0.9679583337119384 0.24600000000000183 0.06408333257612321 0.013132170775537815
0 0.9421250006814899 0.7500000000000018 0.11574999863702033 0.013132170775537815