0 0.9815000009086543 0.020000000000007276 0.03699999818269134 0.027723471637247712
1 0.735 0.10799999999999273 0.53 0.026264341551068354
0 0.47 0.10799999999999273 0.20833333030448556 0.026264341551068354
1 0.952 0.276 0.096 0.020427821206394584
0 0.904 0.276 0.16666666424358845 0.020427821206394584
1 0.844 0.146 0.312 0.018968691120215226
0 0.6879999999999982 0.146 0.22916666333493413 0.018968691120215226
1 0.773 0.184 0.454 0.018968691120215226
0 0.546 0.184 0.20833333030448556 0.018968691120215226
1 0.958 0.8720000000000073 0.084 0.017509561034050422
0 0.916 0.8720000000000073 0.12499999818269135 0.017509561034050422
1 0.616 0.08800000000000728 0.768 0.013132170775541454
0 0.232 0.08800000000000728 0.12499999818269135 0.013132170775541454
1 0.4585317714676421 0.4720000000000073 0.1490635429352842 0.013132170775541454
0 0.3839999999999982 0.4720000000000073 0.1458333312131399 0.013132170775541454
1 0.7441592051838561 0.49800000000000727 0.1563184103677122 0.013132170775541454
0 0.6659999999999981 0.49800000000000727 0.18749999727403702 0.013132170775541454
1 0.44522132591191255 0.8259999999999927 0.18644265182382513 0.011673040689362096
0 0.3519999999999982 0.8259999999999927 0.020833333030448556 0.011673040689362096
1 0.15666077417222185 0.174 0.3133215483444437 0.004377390258508967