1 0.821 0.72 0.358 0.035019122068100844
0 0.6419999999999981 0.72 0.18749999727403702 0.035019122068100844
1 0.21941170803817842 0.594 0.4108234160763568 0.033559991981921486
0 0.12158333166746797 0.594 0.24316666333493595 0.033559991981921486
1 0.6129041341506599 0.7480000000000073 0.4418082683013199 0.027723471637247712
0 0.3920000000000009 0.7480000000000073 0.18749999727403882 0.027723471637247712
1 0.2662934662019834 0.12799999999999273 0.5325869324039668 0.026264341551068354
1 0.712 0.9914339146122293 0.576 0.017132170775541453
0 0.42400000000000093 0.9914339146122293 0.22916666333493596 0.017132170775541453
1 0.4309888111590899 0.9559999999999927 0.5739776223181798 0.021886951292559388
0 0.1440000000000009 0.9559999999999927 0.18749999727403882 0.021886951292559388
1 0.38976494275609 0.562 0.25552988551218003 0.020427821206394584
0 0.262 0.562 0.10416666515224278 0.020427821206394584
1 0.4505329547230722 0.138 0.8090659094461443 0.018968691120215226
0 0.08549999909134658 0.138 0.17099999818269315 0.018968691120215226
1 0.7585449955771073 0.8520000000000073 0.4050899911542147 0.017509561034050422
0 0.556 0.8520000000000073 0.08333333212179422 0.017509561034050422
1 0.6936958598519614 0.9719999999999928 0.40739171970392274 0.016050430947871064
0 0.49 0.9719999999999928 0.12499999818269135 0.016050430947871064
1 0.7129619315720284 0.89 0.20592386314405667 0.014591300861706258
0 0.6099999999999982 0.89 0.1458333312131399 0.014591300861706258
1 0.4610093514305609 0.974 0.7660187028611217 0.014591300861706258
0 0.08587499931851016 0.974 0.1717499986370203 0.014591300861706258
1 0.03528734464174795 0.7580000000000072 0.0705746892834959 0.013132170775541454
1 0.8095323570505061 0.049999999999992724 0.3150647141010122 0.011673040689362096
0 0.6519999999999981 0.049999999999992724 0.10416666515224278 0.011673040689362096
1 0.501 0.152 0.998 0.010213910603197292
0 0.032249999545672835 0.152 0.06449999909134567 0.010213910603197292
1 0.973 0.7379999999999928 0.054 0.007295650430853129
0 0.946 0.7379999999999928 0.08333333212179422 0.007295650430853129