1 0.04485381487915492 0.9794213068752624 0.08970762975830984 0.04115738624947517
1 0.991 0.6760000000000005 0.018 0.03210086189575577
0 0.9389166674238786 0.6760000000000005 0.12216666515224278 0.03210086189575577
1 0.09792875565920804 0.584 0.19585751131841608 0.0175095610340486
1 0.17284917499379934 0.07600000000000046 0.33369834998759873 0.014591300861707169
0 0.04466666606089802 0.07600000000000046 0.08933333212179605 0.014591300861707169
1 0.1322132856610051 0.38 0.2644265713220102 0.013132170775535997
1 0.6239672815493832 0.598 0.17193456309876637 0.013132170775535997
0 0.538 0.598 0.062499999091345675 0.013132170775535997
1 0.2666502207081894 0.01 0.3253004414163788 0.011673040689365734
0 0.104 0.01 0.062499999091345675 0.011673040689365734
1 0.894 0.838 0.212 0.011673040689365734
0 0.788 0.838 0.12499999818269135 0.011673040689365734
1 0.579 0.842 0.842 0.011673040689365734
0 0.15800000000000092 0.842 0.1458333312131417 0.011673040689365734
1 0.6213394625310175 0.8619999999999995 0.16667892506203497 0.010213910603194563
0 0.538 0.8619999999999995 0.04166666606089711 0.010213910603194563
1 0.5226401925181499 0.48800000000000043 0.33728038503629976 0.0087547805170243
0 0.354 0.48800000000000043 0.062499999091345675 0.0087547805170243
1 0.799939133230675 0.378 0.17587826646135 0.007295650430853129
0 0.712 0.378 0.08333333212179422 0.007295650430853129