1 0.4145989482844375 0.596 0.24119789656887497 0.023346081378731467
0 0.2940000000000004 0.596 0.08333333212179514 0.023346081378731467
1 0.37175851438592056 0.6619999999999991 0.5875170287718411 0.020427821206389127
0 0.08066666606089712 0.6619999999999991 0.16133333212179424 0.020427821206389127
1 0.7101159192833612 0.25799999999999906 0.3762318385667222 0.013132170775535997
0 0.5220000000000005 0.25799999999999906 0.1041666651522437 0.013132170775535997
1 0.70442632053531 0.102 0.25685264107061995 0.011673040689365734
0 0.5760000000000004 0.102 0.1041666651522437 0.011673040689365734
1 0.42626969459665953 0.37 0.24453938919331905 0.011673040689365734
0 0.304 0.37 0.062499999091345675 0.011673040689365734
1 0.6346278612794404 0.16399999999999954 0.37725572255888074 0.010213910603194563
0 0.44600000000000045 0.16399999999999954 0.12499999818269225 0.010213910603194563
1 0.33837547180745425 0.4480000000000009 0.24075094361490845 0.010213910603195472
0 0.21800000000000044 0.4480000000000009 0.12499999818269225 0.010213910603195472
1 0.826 0.5100000000000009 0.348 0.010213910603195472
0 0.6520000000000005 0.5100000000000009 0.1041666651522437 0.010213910603195472
1 0.12777256017145008 0.5440000000000009 0.25554512034290017 0.010213910603195472
1 0.766 0.6300000000000009 0.468 0.010213910603195472
0 0.5320000000000005 0.6300000000000009 0.12499999818269225 0.010213910603195472
1 0.5099807856160729 0.2719999999999991 0.3679615712321456 0.008754780517023391
0 0.32600000000000046 0.2719999999999991 0.08333333212179514 0.008754780517023391
1 0.896 0.6559999999999991 0.208 0.008754780517023391
0 0.7920000000000005 0.6559999999999991 0.08333333212179514 0.008754780517023391
1 0.815 0.48600000000000093 0.37 0.005836520344682867
0 0.63 0.48600000000000093 0.062499999091345675 0.005836520344682867