1 0.872 0.10599999999999977 0.256 0.026264341551072448
0 0.7440000000000004 0.10599999999999977 0.08333333212179514 0.026264341551072448
1 0.85 0.14 0.3 0.024805211464901732
0 0.7 0.14 0.3124999954567302 0.024805211464901732
0 0.9616666678782053 0.354 0.07666666424358937 0.024805211464901732
1 0.3522892154756314 0.2639999999999998 0.28057843095126284 0.02042782120638958
0 0.21200000000000047 0.2639999999999998 0.14583333121314082 0.02042782120638958
1 0.4065862598577014 0.826 0.1931725197154028 0.018968691120218865
0 0.31000000000000044 0.826 0.1041666651522437 0.018968691120218865
1 0.7798990354596562 0.18399999999999977 0.2037980709193125 0.017509561034048146
0 0.6780000000000005 0.18399999999999977 0.14583333121314082 0.017509561034048146
1 0.2547863359929333 0.47799999999999976 0.3655726719858667 0.017509561034048146
0 0.07200000000000045 0.47799999999999976 0.1041666651522437 0.017509561034048146
1 0.15185436003413316 0.33 0.2677087200682663 0.014591300861707169
0 0.01941666651522428 0.33 0.03883333303044856 0.014591300861707169
1 0.12723538807809517 0.426 0.25447077615619035 0.014591300861707169
1 0.42062689850593005 0.472 0.2852537970118601 0.014591300861707169
0 0.27800000000000047 0.472 0.08333333212179514 0.014591300861707169
1 0.877 0.968 0.246 0.014591300861707169
0 0.754 0.968 0.062499999091345675 0.014591300861707169
1 0.5445722296740201 0.606 0.29314445934804007 0.011673040689365734
0 0.398 0.606 0.04166666606089711 0.011673040689365734
1 0.19472875428671751 0.5240000000000002 0.38945750857343503 0.010213910603195018
1 0.7852204111668625 0.162 0.102440822333725 0.0087547805170243
0 0.7340000000000004 0.162 0.08333333212179514 0.0087547805170243
1 0.24217468606830697 0.164 0.44834937213661397 0.0087547805170243
0 0.02983333303044901 0.164 0.05966666606089802 0.0087547805170243
1 0.02451838210512733 0.492 0.04903676421025466 0.0087547805170243
1 0.31946718862009355 0.752 0.19093437724018714 0.0087547805170243
0 0.224 0.752 0.04166666606089711 0.0087547805170243
1 0.5711040041873393 0.5580000000000003 0.1982080083746787 0.0072956504308535845
0 0.472 0.5580000000000003 0.062499999091345675 0.0072956504308535845
1 0.3343164325846233 0.8700000000000002 0.2846328651692465 0.0072956504308535845
0 0.192 0.8700000000000002 0.062499999091345675 0.0072956504308535845
1 0.15243116728213818 0.228 0.26886233456427633 0.005836520344682867
0 0.024624999772836418 0.228 0.049249999545672836 0.005836520344682867
1 0.6946448505382482 0.712 0.20528970107649638 0.005836520344682867
0 0.592 0.712 0.062499999091345675 0.005836520344682867
1 0.7575915006224677 0.896 0.3071830012449354 0.002