1 0.24756845797198548 0.622 0.383136915943971 0.05398781318831607
0 0.12695833189463065 0.622 0.2539166637892613 0.05398781318831607
0 0.9853333339391029 0.026000000000007274 0.029333332121794228 0.037937382240445
1 0.3056447737408371 0.9780000000000073 0.10728954748167416 0.03210086189575668
0 0.252 0.9780000000000073 0.062499999091345675 0.03210086189575668
0 0.9548333348477572 0.966 0.09033333030448557 0.030641731809591875
1 0.708731265882192 0.23999999999999272 0.285462531764384 0.016050430947871064
0 0.5659999999999982 0.23999999999999272 0.10416666515224278 0.016050430947871064
1 0.6219592747686383 0.5299999999999927 0.4799185495372767 0.016050430947871064
0 0.382 0.5299999999999927 0.08333333212179422 0.016050430947871064
1 0.7910280810433269 0.9739999999999928 0.3420561620866538 0.016050430947871064
0 0.62 0.9739999999999928 0.12499999818269135 0.016050430947871064
1 0.014604213802631421 0.36400000000000726 0.029208427605262842 0.013132170775541454
1 0.757407026561108 0.9947169573061183 0.33881405312221613 0.010566085387763451
0 0.588 0.9947169573061183 0.12499999818269135 0.010566085387763451
1 0.45346815081398384 0.1699999999999927 0.2749363016279676 0.011673040689362096
0 0.316 0.1699999999999927 0.16666666424358845 0.011673040689362096
1 0.009413893991059921 0.17599999999999272 0.018827787982119842 0.011673040689362096
1 0.24216201332579748 0.23999999999999272 0.264324026651595 0.011673040689362096
0 0.11 0.23999999999999272 0.10416666515224278 0.011673040689362096
1 0.1295752828013301 0.2939999999999927 0.2591505656026602 0.011673040689362096
1 0.956 0.8499999999999928 0.088 0.011673040689362096
0 0.9119999999999981 0.8499999999999928 0.1458333312131399 0.011673040689362096
1 0.6089448467368475 0.508 0.19388969347369495 0.010213910603197292
0 0.5119999999999982 0.508 0.10416666515224278 0.010213910603197292
1 0.94 0.87 0.12 0.010213910603197292
0 0.8799999999999982 0.87 0.10416666515224278 0.010213910603197292
1 0.42775712909970753 0.648 0.3075142581994151 0.008754780517017934
0 0.274 0.648 0.10416666515224278 0.008754780517017934
1 0.371481824962164 0.928 0.11096364992432792 0.005836520344688324
1 0.5087433795417546 0.26 0.6214867590835093 0.004377390258508967