1 0.17390142223337854 0.608 0.30780284446675704 0.02480521146490355
0 0.07249999909134612 0.608 0.14499999818269224 0.02480521146490355
1 0.6301716841789339 0.246 0.3323433683578678 0.018968691120215226
0 0.464 0.246 0.2499999963653845 0.018968691120215226
1 0.35687506413483605 0.2680000000000073 0.23775012826967212 0.013132170775541454
0 0.23800000000000046 0.2680000000000073 0.14583333121314082 0.013132170775541454
1 0.4633530311725194 0.3820000000000073 0.08270606234503884 0.013132170775541454
0 0.42200000000000043 0.3820000000000073 0.14583333121314082 0.013132170775541454
1 0.3602686139802463 0.5980000000000073 0.2445372279604926 0.013132170775541454
0 0.23800000000000046 0.5980000000000073 0.14583333121314082 0.013132170775541454
1 0.2829912345993516 0.31599999999999273 0.15798246919870326 0.011673040689362096
0 0.20399999999999954 0.31599999999999273 0.16666666424358936 0.011673040689362096
1 0.604905146021526 0.3399999999999927 0.16981029204305195 0.011673040689362096
0 0.5200000000000005 0.3399999999999927 0.08333333212179514 0.011673040689362096
1 0.933 0.354 0.134 0.010213910603197292
0 0.8660000000000004 0.354 0.08333333212179514 0.010213910603197292
1 0.533702393356637 0.364 0.247404786713274 0.010213910603197292
0 0.41 0.364 0.062499999091345675 0.010213910603197292