1 0.11631424744925607 0.7240000000000036 0.23262849489851214 0.03355999198192876
1 0.5211384508794963 0.09 0.8862769017589927 0.03210086189575668
0 0.09108333257612139 0.09 0.18216666515224278 0.03210086189575668
1 0.626 0.098 0.748 0.03210086189575668
0 0.252 0.098 0.20833333030448556 0.03210086189575668
1 0.8814056540267721 0.44999999999999635 0.15481130805354407 0.027723471637240437
0 0.804 0.44999999999999635 0.12499999818269135 0.027723471637240437
1 0.3938228883736392 0.987069132090688 0.3516457767472784 0.025861735818623856
0 0.218 0.987069132090688 0.20833333030448556 0.025861735818623856
1 0.6028820655645195 0.3940000000000036 0.725764131129039 0.023346081378731467
0 0.24 0.3940000000000036 0.312499995456732 0.023346081378731467
1 0.5364770581795929 0.5979999999999963 0.4609541163591857 0.020427821206387305
0 0.30599999999999816 0.5979999999999963 0.1458333312131399 0.020427821206387305
1 0.6170869759048674 0.11600000000000364 0.7541739518097347 0.0189686911202225
0 0.2399999999999982 0.11600000000000364 0.18749999727403702 0.0189686911202225
1 0.2151255105771379 0.43600000000000366 0.4262510211542758 0.0189686911202225
0 0.058291665833732624 0.43600000000000366 0.11658333166746525 0.0189686911202225
1 0.04706939172598322 0.07400000000000363 0.09413878345196644 0.01605043094787834
1 0.7781744976666559 0.7000000000000036 0.1643489953333119 0.01605043094787834
0 0.6959999999999982 0.7000000000000036 0.10416666515224278 0.01605043094787834
1 0.8068635343187689 0.882 0.17772706863753773 0.014591300861706258
0 0.718 0.882 0.16666666424358845 0.014591300861706258
1 0.3566007262824805 0.168 0.29720145256496106 0.010213910603197292
0 0.208 0.168 0.12499999818269135 0.010213910603197292
1 0.7642461037643461 0.896 0.35249220752869226 0.010213910603197292
0 0.588 0.896 0.04166666606089711 0.010213910603197292