1 0.2912908807007261 0.9882452194829757 0.3145817614014522 0.023509561034048602
0 0.13399999999999818 0.9882452194829757 0.10416666515224278 0.023509561034048602
0 0.9639583337119384 0.666 0.07208333257612322 0.027723471637244073
0 0.9336666678782057 0.809999999999999 0.13266666424358844 0.024805211464901732
1 0.79 0.4540000000000009 0.42 0.021886951292561206
0 0.58 0.4540000000000009 0.16666666424358845 0.021886951292561206
1 0.752 0.18199999999999908 0.496 0.020427821206389127
0 0.5039999999999982 0.18199999999999908 0.22916666333493413 0.020427821206389127
1 0.833 0.007377390258512606 0.334 0.014754780517025211
0 0.6659999999999981 0.007377390258512606 0.22916666333493413 0.014754780517025211
1 0.361762276908381 0.3780000000000009 0.723524553816762 0.0175095610340486
1 0.294741485748571 0.408 0.589482971497142 0.014591300861706258
0 0.022458332803284065 0.408 0.04491666560656813 0.014591300861706258
1 0.8576570680538698 0.712 0.16731413610773962 0.014591300861706258
0 0.774 0.712 0.12499999818269135 0.014591300861706258
1 0.59834188964026 0.06599999999999909 0.29668377928052 0.013132170775535997
0 0.45 0.06599999999999909 0.08333333212179422 0.013132170775535997
1 0.07266219617067872 0.6339999999999991 0.14532439234135744 0.013132170775535997
0 0.028249999545672835 0.6339999999999991 0.05649999909134567 0.013132170775535997
1 0.7031963050916183 0.6339999999999991 0.1623926101832367 0.013132170775535997
0 0.622 0.6339999999999991 0.20833333030448556 0.013132170775535997
1 0.06214885451159171 0.6959999999999991 0.12429770902318342 0.013132170775535997
0 0.022458332803284065 0.6959999999999991 0.04491666560656813 0.013132170775535997
1 0.8292787358410878 0.214 0.3065574716821757 0.011673040689365734
0 0.6759999999999982 0.214 0.1458333312131399 0.011673040689365734
1 0.1185442314634347 0.1319999999999991 0.14108846292686938 0.008754780517023391
0 0.055249999545672834 0.1319999999999991 0.11049999909134567 0.008754780517023391