1 0.6983325267797463 0.484 0.2926650535594927 0.020427821206394584
0 0.552 0.484 0.10416666515224278 0.020427821206394584
1 0.756189675568502 0.946 0.30037935113700404 0.018968691120215226
0 0.6060000000000009 0.946 0.16666666424359028 0.018968691120215226
1 0.955 0.714 0.09 0.014591300861706258
0 0.91 0.714 0.10416666515224278 0.014591300861706258
1 0.885 0.8240000000000073 0.23 0.013132170775541454
0 0.77 0.8240000000000073 0.10416666515224278 0.013132170775541454
1 0.939 0.18799999999999273 0.122 0.011673040689362096
0 0.8780000000000009 0.18799999999999273 0.16666666424359028 0.011673040689362096
1 0.2286182024362488 0.6239999999999927 0.1532364048724976 0.011673040689362096
0 0.152 0.6239999999999927 0.062499999091345675 0.011673040689362096
1 0.4657527350664886 0.066 0.21550547013297727 0.008754780517017934
0 0.358 0.066 0.12499999818269135 0.008754780517017934
1 0.38476208531015166 0.39199999999999274 0.31352417062030324 0.007295650430853129
0 0.228 0.39199999999999274 0.062499999091345675 0.007295650430853129
1 0.03818318352944698 0.6739999999999927 0.07636636705889396 0.007295650430853129
1 0.792 0.82 0.416 0.005836520344688324
1 0.009320406227812782 0.812 0.018640812455625565 0.004377390258508967
1 0.7450582005260985 0.5880000000000073 0.29811640105219706 0.002918260172344162