1 0.21153498844789284 0.13200000000000092 0.4230699768957857 0.029182601723414338
1 0.954 0.9840000000000009 0.092 0.029182601723414338
0 0.908 0.9840000000000009 0.16666666424358845 0.029182601723414338
1 0.97 0.53 0.06 0.027723471637244073
0 0.9283333339391029 0.53 0.14333333212179422 0.027723471637244073
1 0.5742348733584985 0.912 0.5684697467169971 0.027723471637244073
0 0.2899999999999982 0.912 0.22916666333493413 0.027723471637244073
0 0.9725000009086543 0.7119999999999991 0.05499999818269134 0.024805211464901732
1 0.27548189195898704 0.064 0.40696378391797405 0.023346081378731467
0 0.10891666560657177 0.064 0.21783333121314355 0.023346081378731467
1 0.8087696898908143 0.6579999999999991 0.30153937978162865 0.020427821206389127
0 0.6579999999999981 0.6579999999999991 0.27083332939583127 0.020427821206389127
1 0.18176495186372996 0.01800000000000091 0.3635299037274599 0.0175095610340486
0 0.034083332576121395 0.01800000000000091 0.06816666515224279 0.0175095610340486
1 0.3952643391156889 0.6060000000000009 0.14652867823137786 0.0175095610340486
0 0.3219999999999982 0.6060000000000009 0.1458333312131399 0.0175095610340486
1 0.748 0.01 0.504 0.01605043094787834
0 0.496 0.01 0.16666666424358845 0.01605043094787834
1 0.721 0.336 0.558 0.014591300861706258
0 0.442 0.336 0.16666666424358845 0.014591300861706258
1 0.3185907254599315 0.63 0.14518145091986298 0.014591300861706258
0 0.2459999999999982 0.63 0.1458333312131399 0.014591300861706258
1 0.39532122396527664 0.568 0.1466424479305533 0.011673040689365734
0 0.322 0.568 0.12499999818269135 0.011673040689365734
1 0.981 0.572 0.038 0.011673040689365734
0 0.9497500004543271 0.572 0.10049999909134567 0.011673040689365734
1 0.36099842428394185 0.876 0.14199684856788372 0.011673040689365734
0 0.29 0.876 0.12499999818269135 0.011673040689365734
1 0.921 0.7420000000000009 0.158 0.010213910603195472
0 0.842 0.7420000000000009 0.12499999818269135 0.010213910603195472
1 0.964 0.683999999999999 0.072 0.008754780517023391
0 0.928 0.683999999999999 0.04166666606089711 0.008754780517023391
1 0.22411927700777778 0.9760000000000009 0.44823855401555557 0.005836520344682867
1 0.921 0.072 0.158 0.002918260172340524