0 0.963958335529247 0.688 0.0720833289415059 0.04231477249895033
1 0.17664781788211759 0.5 0.35329563576423517 0.03793738224043773
0 0.022083332576121394 0.5 0.04416666515224279 0.03793738224043773
1 0.215492272581816 0.338 0.430984545163632 0.0350191220680972
0 0.011666666060897115 0.338 0.02333333212179423 0.0350191220680972
1 0.08554191921113534 0.334 0.17108383842227068 0.0306417318095846
1 0.724 0.7720000000000009 0.552 0.029182601723414338
0 0.448 0.7720000000000009 0.27083332939583304 0.029182601723414338
0 0.975541667196715 0.3739999999999991 0.04891666560656995 0.020427821206389127
1 0.19799889744184748 0.2440000000000009 0.29999779488369493 0.0175095610340486
0 0.07087499931850925 0.2440000000000009 0.1417499986370185 0.0175095610340486
1 0.2598587325074882 0.48600000000000093 0.3157174650149764 0.0175095610340486
0 0.10199999999999955 0.48600000000000093 0.18749999727403793 0.0175095610340486
1 0.6499582886489511 0.6240000000000009 0.5759165772979022 0.0175095610340486
0 0.36199999999999954 0.6240000000000009 0.18749999727403793 0.0175095610340486
1 0.768 0.922 0.464 0.014591300861706258
0 0.536 0.922 0.062499999091345675 0.014591300861706258
1 0.27188480128049103 0.458 0.2117696025609821 0.011673040689365734
0 0.16600000000000045 0.458 0.1041666651522437 0.011673040689365734
1 0.968 0.918 0.064 0.011673040689365734
0 0.9360000000000005 0.918 0.12499999818269225 0.011673040689365734
1 0.5393313393562462 0.24799999999999908 0.41866267871249235 0.008754780517023391
0 0.33000000000000046 0.24799999999999908 0.08333333212179514 0.008754780517023391
1 0.581585928037086 0.484 0.22317185607417195 0.007295650430853129
0 0.47 0.484 0.062499999091345675 0.007295650430853129