1 0.891 0.41 0.218 0.05398781318831607
0 0.782 0.41 0.14583333121314082 0.05398781318831607
1 0.6299802058672374 0.9860565243537203 0.30396041173447474 0.027886951292559387
0 0.478 0.9860565243537203 0.2499999963653845 0.027886951292559387
1 0.945 0.874 0.11 0.02480521146490355
0 0.8900000000000002 0.874 0.20833333030448695 0.02480521146490355
1 0.918 0.228 0.164 0.020427821206394584
0 0.836 0.228 0.16666666424358936 0.020427821206394584
1 0.46110697832374214 0.712 0.18221395664748433 0.020427821206394584
0 0.3699999999999998 0.712 0.10416666515224324 0.020427821206394584
1 0.88 0.81 0.24 0.020427821206394584
0 0.7600000000000002 0.81 0.18749999727403838 0.020427821206394584
1 0.4246200901887667 0.94 0.2372401803775333 0.018968691120215226
0 0.306 0.94 0.16666666424358936 0.018968691120215226
1 0.12122820889192894 0.09400000000000727 0.24245641778385787 0.017509561034050422
0 0.009874999318509709 0.09400000000000727 0.019749998637019418 0.017509561034050422
1 0.3687509733448676 0.19400000000000728 0.23750194668973518 0.017509561034050422
0 0.2500000000000002 0.19400000000000728 0.18749999727403838 0.017509561034050422
1 0.05521003646139002 0.6060000000000073 0.11042007292278004 0.017509561034050422
1 0.6108240235863008 0.041999999999992724 0.37364804717260175 0.016050430947871064
0 0.424 0.041999999999992724 0.12499999818269225 0.016050430947871064
1 0.6296593603756626 0.396 0.25931872075132517 0.014591300861706258
0 0.4999999999999998 0.396 0.08333333212179468 0.014591300861706258
1 0.967 0.5339999999999927 0.066 0.011673040689362096
0 0.9305416671967148 0.5339999999999927 0.1389166656065704 0.011673040689362096
1 0.21279994845085662 0.5899999999999928 0.22559989690171323 0.011673040689362096
0 0.1 0.5899999999999928 0.12499999818269225 0.011673040689362096
1 0.945 0.6519999999999927 0.11 0.011673040689362096
0 0.8899999999999998 0.6519999999999927 0.08333333212179468 0.011673040689362096
1 0.12427059643686517 0.064 0.24854119287373033 0.010213910603197292
0 0.021249999545673064 0.064 0.04249999909134613 0.010213910603197292
1 0.11775365618121987 0.7 0.23550731236243974 0.010213910603197292
1 0.918 0.212 0.164 0.008754780517017934
0 0.836 0.212 0.12499999818269225 0.008754780517017934
1 0.39790901882479646 0.756 0.11981803764959295 0.008754780517017934
0 0.33799999999999975 0.756 0.08333333212179468 0.008754780517017934