1 0.947 0.2739999999999982 0.106 0.026264341551071994
0 0.8939999999999998 0.2739999999999982 0.08333333212179468 0.026264341551071994
1 0.974 0.306 0.052 0.014591300861706258
0 0.9427500004543269 0.306 0.11449999909134613 0.014591300861706258
0 0.9911666669695512 0.06800000000000182 0.01766666606089757 0.013132170775537815
1 0.6643684281320814 0.2780000000000018 0.14873685626416272 0.011673040689365734
0 0.5900000000000002 0.2780000000000018 0.062499999091346126 0.011673040689365734
1 0.876 0.4200000000000018 0.248 0.011673040689365734
0 0.752 0.4200000000000018 0.14583333121314082 0.011673040689365734
1 0.7082195206018105 0.6739999999999982 0.14843904120362095 0.010213910603193653
0 0.6339999999999998 0.6739999999999982 0.08333333212179468 0.010213910603193653
1 0.8550446616068318 0.26 0.054089323213663644 0.005836520344681048
0 0.8280000000000002 0.26 0.062499999091346126 0.005836520344681048