1 0.5937204408936505 0.9884213068752652 0.34744088178730087 0.02315738624946971
0 0.42000000000000093 0.9884213068752652 0.2083333303044874 0.02315738624946971
1 0.921 0.9219999999999927 0.158 0.026264341551068354
0 0.8420000000000009 0.9219999999999927 0.1458333312131417 0.026264341551068354
1 0.2957315994661203 0.612 0.18746319893224064 0.023346081378724192
0 0.2019999999999991 0.612 0.3124999954567302 0.023346081378724192
1 0.10040773541151975 0.486 0.2008154708230395 0.018968691120215226
1 0.878 0.7460000000000073 0.244 0.017509561034050422
0 0.7560000000000009 0.7460000000000073 0.18749999727403882 0.017509561034050422
1 0.42814091307085256 0.6819999999999927 0.2562818261417051 0.016050430947871064
0 0.30000000000000093 0.6819999999999927 0.18749999727403882 0.016050430947871064
1 0.8877411559039919 0.408 0.21948231180798394 0.014591300861706258
0 0.778 0.408 0.10416666515224278 0.014591300861706258
1 0.024593983835485233 0.528 0.049187967670970466 0.014591300861706258
1 0.6747995474046456 0.71 0.4015990948092913 0.014591300861706258
0 0.474 0.71 0.08333333212179422 0.014591300861706258
1 0.9346900483364033 0.99 0.07738009667280676 0.014591300861706258
0 0.896 0.99 0.062499999091345675 0.014591300861706258
1 0.5543820956826294 0.194 0.26876419136525875 0.010213910603197292
0 0.42 0.194 0.08333333212179422 0.010213910603197292