1 0.4572235985160714 0.7340000000000004 0.37444719703214285 0.045233032671291765
0 0.2699999999999982 0.7340000000000004 0.22916666333493413 0.045233032671291765
1 0.4310114326526473 0.7580000000000005 0.12602286530529455 0.0393965123266089
0 0.368 0.7580000000000005 0.2499999963653827 0.0393965123266089
1 0.10931202156109976 0.007295650430853356 0.21862404312219952 0.014591300861706713
1 0.46224238965885706 0.146 0.9244847793177141 0.024805211464901732
0 0.029874999318508344 0.146 0.05974999863701669 0.024805211464901732
1 0.7131536507071451 0.8719999999999996 0.38630730141429015 0.021886951292560297
0 0.5199999999999981 0.8719999999999996 0.10416666515224278 0.021886951292560297
1 0.841 0.8980000000000005 0.318 0.020427821206390036
0 0.6819999999999982 0.8980000000000005 0.10416666515224278 0.020427821206390036
1 0.971 0.9140000000000005 0.058 0.020427821206390036
0 0.9345416671967142 0.9140000000000005 0.13091666560657178 0.020427821206390036
1 0.15938424401495105 0.372 0.3187684880299021 0.018968691120218865
1 0.6275618752442514 0.268 0.259123750488503 0.0175095610340486
0 0.49799999999999817 0.268 0.020833333030448556 0.0175095610340486
1 0.939 0.368 0.122 0.0175095610340486
0 0.878 0.368 0.16666666424358845 0.0175095610340486
1 0.95 0.45199999999999957 0.1 0.01605043094787743
0 0.9 0.45199999999999957 0.16666666424358845 0.01605043094787743
1 0.14121736459701242 0.47399999999999953 0.23843472919402484 0.01605043094787743
0 0.04745833280328406 0.47399999999999953 0.09491666560656813 0.01605043094787743
1 0.841 0.19000000000000045 0.318 0.014591300861707169
0 0.682 0.19000000000000045 0.16666666424358845 0.014591300861707169
1 0.21727833672694033 0.3460000000000005 0.43455667345388066 0.014591300861707169
0 0.9727500004543271 0.9978113048707441 0.054499999091345674 0.004377390258511696
1 0.4775444838994699 0.052 0.13108896779893986 0.005836520344682867
0 0.4119999999999982 0.052 0.062499999091345675 0.005836520344682867
1 0.35206197958301894 0.776 0.24812395916603783 0.005836520344682867
0 0.22799999999999818 0.776 0.062499999091345675 0.005836520344682867
1 0.1962232371985974 0.8179999999999995 0.24044647439719483 0.004377390258511696