1 0.758 0.5760000000000073 0.484 0.037937382240445
0 0.5159999999999991 0.5760000000000073 0.3333333284871787 0.037937382240445
1 0.3257949620629497 0.7 0.5715899241258994 0.030641731809591875
0 0.12416666515224278 0.7 0.24833333030448557 0.030641731809591875
1 0.35263625832536855 0.96 0.1732725166507371 0.030641731809591875
0 0.266 0.96 0.020833333030448556 0.030641731809591875
1 0.796 0.8019999999999927 0.408 0.026264341551068354
0 0.5920000000000009 0.8019999999999927 0.27083332939583304 0.026264341551068354
0 0.9235000009086544 0.7399999999999928 0.15299999818269133 0.021886951292559388
1 0.5355888525197224 0.5080000000000072 0.42717770503944485 0.017509561034050422
0 0.3220000000000009 0.5080000000000072 0.22916666333493596 0.017509561034050422
1 0.6713155322342572 0.8620000000000073 0.33063106446851454 0.017509561034050422
0 0.5060000000000009 0.8620000000000073 0.16666666424359028 0.017509561034050422
1 0.9252800291641051 0.45599999999999274 0.14656005832821029 0.016050430947871064
0 0.8520000000000009 0.45599999999999274 0.2083333303044874 0.016050430947871064
1 0.834 0.5519999999999927 0.332 0.016050430947871064
0 0.668 0.5519999999999927 0.10416666515224278 0.016050430947871064
1 0.08527586430025622 0.85 0.17055172860051243 0.014591300861706258
1 0.5264729711092586 0.264 0.1489459422185173 0.008754780517017934
0 0.452 0.264 0.08333333212179422 0.008754780517017934
1 0.964 0.396 0.072 0.008754780517017934
0 0.928 0.396 0.12499999818269135 0.008754780517017934
1 0.584541575959066 0.8259999999999927 0.7890831519181319 0.007295650430853129
0 0.19 0.8259999999999927 0.04166666606089711 0.007295650430853129
1 0.44046203727635386 0.6 0.2809240745527077 0.005836520344688324
0 0.3 0.6 0.062499999091345675 0.005836520344688324
1 0.899 0.776 0.202 0.005836520344688324