1 0.5271270952185642 0.942 0.6942541904371283 0.06420172379151336
0 0.1799999999999982 0.942 0.1458333312131399 0.06420172379151336
1 0.861 0.9360000000000036 0.278 0.04085564241278189
0 0.7219999999999982 0.9360000000000036 0.18749999727403702 0.04085564241278189
1 0.43393725729472865 0.432 0.8678745145894573 0.03939651232660981
1 0.4527298046819997 0.35 0.5854596093639993 0.036478252154265645
0 0.16 0.35 0.16666666424358845 0.036478252154265645
1 0.58300921088623 0.884 0.28201842177246 0.03210086189575668
0 0.44199999999999817 0.884 0.27083332939583127 0.03210086189575668
1 0.878 0.97 0.244 0.03210086189575668
0 0.756 0.97 0.16666666424358845 0.03210086189575668
1 0.1560496220525729 0.782 0.2520992441051458 0.02480521146490355
0 0.061874999318508345 0.782 0.12374999863701669 0.02480521146490355
1 0.26529916400966613 0.762 0.25459832801933224 0.021886951292559388
0 0.13799999999999818 0.762 0.22916666333493413 0.021886951292559388
1 0.09833317862423792 0.19200000000000364 0.19666635724847584 0.0189686911202225
1 0.7724175846373091 0.43600000000000366 0.24883516927461824 0.01605043094787834
0 0.648 0.43600000000000366 0.12499999818269135 0.01605043094787834
1 0.6486970315606031 0.33399999999999636 0.48139406312120625 0.013132170775534177
0 0.408 0.33399999999999636 0.12499999818269135 0.013132170775534177
1 0.37451463670698104 0.37 0.23702927341396207 0.011673040689362096
0 0.256 0.37 0.16666666424358845 0.011673040689362096
1 0.49954056297848365 0.014000000000003638 0.3750811259569673 0.008754780517025211
0 0.31199999999999817 0.014000000000003638 0.10416666515224278 0.008754780517025211
1 0.7527872319153103 0.30200000000000365 0.12557446383062051 0.008754780517025211