1 0.6201838563627307 0.514 0.36436771272546137 0.024805211464901732
0 0.438 0.514 0.12499999818269135 0.024805211464901732
1 0.941 0.916 0.118 0.024805211464901732
0 0.8820000000000009 0.916 0.18749999727403882 0.024805211464901732
1 0.822 0.11399999999999977 0.356 0.023346081378731013
0 0.6440000000000009 0.11399999999999977 0.29166666242628164 0.023346081378731013
1 0.31338592645707375 0.3279999999999998 0.5747718529141476 0.02042782120638958
0 0.04945833280328588 0.3279999999999998 0.09891666560657177 0.02042782120638958
1 0.958 0.096 0.084 0.018968691120218865
0 0.9111250006814907 0.096 0.1777499986370185 0.018968691120218865
1 0.5853013791927187 0.378 0.3586027583854375 0.018968691120218865
0 0.4060000000000009 0.378 0.1458333312131417 0.018968691120218865
1 0.10007056432227546 0.728 0.20014112864455091 0.018968691120218865
0 0.011458332803285884 0.728 0.022916665606571768 0.018968691120218865
1 0.029692875519482187 0.6479999999999998 0.059385751038964374 0.017509561034048146
1 0.7793671760519765 0.8559999999999998 0.3787343521039529 0.017509561034048146
0 0.59 0.8559999999999998 0.10416666515224278 0.017509561034048146
1 0.898 0.6000000000000002 0.204 0.016050430947877885
0 0.796 0.6000000000000002 0.10416666515224278 0.016050430947877885
1 0.806 0.02 0.388 0.014591300861707169
0 0.6120000000000009 0.02 0.1458333312131417 0.014591300861707169
1 0.979 0.24800000000000022 0.042 0.013132170775536451
0 0.9321250006814907 0.24800000000000022 0.1357499986370185 0.013132170775536451
1 0.6514225227957604 0.4300000000000002 0.27484504559152084 0.013132170775536451
0 0.514 0.4300000000000002 0.04166666606089711 0.013132170775536451
1 0.16878640357668245 0.4920000000000002 0.3375728071533649 0.013132170775536451
1 0.931 0.3620000000000002 0.138 0.010213910603195018
0 0.862 0.3620000000000002 0.10416666515224278 0.010213910603195018
0 0.9691666669695514 0.3160000000000002 0.061666666060897116 0.0072956504308535845
1 0.4491375115307983 0.33200000000000024 0.3462750230615966 0.0072956504308535845
0 0.276 0.33200000000000024 0.062499999091345675 0.0072956504308535845
1 0.979 0.34600000000000025 0.042 0.0072956504308535845
0 0.958 0.34600000000000025 0.04166666606089711 0.0072956504308535845
1 0.7636427631341094 0.5300000000000002 0.28328552626821873 0.00437739025851215