1 0.13351457648176984 0.398 0.2670291529635397 0.045233032671298135
0 0.9290416681053685 0.11 0.1419166637892631 0.03939651232660981
1 0.06727298010826052 0.7760000000000072 0.13454596021652104 0.027723471637247712
1 0.882 0.22599999999999273 0.236 0.026264341551068354
0 0.7639999999999982 0.22599999999999273 0.27083332939583127 0.026264341551068354
1 0.7713913059448095 0.36 0.31878261188961915 0.023346081378724192
0 0.6119999999999982 0.36 0.22916666333493413 0.023346081378724192
1 0.931 0.005106955301598646 0.138 0.010213910603197292
0 0.8619999999999982 0.005106955301598646 0.1458333312131399 0.010213910603197292
0 0.9747500004543271 0.6600000000000072 0.05049999909134567 0.017509561034050422
1 0.40721279513075387 0.021999999999992723 0.6104255902615078 0.016050430947871064
0 0.102 0.021999999999992723 0.16666666424358845 0.016050430947871064
1 0.936 0.6419999999999927 0.128 0.016050430947871064
0 0.872 0.6419999999999927 0.16666666424358845 0.016050430947871064
1 0.03094404024011601 0.3220000000000073 0.06188808048023202 0.013132170775541454
0 0.9859583337119384 0.5479999999999927 0.02808333257612321 0.011673040689362096
1 0.36714727633968686 0.61 0.29029455267937376 0.010213910603197292
0 0.222 0.61 0.12499999818269135 0.010213910603197292
1 0.05651188282162002 0.84 0.11302376564324004 0.010213910603197292
0 0.022458332803284065 0.84 0.04491666560656813 0.010213910603197292
1 0.958 0.496 0.084 0.008754780517017934
0 0.916 0.496 0.12499999818269135 0.008754780517017934
1 0.22339742095129986 0.71 0.28679484190259974 0.008754780517017934
0 0.08 0.71 0.12499999818269135 0.008754780517017934
1 0.6561460404352438 0.758 0.15229208087048754 0.005836520344688324
0 0.58 0.758 0.08333333212179422 0.005836520344688324