0 0.9817083341662665 0.398 0.036583331667467064 0.02042782120638975
1 0.1097057970968608 0.402 0.2194115941937216 0.01605043094787766
1 0.925 0.138 0.15 0.01459130086170697
0 0.85 0.138 0.12499999818269135 0.01459130086170697
1 0.08144534969781489 0.304 0.16289069939562978 0.014591300861706997
1 0.8487783825449733 0.726 0.19355676508994657 0.014591300861706942
0 0.752 0.726 0.08333333212179422 0.014591300861706942
1 0.16965531940674555 0.952 0.3313106388134911 0.013132170775536224
0 0.022833333030448558 0.952 0.045666666060897115 0.013132170775536224
1 0.5316214475726211 0.408 0.18724289514524206 0.011673040689365564
0 0.438 0.408 0.12499999818269135 0.011673040689365564
1 0.958 0.468 0.084 0.011673040689365564
0 0.9160000000000009 0.468 0.1458333312131417 0.011673040689365564
1 0.969 0.618 0.062 0.011673040689365621
0 0.938 0.618 0.08333333212179422 0.011673040689365621
1 0.09131255114280157 0.942 0.18262510228560314 0.010213910603194903