1 0.1263663592754192 0.8579999999999928 0.2527327185508384 0.10943475646279693
1 0.961 0.5039999999999927 0.078 0.026264341551068354
0 0.922 0.5039999999999927 0.12499999818269135 0.026264341551068354
1 0.955 0.8519999999999928 0.09 0.026264341551068354
0 0.9081250006814907 0.8519999999999928 0.18374999863701852 0.026264341551068354
0 0.9850833343934301 0.8559999999999928 0.0298333312131399 0.026264341551068354
0 0.9627083341662664 0.37599999999999273 0.07458333166746707 0.021886951292559388
0 0.9515416671967151 0.10400000000000728 0.09691666560656995 0.017509561034050422
1 0.19579171423294703 0.4839999999999927 0.21958342846589404 0.016050430947871064
0 0.086 0.4839999999999927 0.12499999818269135 0.016050430947871064
1 0.901 0.248 0.198 0.014591300861706258
0 0.8020000000000009 0.248 0.16666666424359028 0.014591300861706258
1 0.971 0.9933521747845734 0.058 0.01329565043085313
0 0.934541667196715 0.9933521747845734 0.13091666560656995 0.01329565043085313
0 0.9773750002271636 0.8859999999999927 0.04524999954567283 0.011673040689362096
1 0.840741685259538 0.126 0.05748337051907584 0.010213910603197292
0 0.812 0.126 0.062499999091345675 0.010213910603197292
1 0.6013076752317347 0.8359999999999927 0.25061535046346944 0.007295650430853129
0 0.476 0.8359999999999927 0.08333333212179422 0.007295650430853129
1 0.1504020745050084 0.89 0.17280414901001678 0.004377390258508967
0 0.064 0.89 0.062499999091345675 0.004377390258508967
1 0.8395547658030664 0.91 0.1631095316061328 0.004377390258508967
1 0.885 0.98 0.23 0.004377390258508967