1 0.975 0.314 0.05 0.02480521146490355
0 0.9229166674238781 0.314 0.1541666651522437 0.02480521146490355
1 0.5559119205019847 0.5119999999999927 0.5358238410039694 0.021886951292559388
0 0.288 0.5119999999999927 0.29166666242628164 0.021886951292559388
0 0.9921666669695515 0.246 0.015666666060897113 0.018968691120215226
1 0.05280962553194922 0.682 0.10561925106389844 0.014591300861706258
1 0.91 0.6679999999999927 0.18 0.011673040689362096
0 0.8200000000000005 0.6679999999999927 0.12499999818269225 0.011673040689362096
1 0.942 0.9299999999999927 0.116 0.011673040689362096
0 0.8840000000000005 0.9299999999999927 0.14583333121314082 0.011673040689362096
1 0.45478090937078014 0.076 0.18156181874156027 0.010213910603197292
0 0.36399999999999955 0.076 0.16666666424358936 0.010213910603197292
1 0.39259849756224596 0.024 0.18519699512449186 0.008754780517017934
0 0.30000000000000043 0.024 0.08333333212179514 0.008754780517017934
1 0.932 0.18 0.136 0.008754780517017934
0 0.8640000000000004 0.18 0.1041666651522437 0.008754780517017934
1 0.8384899514373806 0.04 0.2969799028747611 0.005836520344688324
0 0.69 0.04 0.062499999091345675 0.005836520344688324