1 0.24185476955130525 0.894 0.4837095391026105 0.021886951292560297
0 0.018458332803285883 0.894 0.036916665606571766 0.021886951292560297
0 0.976541667196715 0.3279999999999998 0.04691666560656995 0.02042782120638958
1 0.28529234237004586 0.7199999999999998 0.2745846847400917 0.02042782120638958
0 0.148 0.7199999999999998 0.12499999818269135 0.02042782120638958
1 0.975 0.728 0.05 0.018968691120218865
0 0.9385416671967151 0.728 0.12291666560656996 0.018968691120218865
1 0.4051775613928012 0.47399999999999975 0.21035512278560237 0.017509561034048146
0 0.3 0.47399999999999975 0.10416666515224278 0.017509561034048146
1 0.5844528900326377 0.5459999999999998 0.2209057800652754 0.017509561034048146
0 0.474 0.5459999999999998 0.10416666515224278 0.017509561034048146
1 0.872 0.6479999999999998 0.256 0.017509561034048146
0 0.744 0.6479999999999998 0.12499999818269135 0.017509561034048146
1 0.5382554737390491 0.2980000000000002 0.21651094747809838 0.016050430947877885
0 0.43000000000000094 0.2980000000000002 0.1458333312131417 0.016050430947877885
1 0.3298103268946452 0.5880000000000002 0.33962065378929035 0.016050430947877885
0 0.16 0.5880000000000002 0.10416666515224278 0.016050430947877885
1 0.5262390067251308 0.9280000000000003 0.14847801345026165 0.016050430947877885
0 0.4520000000000009 0.9280000000000003 0.22916666333493596 0.016050430947877885
1 0.07989047675957682 0.69 0.15978095351915364 0.014591300861707169
0 0.008041666288060696 0.69 0.016083332576121392 0.014591300861707169
1 0.6506293359582241 0.966 0.2252586719164483 0.014591300861707169
0 0.538 0.966 0.12499999818269135 0.014591300861707169
1 0.965 0.4920000000000002 0.07 0.013132170775536451
0 0.93 0.4920000000000002 0.08333333212179422 0.013132170775536451