1 0.2920663045205019 0.22800000000000728 0.5841326090410038 0.09192519542876107
1 0.561766373222079 0.904 0.847532746444158 0.030641731809591875
0 0.13799999999999818 0.904 0.22916666333493413 0.030641731809591875
1 0.6035164281124235 0.462 0.5830328562248469 0.023346081378724192
0 0.31199999999999817 0.462 0.18749999727403702 0.023346081378724192
1 0.28942106331724243 0.702 0.2828421266344849 0.023346081378724192
0 0.1479999999999982 0.702 0.10416666515224278 0.023346081378724192
0 0.9925416671967141 0.422 0.01491666560657177 0.020427821206394584
1 0.2494478214871615 0.524 0.498895642974323 0.020427821206394584
1 0.802 0.948 0.396 0.020427821206394584
0 0.604 0.948 0.16666666424358845 0.020427821206394584
1 0.28391691737949987 0.1 0.2918338347589997 0.018968691120215226
0 0.138 0.1 0.16666666424358845 0.018968691120215226
1 0.17893594662477152 0.784 0.35787189324954305 0.018968691120215226
1 0.818 0.6060000000000073 0.364 0.017509561034050422
0 0.636 0.6060000000000073 0.16666666424358845 0.017509561034050422
1 0.975 0.098 0.05 0.014591300861706258
0 0.9333333339391029 0.098 0.13333333212179424 0.014591300861706258
1 0.31248684430469803 0.366 0.28497368860939604 0.014591300861706258
0 0.16999999999999818 0.366 0.18749999727403702 0.014591300861706258
1 0.986 0.514 0.028 0.014591300861706258
0 0.9391250006814899 0.514 0.12174999863702032 0.014591300861706258
1 0.851 0.924 0.298 0.014591300861706258
0 0.7019999999999982 0.924 0.10416666515224278 0.014591300861706258
1 0.19086554987688215 0.6020000000000073 0.3817310997537643 0.013132170775541454
0 0.9873333339391028 0.8900000000000072 0.025333332121794228 0.013132170775541454
1 0.36206598167015 0.5199999999999927 0.4281319633403 0.011673040689362096
0 0.148 0.5199999999999927 0.08333333212179422 0.011673040689362096
1 0.6671082302653485 0.6419999999999927 0.15021646053069707 0.011673040689362096
0 0.592 0.6419999999999927 0.12499999818269135 0.011673040689362096
1 0.1345588872352837 0.7959999999999927 0.2691177744705674 0.011673040689362096
1 0.7254134064961236 0.124 0.3068268129922471 0.010213910603197292
0 0.572 0.124 0.12499999818269135 0.010213910603197292
1 0.5122975146336084 0.496 0.5765950292672168 0.010213910603197292
0 0.224 0.496 0.04166666606089711 0.010213910603197292
1 0.802 0.724 0.396 0.010213910603197292
0 0.6039999999999982 0.724 0.020833333030448556 0.010213910603197292
1 0.14438189273434726 0.978 0.27276378546869456 0.010213910603197292
0 0.030041666288059786 0.978 0.06008333257611957 0.010213910603197292
1 0.08615096373429879 0.05 0.17230192746859757 0.008754780517017934
0 0.8859999999999982 0.772 0.062499999091345675 0.008754780517017934
1 0.1073685588488588 0.07599999999999273 0.2147371176977176 0.007295650430853129
1 0.44418574328180693 0.164 0.44037148656361386 0.004377390258508967