1 0.899 0.632 0.202 0.029182601723412516
0 0.7979999999999982 0.632 0.22916666333493413 0.029182601723412516
1 0.7708369471107089 0.5859999999999982 0.4216738942214179 0.026264341551071994
0 0.56 0.5859999999999982 0.2499999963653827 0.026264341551071994
1 0.25626826769204125 0.536 0.5125365353840825 0.021886951292559388
1 0.19808336732347379 0.868 0.3801667346469476 0.014591300861706258
0 0.030041666288059786 0.868 0.06008333257611957 0.014591300861706258
1 0.14711042442135294 0.94 0.2942208488427059 0.014591300861706258
1 0.583634171082118 0.5280000000000018 0.28326834216423596 0.013132170775537815
0 0.442 0.5280000000000018 0.12499999818269135 0.013132170775537815
1 0.7297676105984483 0.5599999999999982 0.1435352211968966 0.010213910603193653
0 0.6579999999999981 0.5599999999999982 0.10416666515224278 0.010213910603193653
1 0.32026664590760445 0.298 0.6405332918152089 0.008754780517025211
1 0.2384606178728063 0.338 0.4769212357456126 0.008754780517025211