0 0.9475000009086538 0.608 0.10499999818269225 0.02480521146490355
1 0.42499489704993837 0.396 0.3059897940998767 0.020427821206394584
0 0.272 0.396 0.12499999818269225 0.020427821206394584
1 0.6331934933706396 0.5219999999999927 0.3303869867412791 0.016050430947871064
0 0.46800000000000025 0.5219999999999927 0.18749999727403838 0.016050430947871064
1 0.0718647491008046 0.8779999999999927 0.1437294982016092 0.016050430947871064
1 0.21409461108316008 0.5200000000000072 0.12018922216632018 0.013132170775541454
0 0.154 0.5200000000000072 0.14583333121314082 0.013132170775541454
1 0.929 0.8559999999999928 0.142 0.011673040689362096
0 0.858 0.8559999999999928 0.14583333121314082 0.011673040689362096
1 0.023663402982842627 0.44 0.047326805965685254 0.010213910603197292
1 0.05091237438456415 0.472 0.1018247487691283 0.008754780517017934
0 0.021041666288060697 0.472 0.042083332576121395 0.008754780517017934
1 0.022984751317916108 0.778 0.045969502635832216 0.008754780517017934