1 0.7549740630394717 0.35400000000000725 0.14994812607894345 0.04231477249895397
0 0.6800000000000009 0.35400000000000725 0.1458333312131417 0.04231477249895397
1 0.21758405499342098 0.544 0.31116810998684197 0.035019122068100844
0 0.09870833234895872 0.544 0.19741666469791744 0.035019122068100844
1 0.807 0.052 0.386 0.02480521146490355
0 0.6140000000000009 0.052 0.18749999727403882 0.02480521146490355
1 0.48113381263004523 0.4 0.3382676252600904 0.018968691120215226
0 0.3120000000000009 0.4 0.2499999963653845 0.018968691120215226
1 0.4287379490366011 0.6900000000000073 0.2574758980732022 0.017509561034050422
0 0.3 0.6900000000000073 0.10416666515224278 0.017509561034050422
1 0.959 0.6459999999999927 0.082 0.016050430947871064
0 0.9069166674238786 0.6459999999999927 0.18616666515224278 0.016050430947871064
1 0.3144379229399301 0.096 0.2648758458798602 0.014591300861706258
0 0.182 0.096 0.12499999818269135 0.014591300861706258
1 0.030353922534551204 0.112 0.06070784506910241 0.014591300861706258
1 0.04991253499694085 0.152 0.0998250699938817 0.014591300861706258
1 0.07993999538336174 0.266 0.1598799907667235 0.014591300861706258
1 0.927 0.83 0.146 0.014591300861706258
0 0.854 0.83 0.08333333212179422 0.014591300861706258
1 0.08516730928942434 0.48400000000000726 0.17033461857884868 0.013132170775541454
0 0.039874999318510164 0.48400000000000726 0.07974999863702033 0.013132170775541454
1 0.142815261510259 0.6820000000000073 0.285630523020518 0.013132170775541454
0 0.024249999545672835 0.6820000000000073 0.04849999909134567 0.013132170775541454
1 0.695247419322728 0.9340000000000073 0.35449483864545617 0.013132170775541454
0 0.518 0.9340000000000073 0.08333333212179422 0.013132170775541454
1 0.05562665867980377 0.7819999999999927 0.11125331735960754 0.011673040689362096
1 0.948 0.184 0.104 0.010213910603197292
0 0.896 0.184 0.10416666515224278 0.010213910603197292
1 0.9 0.9984465223492007 0.2 0.0031069553015986456
0 0.8 0.9984465223492007 0.10416666515224278 0.0031069553015986456
1 0.13564429066068806 0.028 0.1912885813213761 0.008754780517017934
0 0.04083333303044856 0.028 0.08166666606089712 0.008754780517017934
1 0.7184397074023328 0.13 0.36087941480466545 0.008754780517017934
0 0.538 0.13 0.10416666515224278 0.008754780517017934
1 0.8542676850760809 0.638 0.2205353701521617 0.008754780517017934
0 0.744 0.638 0.12499999818269135 0.008754780517017934