1 0.6517768561304838 0.544 0.37155371226096756 0.045233032671290856
0 0.4659999999999982 0.544 0.020833333030448556 0.045233032671290856
1 0.40787755839128115 0.8100000000000018 0.5557551167825623 0.027723471637244073
0 0.1327083323489569 0.8100000000000018 0.2654166646979138 0.027723471637244073
1 0.7898808148101816 0.632 0.36776162962036324 0.02480521146490355
0 0.606 0.632 0.04166666606089711 0.02480521146490355
0 0.9511250006814899 0.606 0.09774999863702033 0.01605043094787834
1 0.5071201996262243 0.822 0.3422403992524487 0.014591300861706258
0 0.3359999999999982 0.822 0.1458333312131399 0.014591300861706258
1 0.922 0.5140000000000018 0.156 0.013132170775537815
0 0.8439999999999982 0.5140000000000018 0.10416666515224278 0.013132170775537815
1 0.3268587184220378 0.4320000000000018 0.24171743684407557 0.011673040689365734
0 0.206 0.4320000000000018 0.16666666424358845 0.011673040689365734
1 0.40315114028604876 0.4780000000000018 0.24230228057209752 0.011673040689365734
0 0.2819999999999982 0.4780000000000018 0.10416666515224278 0.011673040689365734
1 0.0696860414575749 0.4099999999999982 0.1393720829151498 0.010213910603193653