1 0.5262198006879671 0.82 0.37643960137593424 0.03939651232660981
0 0.33800000000000047 0.82 0.1041666651522437 0.03939651232660981
1 0.5802347655239728 0.005484345560114889 0.5724695310479455 0.010968691120229778
0 0.294 0.005484345560114889 0.3124999954567302 0.010968691120229778
1 0.4514944078867625 0.3739999999999927 0.33498881577352496 0.026264341551068354
0 0.284 0.3739999999999927 0.27083332939583304 0.026264341551068354
1 0.09213814596785459 0.8279999999999927 0.18427629193570919 0.026264341551068354
1 0.6653233875815595 0.74 0.48264677516311894 0.02480521146490355
0 0.424 0.74 0.3333333284871787 0.02480521146490355
1 0.1110300384674897 0.868 0.2220600769349794 0.02480521146490355
1 0.652 0.5560000000000073 0.696 0.017509561034050422
0 0.30400000000000044 0.5560000000000073 0.1041666651522437 0.017509561034050422
0 0.9683333339391025 0.035999999999992725 0.06333333212179514 0.016050430947871064
1 0.3185549377239931 0.3579999999999927 0.32910987544798626 0.016050430947871064
0 0.15399999999999955 0.3579999999999927 0.16666666424358936 0.016050430947871064
1 0.1348524779228278 0.4460000000000073 0.2697049558456556 0.013132170775541454
1 0.918 0.492 0.164 0.010213910603197292
0 0.836 0.492 0.062499999091345675 0.010213910603197292
1 0.07334437126444618 0.702 0.14668874252889236 0.008754780517017934
1 0.5522922537013346 0.658 0.34458450740266927 0.004377390258508967
0 0.38 0.658 0.062499999091345675 0.004377390258508967