1 0.872 0.836 0.256 0.020427821206394584
0 0.744 0.836 0.29166666242628164 0.020427821206394584
1 0.899 0.596 0.202 0.018968691120215226
0 0.7979999999999996 0.596 0.20833333030448647 0.018968691120215226
1 0.06841472182773031 0.612 0.13682944365546063 0.018968691120215226
1 0.12645751384596907 0.8760000000000073 0.25291502769193813 0.017509561034050422
1 0.517941747717728 0.8859999999999927 0.2638834954354561 0.016050430947871064
0 0.38600000000000045 0.8859999999999927 0.12499999818269225 0.016050430947871064
1 0.4190569288435331 0.9059999999999927 0.17411385768706622 0.016050430947871064
0 0.33200000000000046 0.9059999999999927 0.12499999818269225 0.016050430947871064
1 0.14247613007762494 0.5780000000000073 0.24895226015524985 0.013132170775541454
0 0.05066666606089711 0.5780000000000073 0.10133333212179423 0.013132170775541454