1 0.19032240204295794 0.546 0.3806448040859159 0.023346081378724192
0 0.018833333030448558 0.546 0.037666666060897115 0.023346081378724192
1 0.7884631592956711 0.222 0.30492631859134234 0.020427821206394584
0 0.6360000000000009 0.222 0.27083332939583304 0.020427821206394584
1 0.959 0.5560000000000073 0.082 0.013132170775541454
0 0.918 0.5560000000000073 0.12499999818269135 0.013132170775541454
1 0.05804042741664671 0.9000000000000072 0.11608085483329342 0.013132170775541454
1 0.7870592318818135 0.892 0.302118463763627 0.010213910603197292
0 0.636 0.892 0.10416666515224278 0.010213910603197292
1 0.4879296078687621 0.348 0.3518592157375242 0.005836520344688324
0 0.312 0.348 0.08333333212179422 0.005836520344688324