1 0.857 0.7559999999999982 0.286 0.018968691120218865
0 0.714 0.7559999999999982 0.12499999818269135 0.018968691120218865
1 0.3865404637596839 0.002377390258510786 0.7730809275193679 0.004754780517021572
1 0.857 0.48799999999999816 0.286 0.017509561034046783
0 0.7139999999999982 0.48799999999999816 0.1458333312131399 0.017509561034046783
1 0.16031725801662106 0.5119999999999982 0.3206345160332421 0.017509561034046783
0 0.014249999545672836 0.5119999999999982 0.028499999091345672 0.017509561034046783
1 0.45634506953452364 0.9929873922630305 0.4566901390690473 0.01402521547393917
0 0.228 0.9929873922630305 0.08333333212179422 0.01402521547393917
1 0.4928920188668635 0.4020000000000018 0.249784037733727 0.011673040689365734
0 0.36799999999999816 0.4020000000000018 0.10416666515224278 0.011673040689365734
1 0.160341699175573 0.2799999999999982 0.320683398351146 0.010213910603193653
1 0.29458380683818725 0.5559999999999982 0.35316761367637445 0.010213910603193653
0 0.118 0.5559999999999982 0.12499999818269135 0.010213910603193653
1 0.4176535862337205 0.8199999999999982 0.11930717246744098 0.010213910603193653
0 0.3579999999999982 0.8199999999999982 0.062499999091345675 0.010213910603193653
1 0.966 0.598 0.068 0.008754780517025211
0 0.932 0.598 0.08333333212179422 0.008754780517025211