1 0.9 0.174 0.2 0.0496104229298071
0 0.7958333348477563 0.174 0.4083333303044874 0.0496104229298071
0 0.5180000000000009 0.001471737823136209 0.22916666333493596 0.002943475646272418
1 0.7369892442240571 0.332 0.4579784884481142 0.020427821206394584
0 0.5080000000000009 0.332 0.27083332939583304 0.020427821206394584
1 0.1419638609533622 0.16800000000000728 0.2839277219067244 0.017509561034050422
1 0.30401893809717784 0.23200000000000728 0.2840378761943557 0.017509561034050422
0 0.162 0.23200000000000728 0.12499999818269135 0.017509561034050422
1 0.30174636683471634 0.27599999999999275 0.4314927336694327 0.016050430947871064
0 0.08987499931850926 0.27599999999999275 0.17974999863701852 0.016050430947871064
1 0.824 0.154 0.352 0.014591300861706258
0 0.648 0.154 0.12499999818269135 0.014591300861706258
1 0.15832888083009494 0.202 0.27665776166018985 0.014591300861706258
0 0.030833333030449012 0.202 0.061666666060898025 0.014591300861706258
1 0.32441828031343356 0.9987169573061183 0.15283656062686715 0.0025660853877634508
0 0.248 0.9987169573061183 0.062499999091345675 0.0025660853877634508
1 0.08561205570781567 0.7619999999999927 0.17122411141563135 0.011673040689362096
1 0.3980419128610311 0.286 0.1480838257220621 0.010213910603197292
0 0.324 0.286 0.062499999091345675 0.010213910603197292
1 0.4303265526029281 0.288 0.14865310520585626 0.010213910603197292
0 0.356 0.288 0.08333333212179422 0.010213910603197292
1 0.857 0.042 0.286 0.008754780517017934
0 0.714 0.042 0.062499999091345675 0.008754780517017934
1 0.28421430921239516 0.06199999999999272 0.13642861842479032 0.007295650430853129
0 0.216 0.06199999999999272 0.062499999091345675 0.007295650430853129
1 0.7921965754924031 0.10199999999999272 0.2883931509848062 0.007295650430853129
0 0.648 0.10199999999999272 0.08333333212179422 0.007295650430853129