1 0.5780268016652517 0.4020000000000073 0.3520536033305034 0.027723471637247712
0 0.402 0.4020000000000073 0.12499999818269135 0.027723471637247712
1 0.6383902589466234 0.1679999999999927 0.38478051789324674 0.021886951292559388
0 0.4459999999999982 0.1679999999999927 0.1458333312131399 0.021886951292559388
1 0.025293149303233804 0.08999999999999272 0.05058629860646761 0.016050430947871064
1 0.10470538051584481 0.6579999999999927 0.20941076103168962 0.016050430947871064
1 0.10142808315685398 0.3160000000000073 0.20285616631370795 0.013132170775541454
1 0.3231758344750669 0.004918260172336886 0.1863516689501339 0.009836520344673772
0 0.23 0.004918260172336886 0.12499999818269135 0.009836520344673772
1 0.10807599220942939 0.336 0.21615198441885877 0.005836520344688324
1 0.3765358769088107 0.922 0.31707175381762137 0.005836520344688324
0 0.218 0.922 0.08333333212179422 0.005836520344688324