1 0.8239019314115885 0.866 0.18380386282317704 0.030641731809591875
0 0.7319999999999982 0.866 0.18749999727403702 0.030641731809591875
1 0.24062895551219116 0.9922578272199462 0.4812579110243823 0.015484345560107613
0 0.04929166583373262 0.9922578272199462 0.09858333166746525 0.015484345560107613
1 0.48164148314473093 0.45399999999999274 0.1712829662894619 0.016050430947871064
0 0.396 0.45399999999999274 0.16666666424358845 0.016050430947871064
1 0.573250993945976 0.7579999999999927 0.18250198789195202 0.016050430947871064
0 0.4819999999999982 0.7579999999999927 0.1458333312131399 0.016050430947871064
1 0.14004841450438651 0.218 0.16409682900877307 0.014591300861706258
0 0.05799999999999818 0.218 0.062499999091345675 0.014591300861706258
1 0.866 0.444 0.268 0.014591300861706258
0 0.7319999999999982 0.444 0.18749999727403702 0.014591300861706258
1 0.39280476424306837 0.15799999999999273 0.1696095284861367 0.011673040689362096
0 0.308 0.15799999999999273 0.16666666424358845 0.011673040689362096
1 0.4288838068146688 0.8019999999999927 0.17776761362933757 0.011673040689362096
0 0.3399999999999982 0.8019999999999927 0.1458333312131399 0.011673040689362096