1 0.30700555083279324 0.204 0.26201110166558644 0.014591300861706258
0 0.1760000000000009 0.204 0.16666666424359028 0.014591300861706258
1 0.3291128334117393 0.106 0.1342256668234786 0.011673040689365734
0 0.262 0.106 0.12499999818269135 0.011673040689365734
1 0.984 0.66 0.032 0.011673040689365734
0 0.9475416671967151 0.66 0.10491666560656995 0.011673040689365734
1 0.6523233699744796 0.828 0.19264673994895928 0.011673040689365734
0 0.5560000000000009 0.828 0.1458333312131417 0.011673040689365734
1 0.3294243521460385 0.7280000000000009 0.19884870429207693 0.010213910603195472
0 0.23 0.7280000000000009 0.12499999818269135 0.010213910603195472
1 0.891 0.2140000000000009 0.218 0.005836520344682867
0 0.782 0.2140000000000009 0.062499999091345675 0.005836520344682867