1 0.42618779408341695 0.19 0.35237558816683395 0.020427821206394584
0 0.24999999999999956 0.19 0.18749999727403793 0.020427821206394584
1 0.6540408934680372 0.534 0.35208178693607445 0.020427821206394584
0 0.4780000000000005 0.534 0.1041666651522437 0.020427821206394584
1 0.1734379510316403 0.019999999999992725 0.3468759020632806 0.016050430947871064
1 0.793 0.38199999999999273 0.414 0.016050430947871064
0 0.5860000000000004 0.38199999999999273 0.12499999818269225 0.016050430947871064
1 0.03935806231552078 0.32999999999999274 0.07871612463104156 0.011673040689362096
1 0.30427955640280835 0.08 0.6085591128056167 0.010213910603197292
1 0.777 0.5059999999999927 0.446 0.007295650430853129
0 0.5540000000000005 0.5059999999999927 0.08333333212179514 0.007295650430853129