1 0.47447784974702883 0.9680000000000073 0.2289556994940576 0.037937382240445
0 0.36000000000000093 0.9680000000000073 0.1458333312131417 0.037937382240445
1 0.2677079095118515 0.438 0.3154158190237031 0.033559991981921486
0 0.11 0.438 0.08333333212179422 0.033559991981921486
0 0.9257083341662655 0.8680000000000073 0.14858333166746887 0.027723471637247712
1 0.826 0.3439999999999927 0.348 0.026264341551068354
0 0.652 0.3439999999999927 0.16666666424358845 0.026264341551068354
1 0.815 0.512 0.37 0.02480521146490355
0 0.63 0.512 0.16666666424358845 0.02480521146490355
0 0.9814583346205927 0.974 0.03708333075881456 0.02480521146490355
1 0.886 0.442 0.228 0.020427821206394584
0 0.772 0.442 0.16666666424358845 0.020427821206394584
1 0.5578626726158945 0.3039999999999927 0.2237253452317891 0.016050430947871064
0 0.4460000000000009 0.3039999999999927 0.1458333312131417 0.016050430947871064
1 0.756 0.488 0.488 0.014591300861706258
0 0.5119999999999982 0.488 0.18749999727403702 0.014591300861706258
0 0.9745416671967141 0.4039999999999927 0.05091666560657177 0.011673040689362096
1 0.843 0.054 0.314 0.010213910603197292
0 0.6859999999999982 0.054 0.10416666515224278 0.010213910603197292
1 0.12801745598232264 0.33 0.2080349119646453 0.010213910603197292
0 0.04324999954567284 0.33 0.08649999909134568 0.010213910603197292
1 0.15448668517656916 0.9984465223492007 0.2169733703531383 0.0031069553015986456
0 0.0490416662880607 0.9984465223492007 0.0980833325761214 0.0031069553015986456
1 0.908 0.278 0.184 0.008754780517017934
0 0.8159999999999982 0.278 0.10416666515224278 0.008754780517017934
1 0.897 0.798 0.206 0.008754780517017934
0 0.7939999999999982 0.798 0.10416666515224278 0.008754780517017934
1 0.924 0.914 0.152 0.008754780517017934
0 0.8479999999999982 0.914 0.10416666515224278 0.008754780517017934