1 0.6123547193188071 0.526 0.18070943863761432 0.02480521146490355
0 0.522 0.526 0.27083332939583304 0.02480521146490355
1 0.36182776939330163 0.49 0.1116555387866033 0.014591300861706258
0 0.30599999999999977 0.49 0.08333333212179468 0.014591300861706258
1 0.19505287983151856 0.506 0.10610575966303713 0.014591300861706258
0 0.14200000000000024 0.506 0.20833333030448695 0.014591300861706258
0 0.9741250006814905 0.94 0.051749998637018964 0.014591300861706258
1 0.869 0.9159999999999927 0.262 0.011673040689362096
0 0.738 0.9159999999999927 0.14583333121314082 0.011673040689362096
1 0.934 0.057999999999992724 0.132 0.007295650430853129
0 0.8679999999999998 0.057999999999992724 0.08333333212179468 0.007295650430853129
1 0.6939619987430051 0.11199999999999273 0.2559239974860102 0.007295650430853129
0 0.5659999999999997 0.11199999999999273 0.10416666515224324 0.007295650430853129
1 0.8663973266709286 0.7719999999999927 0.14879465334185715 0.007295650430853129
0 0.7919999999999998 0.7719999999999927 0.08333333212179468 0.007295650430853129
1 0.896 0.7999999999999927 0.208 0.007295650430853129
0 0.7919999999999998 0.7999999999999927 0.10416666515224324 0.007295650430853129
1 0.45305661488361376 0.99 0.3821132297672275 0.005836520344688324