1 0.902 0.608 0.196 0.02480521146490355
0 0.804 0.608 0.3124999954567302 0.02480521146490355
1 0.529427761385536 0.814 0.31885552277107215 0.02480521146490355
0 0.37000000000000044 0.814 0.08333333212179514 0.02480521146490355
1 0.19718565840209112 0.46599999999999636 0.28237131680418226 0.013132170775534177
0 0.06445833280328543 0.46599999999999636 0.12891666560657086 0.013132170775534177
1 0.1748532779522957 0.708 0.3497065559045914 0.011673040689362096
1 0.17672516467931565 0.834 0.30545032935863126 0.011673040689362096
0 0.027624999772836417 0.834 0.055249999545672834 0.011673040689362096
1 0.7496390808678811 0.394 0.1512781617357623 0.010213910603197292
0 0.6740000000000005 0.394 0.08333333212179514 0.010213910603197292