1 0.735 0.8020000000000009 0.53 0.04085564241278007
0 0.47 0.8020000000000009 0.5208333257612175 0.04085564241278007
0 0.9232500013629815 0.09400000000000092 0.15349999727403701 0.03355999198192694
1 0.40170697596663923 0.2039999999999991 0.46741395193327845 0.024805211464901732
0 0.16799999999999818 0.2039999999999991 0.18749999727403702 0.024805211464901732
1 0.1172616691408166 0.4460000000000009 0.2345233382816332 0.021886951292561206
0 0.016874999318508343 0.4460000000000009 0.033749998637016686 0.021886951292561206
1 0.768 0.9915282621768602 0.464 0.016943475646279692
0 0.5359999999999981 0.9915282621768602 0.10416666515224278 0.016943475646279692
1 0.031661795251948205 0.1899999999999991 0.06332359050389641 0.020427821206389127
1 0.24421675332838821 0.38 0.15243350665677644 0.018968691120218865
0 0.168 0.38 0.12499999818269135 0.018968691120218865
1 0.19476116473345972 0.46 0.38952232946691945 0.018968691120218865
1 0.472379318360352 0.762 0.3047586367207041 0.018968691120218865
0 0.32 0.762 0.20833333030448556 0.018968691120218865
1 0.17123900798255454 0.8520000000000009 0.3424780159651091 0.0175095610340486
1 0.15490104628298468 0.9620000000000009 0.30980209256596936 0.0175095610340486
1 0.44461288731991955 0.022 0.3172257746398391 0.01605043094787834
0 0.2859999999999982 0.022 0.1458333312131399 0.01605043094787834
1 0.5544954938104438 0.318 0.3169909876208876 0.01605043094787834
0 0.396 0.318 0.16666666424358845 0.01605043094787834
1 0.974 0.216 0.052 0.014591300861706258
0 0.9479583337119384 0.216 0.1040833325761232 0.014591300861706258
1 0.08476625886766487 0.408 0.16953251773532974 0.014591300861706258
1 0.31041085527214635 0.688 0.5888217105442928 0.011673040689365734
0 0.04445833280328407 0.688 0.08891666560656813 0.011673040689365734
1 0.26292301906992 0.718 0.29784603813983995 0.011673040689365734
0 0.11399999999999819 0.718 0.1458333312131399 0.011673040689365734
1 0.03631849672820863 0.8700000000000009 0.07263699345641726 0.010213910603195472
1 0.835805251373411 0.6219999999999991 0.319610502746822 0.008754780517023391
0 0.6759999999999982 0.6219999999999991 0.10416666515224278 0.008754780517023391