1 0.4323894047040194 0.8380000000000004 0.6647788094080388 0.0393965123266089
0 0.10729166583373262 0.8380000000000004 0.21458333166746524 0.0393965123266089
1 0.2099446682171747 0.40999999999999953 0.4198893364343494 0.03355999198192603
1 0.745 0.6439999999999996 0.51 0.021886951292560297
0 0.48999999999999816 0.6439999999999996 0.22916666333493413 0.021886951292560297
1 0.4497108314674442 0.176 0.35542166293488847 0.018968691120218865
0 0.272 0.176 0.2499999963653827 0.018968691120218865
1 0.43040052772126364 0.488 0.6848010554425273 0.018968691120218865
0 0.10129166583373263 0.488 0.20258333166746526 0.018968691120218865
1 0.06950663364390858 0.61 0.13901326728781715 0.018968691120218865
0 0.016249999545672834 0.61 0.03249999909134567 0.018968691120218865
1 0.24379001785566107 0.7479999999999996 0.3315800357113221 0.01605043094787743
0 0.08066666606089712 0.7479999999999996 0.16133333212179424 0.01605043094787743
1 0.5808355194063788 0.134 0.18167103881275762 0.013132170775535997
0 0.49 0.134 0.16666666424358845 0.013132170775535997
1 0.5666988817548445 0.624 0.17739776350968894 0.013132170775535997
0 0.478 0.624 0.12499999818269135 0.013132170775535997
1 0.5254890567770307 0.049999999999999545 0.17897811355406157 0.010213910603194563
0 0.43599999999999817 0.049999999999999545 0.10416666515224278 0.010213910603194563
1 0.7523120838020386 0.5619999999999995 0.18062416760407723 0.010213910603194563
0 0.662 0.5619999999999995 0.08333333212179422 0.010213910603194563