1 0.748 0.3820000000000073 0.504 0.037937382240445
0 0.4959999999999991 0.3820000000000073 0.3333333284871787 0.037937382240445
1 0.309157549267009 0.562 0.34231509853401804 0.020427821206394584
0 0.1380000000000009 0.562 0.1458333312131417 0.020427821206394584
0 0.95 0.33199999999999275 0.08333333212179422 0.016050430947871064
0 0.9929583337119393 0.558 0.014083332576121392 0.014591300861706258
1 0.872 0.576 0.256 0.014591300861706258
0 0.7440000000000009 0.576 0.18749999727403882 0.014591300861706258
1 0.016360204020993478 0.8840000000000072 0.032720408041986955 0.013132170775541454
1 0.7024516568880336 0.984 0.24090331377606708 0.008754780517017934
0 0.582 0.984 0.12499999818269135 0.008754780517017934
1 0.726 0.3439999999999927 0.548 0.007295650430853129
0 0.452 0.3439999999999927 0.062499999091345675 0.007295650430853129