1 0.8809118274921975 0.7980000000000073 0.045823654984395036 0.037937382240445
0 0.858 0.7980000000000073 0.020833333030448556 0.037937382240445
1 0.49646368861674456 0.3460000000000073 0.1849273772334891 0.017509561034050422
0 0.404 0.3460000000000073 0.10416666515224278 0.017509561034050422
1 0.5412735895506394 0.5859999999999927 0.19054717910127875 0.016050430947871064
0 0.446 0.5859999999999927 0.08333333212179422 0.016050430947871064
1 0.6039143787144904 0.6519999999999927 0.11982875742898068 0.011673040689362096
0 0.544 0.6519999999999927 0.08333333212179422 0.011673040689362096
1 0.8039543612386923 0.604 0.1719087224773848 0.010213910603197292
0 0.718 0.604 0.08333333212179422 0.010213910603197292
1 0.31519067114732935 0.782 0.17038134229465868 0.010213910603197292
0 0.23 0.782 0.08333333212179422 0.010213910603197292
1 0.7919219978962974 0.834 0.1718439957925948 0.010213910603197292
0 0.706 0.834 0.08333333212179422 0.010213910603197292
1 0.967 0.6739999999999927 0.066 0.007295650430853129
0 0.934 0.6739999999999927 0.062499999091345675 0.007295650430853129
1 0.94 0.812 0.12 0.004377390258508967