1 0.966 0.57 0.068 0.021886951292559388
0 0.9320000000000005 0.57 0.12499999818269225 0.021886951292559388
1 0.6673064410208235 0.6760000000000018 0.254612882041647 0.020427821206390945
0 0.5399999999999996 0.6760000000000018 0.20833333030448647 0.020427821206390945
1 0.360035104470212 0.5659999999999982 0.16007020894042398 0.017509561034046783
0 0.28000000000000047 0.5659999999999982 0.12499999818269225 0.017509561034046783
1 0.4720288580637184 0.6859999999999982 0.16405771612743683 0.010213910603193653
0 0.39000000000000046 0.6859999999999982 0.08333333212179514 0.010213910603193653
1 0.3752383593973691 0.7439999999999982 0.7504767187947382 0.010213910603193653
1 0.11161781014883036 0.8079999999999982 0.22323562029766073 0.010213910603193653
0 0.025041666288060697 0.8079999999999982 0.050083332576121395 0.010213910603193653
1 0.4291885007876072 0.9239999999999982 0.16637700157521432 0.010213910603193653
0 0.3460000000000005 0.9239999999999982 0.1041666651522437 0.010213910603193653