1 0.05686139139517172 0.14 0.11372278279034344 0.029182601723412516
0 0.982708334166266 0.22 0.03458333166746797 0.029182601723412516
1 0.975 0.552 0.05 0.02480521146490355
0 0.95 0.552 0.020833333030448556 0.02480521146490355
1 0.2649930622268107 0.056 0.2579861244536214 0.023346081378724192
0 0.136 0.056 0.2499999963653845 0.023346081378724192
1 0.867 0.054 0.266 0.020427821206394584
0 0.734 0.054 0.27083332939583304 0.020427821206394584
1 0.888 0.256 0.224 0.018968691120215226
0 0.7760000000000005 0.256 0.14583333121314082 0.018968691120215226
1 0.834 0.034000000000007274 0.332 0.017509561034050422
0 0.6680000000000005 0.034000000000007274 0.12499999818269225 0.017509561034050422
1 0.16401978917287716 0.3860000000000073 0.2480395783457543 0.017509561034050422
0 0.06687499931850925 0.3860000000000073 0.1337499986370185 0.017509561034050422
1 0.04893055835737141 0.4700000000000073 0.09786111671474282 0.017509561034050422
1 0.08157515576819287 0.6380000000000072 0.16315031153638573 0.017509561034050422
1 0.456804913338246 0.07399999999999272 0.269609826676492 0.016050430947871064
0 0.322 0.07399999999999272 0.062499999091345675 0.016050430947871064
1 0.016871467579252567 0.15600000000000727 0.033742935158505134 0.013132170775541454
1 0.1424791037589175 0.8700000000000073 0.284958207517835 0.013132170775541454
1 0.008304588160093317 0.5979999999999928 0.016609176320186634 0.011673040689362096
1 0.012019085970342076 0.444 0.024038171940684153 0.010213910603197292
1 0.953 0.782 0.094 0.008754780517017934
0 0.9060000000000005 0.782 0.12499999818269225 0.008754780517017934
1 0.10466746650998447 0.946 0.20933493301996894 0.008754780517017934