0 0.9549166674238786 0.5599999999999995 0.09016666515224278 0.03355999198192603
0 0.9819166674238786 0.32800000000000046 0.03616666515224279 0.026264341551072903
1 0.763 0.43200000000000044 0.474 0.026264341551072903
0 0.5260000000000009 0.43200000000000044 0.16666666424359028 0.026264341551072903
1 0.872 0.232 0.256 0.023346081378731467
0 0.7440000000000009 0.232 0.1458333312131417 0.023346081378731467
1 0.024680910995972225 0.04 0.04936182199194445 0.021886951292560297
1 0.43831415222658326 0.5579999999999995 0.16862830445316648 0.021886951292560297
0 0.354 0.5579999999999995 0.12499999818269135 0.021886951292560297
1 0.13908269764234046 0.5200000000000005 0.2781653952846809 0.020427821206390036
1 0.11088928142245731 0.7780000000000005 0.22177856284491462 0.020427821206390036
1 0.16235409012963736 0.308 0.3247081802592747 0.0175095610340486
0 0.024041666288060697 0.308 0.04808333257612139 0.0175095610340486
1 0.4653901734022438 0.8559999999999995 0.6587803468044876 0.01605043094787743
0 0.1360000000000009 0.8559999999999995 0.22916666333493596 0.01605043094787743
1 0.7228388825007077 0.5780000000000004 0.17367776500141555 0.014591300861707169
0 0.636 0.5780000000000004 0.08333333212179422 0.014591300861707169
1 0.85 0.026000000000000228 0.3 0.013132170775536451
0 0.700000000000001 0.026000000000000228 0.18749999727403882 0.013132170775536451
1 0.08214976060458958 0.61 0.16429952120917915 0.013132170775535997
1 0.3016845937729686 0.662 0.6033691875459372 0.013132170775535997
1 0.3495226736861778 0.602 0.16704534737235555 0.011673040689365734
0 0.266 0.602 0.062499999091345675 0.011673040689365734
1 0.91 0.016000000000000226 0.18 0.010213910603195018
0 0.82 0.016000000000000226 0.10416666515224278 0.010213910603195018
1 0.3506741791089462 0.388 0.16934835821789238 0.005836520344682867
0 0.266 0.388 0.08333333212179422 0.005836520344682867
1 0.06392509544875612 0.40400000000000047 0.12785019089751223 0.0029182601723414334