1 0.5609935169479033 0.9679999999999928 0.2459870338958067 0.026264341551068354
0 0.438 0.9679999999999928 0.14583333121314082 0.026264341551068354
1 0.903 0.6559999999999927 0.194 0.016050430947871064
0 0.806 0.6559999999999927 0.14583333121314082 0.016050430947871064
1 0.3753376652034851 0.032 0.30667533040697026 0.014591300861706258
0 0.22200000000000022 0.032 0.18749999727403838 0.014591300861706258
1 0.8264686702729719 0.392 0.2769373405459437 0.014591300861706258
0 0.688 0.392 0.12499999818269225 0.014591300861706258
1 0.7233231611571307 0.808 0.1786463223142614 0.014591300861706258
0 0.634 0.808 0.16666666424358936 0.014591300861706258
1 0.5373872858366678 0.9880000000000073 0.2427745716733357 0.013132170775541454
0 0.416 0.9880000000000073 0.14583333121314082 0.013132170775541454
1 0.7212251484403805 0.8679999999999928 0.13445029688076102 0.011673040689362096
0 0.654 0.8679999999999928 0.16666666424358936 0.011673040689362096
0 0.9639583337119391 0.8719999999999927 0.07208333257612184 0.011673040689362096