1 0.2138152320780282 0.772 0.4276304641560564 0.0350191220680972
1 0.24482502461556943 0.03800000000000091 0.46965004923113884 0.029182601723414338
0 0.05187499931850834 0.03800000000000091 0.10374999863701669 0.029182601723414338
1 0.5415767120187119 0.282 0.607153424037424 0.027723471637244073
0 0.23800000000000182 0.282 0.2916666624262834 0.027723471637244073
1 0.5771332491700286 0.1419999999999991 0.2462664983400573 0.020427821206389127
0 0.4539999999999982 0.1419999999999991 0.22916666333493413 0.020427821206389127
1 0.24966767741378318 0.6059999999999991 0.49933535482756636 0.020427821206389127
0 0.029499999091345673 0.6059999999999991 0.058999998182691346 0.020427821206389127
1 0.25618744635784785 0.6059999999999991 0.5123748927156957 0.020427821206389127
0 0.03549999909134567 0.6059999999999991 0.07099999818269134 0.020427821206389127
1 0.5546405964290152 0.925999999999999 0.46128119285803043 0.020427821206389127
0 0.3239999999999982 0.925999999999999 0.27083332939583127 0.020427821206389127
1 0.017086284704884748 0.668 0.034172569409769496 0.018968691120218865
1 0.879 0.858 0.242 0.018968691120218865
0 0.7579999999999982 0.858 0.1458333312131399 0.018968691120218865
1 0.5520613430091799 0.1660000000000009 0.3681226860183597 0.0175095610340486
0 0.368 0.1660000000000009 0.20833333030448556 0.0175095610340486
1 0.1027907479505011 0.4180000000000009 0.2055814959010022 0.0175095610340486
0 0.0046249997728355086 0.4180000000000009 0.009249999545671017 0.0175095610340486
1 0.6405196994243015 0.5580000000000009 0.241039398848603 0.0175095610340486
0 0.5199999999999981 0.5580000000000009 0.10416666515224278 0.0175095610340486
1 0.11620193760335132 0.162 0.23240387520670264 0.014591300861706258
0 0.05208333257612139 0.162 0.10416666515224278 0.014591300861706258
1 0.6768357514712788 0.29 0.3776715029425577 0.014591300861706258
0 0.488 0.29 0.16666666424358845 0.014591300861706258
1 0.17118728821855075 0.7219999999999991 0.3423745764371015 0.013132170775535997
1 0.5027323064140546 0.7419999999999991 0.46546461282810925 0.013132170775535997
0 0.2699999999999982 0.7419999999999991 0.1458333312131399 0.013132170775535997
1 0.26409957870440304 0.539999999999999 0.11619915740880606 0.008754780517023391
0 0.20599999999999818 0.539999999999999 0.10416666515224278 0.008754780517023391
1 0.05309981159587915 0.3700000000000009 0.1061996231917583 0.005836520344682867
1 0.21022579103183306 0.4800000000000009 0.4204515820636661 0.005836520344682867