1 0.715 0.982 0.57 0.03210086189575668
0 0.42999999999999816 0.982 0.1458333312131399 0.03210086189575668
1 0.07025934403074462 0.04 0.14051868806148923 0.0306417318095846
1 0.5677187296592001 0.216 0.2754374593184002 0.0306417318095846
0 0.43 0.216 0.08333333212179422 0.0306417318095846
1 0.104154101216669 0.6040000000000019 0.208308202433338 0.027723471637244073
1 0.47552669837626127 0.728 0.9510533967525225 0.02480521146490355
0 0.9759583337119384 0.076 0.04808333257612321 0.023346081378731467
1 0.8501650167959451 0.822 0.29633003359189025 0.01605043094787834
0 0.702 0.822 0.12499999818269135 0.01605043094787834
1 0.057493368592486147 0.032 0.11498673718497229 0.014591300861706258
1 0.03316335708685983 0.52 0.06632671417371966 0.014591300861706258
1 0.786 0.5440000000000018 0.428 0.013132170775537815
0 0.5719999999999982 0.5440000000000018 0.1458333312131399 0.013132170775537815
1 0.389888279737419 0.3239999999999982 0.527776559474838 0.010213910603193653
0 0.12599999999999817 0.3239999999999982 0.1458333312131399 0.010213910603193653
1 0.97 0.096 0.06 0.007295650430853129
0 0.94 0.096 0.08333333212179422 0.007295650430853129
0 0.962 0.364 0.04166666606089711 0.007295650430853129
1 0.5247515792201629 0.74 0.6655031584403259 0.005836520344681048
0 0.19199999999999817 0.74 0.062499999091345675 0.005836520344681048