1 0.039486683496885465 0.04799999999999954 0.07897336699377093 0.03501912206809629
1 0.1723863848664978 0.24999999999999956 0.3447727697329956 0.03355999198192603
0 0.041083332576121845 0.24999999999999956 0.08216666515224369 0.03355999198192603
1 0.5999540142957421 0.7020000000000004 0.37990802859148426 0.03210086189575577
0 0.40999999999999953 0.7020000000000004 0.16666666424358936 0.03210086189575577
1 0.917 0.08999999999999954 0.166 0.021886951292560297
0 0.8340000000000004 0.08999999999999954 0.12499999818269225 0.021886951292560297
0 0.9565416671967151 0.31399999999999956 0.08691666560656995 0.021886951292560297
1 0.7785318124104633 0.17199999999999954 0.17306362482092663 0.01605043094787743
0 0.6919999999999995 0.17199999999999954 0.18749999727403793 0.01605043094787743
1 0.22685828822673557 0.6079999999999995 0.4337165764534711 0.01605043094787743
0 0.031041666288060696 0.6079999999999995 0.06208333257612139 0.01605043094787743
1 0.3798909387102717 0.33000000000000046 0.15578187742054342 0.014591300861707169
0 0.30199999999999955 0.33000000000000046 0.20833333030448647 0.014591300861707169
1 0.4298017634912421 0.44000000000000045 0.38360352698248423 0.014591300861707169
0 0.23800000000000046 0.44000000000000045 0.1041666651522437 0.014591300861707169
1 0.0105933725058851 0.532 0.0211867450117702 0.013132170775535997
1 0.15018382835790497 0.836 0.28036765671581 0.013132170775535997
0 0.025833333030448557 0.836 0.051666666060897114 0.013132170775535997
1 0.7207585039852156 0.896 0.3175170079704312 0.013132170775535997
0 0.562 0.896 0.062499999091345675 0.013132170775535997
1 0.3584156026145192 0.74 0.22083120522903846 0.011673040689365734
0 0.248 0.74 0.062499999091345675 0.011673040689365734
1 0.42046044389543474 0.15199999999999955 0.23692088779086953 0.010213910603194563
0 0.30200000000000043 0.15199999999999955 0.08333333212179514 0.010213910603194563
1 0.26915300276703236 0.26199999999999957 0.3023060055340647 0.010213910603194563
0 0.11799999999999977 0.26199999999999957 0.10416666515224324 0.010213910603194563
1 0.48612645378641944 0.34999999999999953 0.23625290757283893 0.010213910603194563
0 0.36800000000000044 0.34999999999999953 0.14583333121314082 0.010213910603194563
1 0.6299098761821392 0.48799999999999955 0.24381975236427844 0.010213910603194563
0 0.5080000000000005 0.48799999999999955 0.14583333121314082 0.010213910603194563
1 0.2765846435838057 0.6919999999999995 0.1451692871676114 0.010213910603194563
0 0.204 0.6919999999999995 0.062499999091345675 0.010213910603194563
1 0.944 0.24600000000000047 0.112 0.0087547805170243
0 0.8880000000000005 0.24600000000000047 0.1041666651522437 0.0087547805170243
1 0.43556537629480274 0.054 0.15913075258960543 0.007295650430853129
0 0.356 0.054 0.062499999091345675 0.007295650430853129
0 0.9773750002271636 0.19 0.04524999954567283 0.007295650430853129
1 0.08926747386865963 0.9 0.07053494773731928 0.007295650430853129
0 0.05400000000000023 0.9 0.062499999091346126 0.007295650430853129
1 0.402607732865843 0.038 0.157215465731686 0.005836520344682867
0 0.324 0.038 0.062499999091345675 0.005836520344682867
1 0.9 0.976 0.2 0.005836520344682867
0 0.8 0.976 0.062499999091345675 0.005836520344682867
1 0.6565690775232852 0.20199999999999954 0.4051381550465703 0.004377390258511696
0 0.454 0.20199999999999954 0.062499999091345675 0.004377390258511696
1 0.03296232039059464 0.7059999999999995 0.06592464078118929 0.004377390258511696