1 0.7624078562872001 0.12600000000000727 0.33281571257440007 0.017509561034050422
0 0.596 0.12600000000000727 0.10416666515224278 0.017509561034050422
1 0.367888517410277 0.4259999999999927 0.19577703482055403 0.016050430947871064
0 0.2700000000000009 0.4259999999999927 0.1458333312131417 0.016050430947871064
1 0.6617863372656165 0.6779999999999927 0.2635726745312331 0.016050430947871064
0 0.53 0.6779999999999927 0.08333333212179422 0.016050430947871064
1 0.8622534691904994 0.8180000000000073 0.2285069383809987 0.013132170775541454
0 0.7480000000000009 0.8180000000000073 0.1458333312131417 0.013132170775541454
1 0.18002004011927147 0.11599999999999272 0.23204008023854295 0.011673040689362096
0 0.07366666606089803 0.11599999999999272 0.14733333212179606 0.011673040689362096
0 0.9941666669695515 0.12799999999999273 0.011666666060897115 0.011673040689362096
1 0.6012197920122963 0.19199999999999273 0.16243958402459246 0.011673040689362096
0 0.52 0.19199999999999273 0.10416666515224278 0.011673040689362096
1 0.6041328406953244 0.39999999999999275 0.21226568139064875 0.011673040689362096
0 0.498 0.39999999999999275 0.10416666515224278 0.011673040689362096
1 0.5465287006719118 0.036 0.1610574013438236 0.010213910603197292
0 0.4660000000000009 0.036 0.1458333312131417 0.010213910603197292
1 0.4179876841086798 0.138 0.25197536821735955 0.010213910603197292
0 0.292 0.138 0.08333333212179422 0.010213910603197292
1 0.23387061714145602 0.466 0.18774123428291203 0.010213910603197292
0 0.14 0.466 0.08333333212179422 0.010213910603197292
1 0.879 0.524 0.242 0.010213910603197292
0 0.758 0.524 0.08333333212179422 0.010213910603197292
1 0.37905417893693355 0.678 0.19410835787386713 0.010213910603197292
0 0.282 0.678 0.08333333212179422 0.010213910603197292
0 0.9667500004543271 0.728 0.06649999909134567 0.010213910603197292
1 0.21451086141624456 0.228 0.2330217228324891 0.008754780517017934
0 0.098 0.228 0.08333333212179422 0.008754780517017934
1 0.839476301559951 0.842 0.22695260311990206 0.005836520344688324
0 0.726 0.842 0.08333333212179422 0.005836520344688324