1 0.683 0.528 0.634 0.04815129284362774
0 0.366 0.528 0.39583332757852624 0.04815129284362774
1 0.16276873892632648 0.9140000000000073 0.32553747785265297 0.037937382240445
1 0.4219830521688036 0.01538999799548037 0.8439661043376072 0.03077999599096074
1 0.2634451620728596 0.208 0.5268903241457192 0.02480521146490355
1 0.829 0.12 0.342 0.023346081378724192
0 0.6579999999999981 0.12 0.22916666333493413 0.023346081378724192
1 0.35532802230309607 0.192 0.7106560446061921 0.023346081378724192
1 0.5153393953243504 0.0031069553015986456 0.7546787906487007 0.006213910603197291
0 0.13799999999999818 0.0031069553015986456 0.18749999727403702 0.006213910603197291
1 0.04752539640249052 0.7560000000000072 0.09505079280498104 0.017509561034050422
1 0.3465279800313201 0.3619999999999927 0.5250559600626402 0.016050430947871064
0 0.084 0.3619999999999927 0.16666666424358845 0.016050430947871064
1 0.12500673684524372 0.088 0.25001347369048743 0.014591300861706258
1 0.18486589776541223 0.246 0.36973179553082447 0.014591300861706258
1 0.24601586385713564 0.824 0.28003172771427126 0.014591300861706258
0 0.10599999999999818 0.824 0.1458333312131399 0.014591300861706258
1 0.975 0.884 0.05 0.014591300861706258
0 0.9385416671967142 0.884 0.12291666560657177 0.014591300861706258
1 0.46788568823472454 0.22000000000000727 0.639771376469449 0.013132170775541454
0 0.1479999999999982 0.22000000000000727 0.10416666515224278 0.013132170775541454
1 0.708273489499008 0.8220000000000073 0.29654697899801613 0.013132170775541454
0 0.56 0.8220000000000073 0.08333333212179422 0.013132170775541454
1 0.2482167860293357 0.9320000000000073 0.41643357205867143 0.013132170775541454
0 0.06687499931850835 0.9320000000000073 0.1337499986370167 0.013132170775541454
1 0.3356103412656612 0.228 0.6712206825313224 0.008754780517017934
1 0.16865707457843382 0.796 0.27731414915686764 0.008754780517017934
0 0.04624999954567283 0.796 0.09249999909134567 0.008754780517017934
1 0.7310444383991871 0.4719999999999927 0.4500888767983743 0.007295650430853129
0 0.5059999999999982 0.4719999999999927 0.10416666515224278 0.007295650430853129
1 0.5258395893174693 0.5579999999999927 0.14767917863493857 0.007295650430853129
0 0.452 0.5579999999999927 0.08333333212179422 0.007295650430853129
1 0.10972306382580245 0.876 0.1394461276516049 0.004377390258508967
0 0.03999999999999818 0.876 0.062499999091345675 0.004377390258508967