1 0.2460408565590292 0.614 0.3120817131180584 0.02480521146490355
0 0.08999999999999954 0.614 0.16666666424358936 0.02480521146490355
1 0.08793650146011214 0.606 0.1758730029202243 0.018968691120215226
1 0.7459159087259668 0.30200000000000726 0.2278318174519336 0.017509561034050422
0 0.6320000000000005 0.30200000000000726 0.1041666651522437 0.017509561034050422
1 0.08646125301572101 0.6640000000000073 0.17292250603144202 0.017509561034050422
1 0.979 0.6680000000000073 0.042 0.017509561034050422
0 0.9321250006814903 0.6680000000000073 0.13574999863701942 0.017509561034050422
1 0.12076185820835326 0.378 0.24152371641670653 0.014591300861706258
1 0.3064467272554966 0.08600000000000728 0.32089345451099327 0.013132170775541454
0 0.14600000000000046 0.08600000000000728 0.14583333121314082 0.013132170775541454
1 0.7031116239345179 0.3320000000000073 0.5542232478690358 0.013132170775541454
0 0.42600000000000043 0.3320000000000073 0.14583333121314082 0.013132170775541454
1 0.778 0.6200000000000073 0.444 0.013132170775541454
0 0.5560000000000005 0.6200000000000073 0.1041666651522437 0.013132170775541454
1 0.05730773296639336 0.8360000000000073 0.11461546593278672 0.013132170775541454
1 0.854 0.5099999999999927 0.292 0.011673040689362096
0 0.7080000000000004 0.5099999999999927 0.1041666651522437 0.011673040689362096
1 0.773 0.758 0.454 0.010213910603197292
0 0.5460000000000005 0.758 0.1041666651522437 0.010213910603197292
1 0.713 0.908 0.574 0.008754780517017934
0 0.42600000000000043 0.908 0.12499999818269225 0.008754780517017934
1 0.1634047684604534 0.25599999999999273 0.2108095369209068 0.007295650430853129
0 0.058000000000000454 0.25599999999999273 0.08333333212179514 0.007295650430853129
1 0.604582481372383 0.3539999999999927 0.3331649627447659 0.007295650430853129
0 0.438 0.3539999999999927 0.062499999091345675 0.007295650430853129