1 0.4407600952841267 0.148 0.2975201905682534 0.033559991981921486
0 0.292 0.148 0.12499999818269135 0.033559991981921486
1 0.3706832838632545 0.13 0.32936656772650896 0.030641731809591875
0 0.206 0.13 0.12499999818269135 0.030641731809591875
1 0.16052474482230444 0.4919999999999927 0.3210494896446089 0.026264341551068354
1 0.45560073963308695 0.036 0.3712014792661739 0.023346081378724192
0 0.2700000000000009 0.036 0.18749999727403882 0.023346081378724192
1 0.7170019972326199 0.196 0.15400399446523988 0.018968691120215226
0 0.64 0.196 0.12499999818269135 0.018968691120215226
0 0.9617500004543271 0.10800000000000727 0.07649999909134567 0.017509561034050422
1 0.5909656889105345 0.89 0.16193137782106895 0.014591300861706258
0 0.5100000000000009 0.89 0.18749999727403882 0.014591300861706258
1 0.10785407820628279 0.5599999999999927 0.21570815641256558 0.011673040689362096
0 0.009249999545672835 0.5599999999999927 0.01849999909134567 0.011673040689362096
1 0.6117983153959958 0.596 0.4875966307919916 0.010213910603197292
0 0.368 0.596 0.12499999818269135 0.010213910603197292