1 0.15065020438255214 0.5799999999999927 0.3013004087651043 0.036478252154265645
1 0.4464346510269752 0.3699999999999964 0.7608693020539504 0.0306417318095846
0 0.14237499840985537 0.3699999999999964 0.28474999681971075 0.0306417318095846
1 0.2520449702138103 0.446 0.39208994042762063 0.029182601723412516
0 0.09570833234895827 0.446 0.19141666469791654 0.029182601723412516
1 0.869 0.42200000000000365 0.262 0.02626434155107563
0 0.738 0.42200000000000365 0.29166666242628164 0.02626434155107563
1 0.484507232204739 0.626 0.969014464409478 0.02480521146490355
1 0.11734558812814112 0.874 0.23469117625628225 0.023346081378724192
1 0.81 0.924 0.38 0.018968691120215226
0 0.62 0.924 0.27083332939583304 0.018968691120215226
1 0.978 0.29800000000000365 0.044 0.01605043094787834
0 0.9259166674238781 0.29800000000000365 0.1481666651522437 0.01605043094787834
1 0.837 0.4 0.326 0.014591300861706258
0 0.6739999999999996 0.4 0.18749999727403793 0.014591300861706258
1 0.945 0.38999999999999635 0.11 0.013132170775534177
0 0.8900000000000005 0.38999999999999635 0.08333333212179514 0.013132170775534177
1 0.770063711265836 0.5760000000000073 0.280127422531672 0.013132170775541454
0 0.6299999999999996 0.5760000000000073 0.16666666424358936 0.013132170775541454
1 0.21848420591365267 0.592 0.43696841182730534 0.008754780517017934
1 0.864 0.63 0.272 0.008754780517017934
0 0.7280000000000004 0.63 0.1041666651522437 0.008754780517017934
1 0.571 0.42 0.858 0.007295650430853129
0 0.142 0.42 0.062499999091345675 0.007295650430853129