1 0.4813484898961788 0.3400000000000009 0.47069697979235753 0.03647825215426746
0 0.246 0.3400000000000009 0.04166666606089711 0.03647825215426746
1 0.8130783155795002 0.6100000000000009 0.20215663115900043 0.0175095610340486
0 0.7120000000000004 0.6100000000000009 0.12499999818269225 0.0175095610340486
1 0.13116826161460632 0.296 0.26233652322921264 0.01605043094787834
1 0.04334392641329305 0.36600000000000094 0.0866878528265861 0.010213910603195472
1 0.25313156639117185 0.5080000000000009 0.36226313278234373 0.010213910603195472
0 0.07200000000000045 0.5080000000000009 0.12499999818269225 0.010213910603195472
1 0.3516932282730204 0.7420000000000009 0.2793864565460408 0.010213910603195472
0 0.21200000000000047 0.7420000000000009 0.1041666651522437 0.010213910603195472
1 0.04466947163025907 0.2779999999999991 0.08933894326051814 0.008754780517023391
1 0.905 0.4559999999999991 0.19 0.008754780517023391
0 0.8100000000000005 0.4559999999999991 0.08333333212179514 0.008754780517023391