1 0.94 0.7700000000000018 0.12 0.04231477249895033
0 0.88 0.7700000000000018 0.04166666606089711 0.04231477249895033
1 0.7086185861929862 0.6559999999999981 0.24123717238597236 0.03355999198192512
0 0.5879999999999982 0.6559999999999981 0.22916666333493413 0.03355999198192512
1 0.837 0.07200000000000091 0.326 0.021886951292561206
0 0.6739999999999982 0.07200000000000091 0.10416666515224278 0.021886951292561206
1 0.908 0.2999999999999991 0.184 0.020427821206389127
0 0.8159999999999982 0.2999999999999991 0.1458333312131399 0.020427821206389127
1 0.12220144556062405 0.032 0.2444028911212481 0.018968691120218865
1 0.946 0.91 0.108 0.01605043094787834
0 0.8919999999999981 0.91 0.18749999727403702 0.01605043094787834
1 0.19461109204300192 0.3039999999999991 0.38922218408600384 0.013132170775535997
1 0.253345449124783 0.08 0.35069089824956606 0.011673040689365734
0 0.078 0.08 0.062499999091345675 0.011673040689365734
1 0.12865402086224184 0.2020000000000009 0.2573080417244837 0.010213910603195472
1 0.46767882171178826 0.3820000000000009 0.2353576434235765 0.010213910603195472
0 0.3500000000000009 0.3820000000000009 0.10416666515224461 0.010213910603195472
1 0.19870433962491735 0.43399999999999817 0.3294086792498347 0.010213910603193653
0 0.0430416662880607 0.43399999999999817 0.0860833325761214 0.010213910603193653
1 0.3167229167905989 0.952 0.32544583358119783 0.008754780517025211
0 0.154 0.952 0.04166666606089711 0.008754780517025211
1 0.06715206255255361 0.988 0.13430412510510722 0.007295650430853129
1 0.7128540489196348 0.036 0.24970809783926962 0.0043773902585126055
0 0.5879999999999982 0.036 0.062499999091345675 0.0043773902585126055
1 0.5038207006121229 0.8660000000000018 0.11564140122424578 0.0043773902585126055