1 0.18213405821290962 0.842 0.36426811642581924 0.045233032671290856
0 0.021249999545672835 0.842 0.04249999909134567 0.045233032671290856
1 0.702 0.1039999999999991 0.596 0.03210086189575486
0 0.404 0.1039999999999991 0.39583332757852624 0.03210086189575486
1 0.3191079472545207 0.48 0.3942158945090414 0.0306417318095846
0 0.122 0.48 0.020833333030448556 0.0306417318095846
1 0.875 0.9897986971337741 0.25 0.020402605732451774
0 0.7499999999999982 0.9897986971337741 0.27083332939583127 0.020402605732451774
1 0.815 0.2600000000000009 0.37 0.021886951292561206
0 0.6299999999999982 0.2600000000000009 0.062499999091345675 0.021886951292561206
1 0.3600317444022021 0.9905282621768602 0.3040634888044042 0.018943475646279694
0 0.208 0.9905282621768602 0.08333333212179422 0.018943475646279694
1 0.47846840576318755 0.2 0.516936811526375 0.018968691120218865
0 0.22000000000000092 0.2 0.16666666424359028 0.018968691120218865
1 0.935 0.742 0.13 0.018968691120218865
0 0.87 0.742 0.12499999818269135 0.018968691120218865
1 0.4849958757238674 0.6199999999999991 0.2059917514477347 0.013132170775535997
0 0.382 0.6199999999999991 0.16666666424358845 0.013132170775535997
0 0.9739583337119384 0.6919999999999991 0.052083332576123215 0.013132170775535997
1 0.36387859599838884 0.374 0.2037571919967777 0.011673040689365734
0 0.2620000000000009 0.374 0.1458333312131417 0.011673040689365734
1 0.3901214878617793 0.966 0.3002429757235586 0.011673040689365734
0 0.24 0.966 0.062499999091345675 0.011673040689365734
1 0.81 0.49200000000000094 0.38 0.010213910603195472
0 0.62 0.49200000000000094 0.12499999818269135 0.010213910603195472
1 0.23952991152642245 0.012 0.3030598230528449 0.007295650430853129
0 0.088 0.012 0.10416666515224278 0.007295650430853129
1 0.875 0.144 0.25 0.007295650430853129
0 0.75 0.144 0.08333333212179422 0.007295650430853129
1 0.0980579337900399 0.662 0.19211586758007979 0.007295650430853129
0 0.016624999772836418 0.662 0.033249999545672836 0.007295650430853129
1 0.39120633735058075 0.03 0.10641267470116145 0.0043773902585126055
1 0.3203121538036721 0.438 0.20062430760734423 0.0043773902585126055
0 0.22 0.438 0.062499999091345675 0.0043773902585126055