1 0.7424371766191098 0.8680000000000009 0.3448743532382196 0.03355999198192694
0 0.57 0.8680000000000009 0.020833333030448556 0.03355999198192694
1 0.4309560688312995 0.476 0.6739121376625989 0.027723471637244073
0 0.09400000000000092 0.476 0.1458333312131417 0.027723471637244073
1 0.845 0.9985282621768602 0.31 0.002943475646279694
0 0.69 0.9985282621768602 0.10416666515224278 0.002943475646279694
1 0.3258891037332269 0.19400000000000092 0.6517782074664538 0.0175095610340486
0 0.029458332803285886 0.19400000000000092 0.05891666560657177 0.0175095610340486
1 0.7915513454584043 0.3679999999999991 0.18310269091680856 0.013132170775535997
0 0.7 0.3679999999999991 0.12499999818269135 0.013132170775535997
1 0.11534226529005719 0.344 0.23068453058011437 0.002918260172340524