1 0.726 0.894 0.548 0.043773902585118776
0 0.45199999999999907 0.894 0.41666666060897295 0.043773902585118776
1 0.883 0.05 0.234 0.03939651232660981
0 0.7659999999999991 0.05 0.37499999454807587 0.03939651232660981
1 0.35322864536412724 0.578 0.4544572907282545 0.02480521146490355
0 0.126 0.578 0.08333333212179422 0.02480521146490355
0 0.9445000009086544 0.0024717378231362093 0.11099999818269134 0.0049434756462724185
1 0.644601457400925 0.182 0.6252029148018501 0.020427821206394584
0 0.3320000000000009 0.182 0.16666666424359028 0.020427821206394584
1 0.5468319330363657 0.14 0.47366386607273125 0.014591300861706258
0 0.3100000000000009 0.14 0.16666666424359028 0.014591300861706258
1 0.05746813998951529 0.44 0.11493627997903058 0.014591300861706258
1 0.39953475539881494 0.5459999999999927 0.30706951079762984 0.011673040689362096
0 0.246 0.5459999999999927 0.062499999091345675 0.011673040689362096
1 0.5076168114455568 0.7079999999999927 0.15523362289111356 0.011673040689362096
0 0.43 0.7079999999999927 0.020833333030448556 0.011673040689362096
1 0.33357347817558547 0.8639999999999928 0.459146956351171 0.011673040689362096
0 0.10400000000000091 0.8639999999999928 0.1458333312131417 0.011673040689362096
1 0.12894547104478352 0.626 0.25789094208956703 0.010213910603197292
1 0.744487968258426 0.168 0.324975936516852 0.008754780517017934
0 0.582 0.168 0.10416666515224278 0.008754780517017934