1 0.6075297859798647 0.07799999999999273 0.6910595719597296 0.021886951292559388
0 0.262 0.07799999999999273 0.16666666424358845 0.021886951292559388
1 0.2308562441804097 0.7720000000000072 0.1777124883608194 0.017509561034050422
0 0.142 0.7720000000000072 0.12499999818269135 0.017509561034050422
1 0.3209826258566754 0.9160000000000073 0.18196525171335087 0.017509561034050422
0 0.22999999999999818 0.9160000000000073 0.18749999727403702 0.017509561034050422
1 0.47715011047720507 0.009999999999992725 0.5183002209544102 0.011673040689362096
0 0.218 0.009999999999992725 0.16666666424358845 0.011673040689362096
1 0.5235485806537908 0.604 0.1750971613075817 0.010213910603197292
0 0.436 0.604 0.08333333212179422 0.010213910603197292
1 0.4332552254077 0.486 0.17051045081539995 0.008754780517017934
0 0.3479999999999982 0.486 0.062499999091345675 0.008754780517017934