1 0.779 0.9120000000000072 0.442 0.046692162757462935
0 0.558 0.9120000000000072 0.16666666424358845 0.046692162757462935
1 0.8599560573572016 0.026 0.1719121147144033 0.033559991981921486
0 0.7739999999999981 0.026 0.18749999727403702 0.033559991981921486
1 0.782245254167039 0.786 0.2964905083340782 0.023346081378724192
0 0.6339999999999982 0.786 0.1458333312131399 0.023346081378724192
1 0.20931480841748817 0.9911634796553189 0.41862961683497635 0.017673040689362096
1 0.876 0.624 0.248 0.020427821206394584
0 0.752 0.624 0.16666666424358845 0.020427821206394584
1 0.13723518363319637 0.922 0.27447036726639273 0.020427821206394584
0 0.05429166583373262 0.922 0.10858333166746524 0.020427821206394584
1 0.36600605832023575 0.14600000000000726 0.1600121166404715 0.017509561034050422
0 0.286 0.14600000000000726 0.16666666424358845 0.017509561034050422
1 0.09233524240709994 0.3780000000000073 0.18467048481419987 0.017509561034050422
1 0.725 0.5720000000000073 0.55 0.017509561034050422
0 0.4499999999999982 0.5720000000000073 0.22916666333493413 0.017509561034050422
1 0.13382757148784913 0.9880000000000073 0.26765514297569826 0.017509561034050422
1 0.015401548995596386 0.7039999999999927 0.03080309799119277 0.016050430947871064
1 0.22082209361580862 0.74 0.44164418723161725 0.014591300861706258
1 0.11871651379139803 0.75 0.23743302758279605 0.014591300861706258
1 0.2709731666294556 0.062 0.16194633325891117 0.010213910603197292
0 0.18999999999999817 0.062 0.062499999091345675 0.010213910603197292