1 0.6890650690892126 0.38199999999999273 0.2501301381784251 0.08025215473938442
0 0.5639999999999982 0.38199999999999273 0.18749999727403702 0.08025215473938442
1 0.711 0.9340000000000073 0.578 0.05252868310215126
0 0.422 0.9340000000000073 0.16666666424358845 0.05252868310215126
1 0.782 0.918 0.436 0.0496104229298071
0 0.564 0.918 0.16666666424358845 0.0496104229298071
1 0.7 0.95 0.6 0.0496104229298071
0 0.4 0.95 0.16666666424358845 0.0496104229298071
1 0.06857384137442205 0.774 0.1371476827488441 0.030641731809591875
1 0.733 0.446 0.534 0.023346081378724192
0 0.4659999999999982 0.446 0.062499999091345675 0.023346081378724192
1 0.41700480165375303 0.574 0.35800960330750603 0.023346081378724192
0 0.23799999999999819 0.574 0.1458333312131399 0.023346081378724192
1 0.4858866155664564 0.04800000000000727 0.47577323113291276 0.017509561034050422
0 0.248 0.04800000000000727 0.04166666606089711 0.017509561034050422
1 0.23056052582160375 0.3300000000000073 0.35312105164320745 0.017509561034050422
0 0.06345833280328407 0.3300000000000073 0.12691666560656814 0.017509561034050422
1 0.939 0.9760000000000073 0.122 0.017509561034050422
0 0.8779999999999982 0.9760000000000073 0.1458333312131399 0.017509561034050422
1 0.879 0.066 0.242 0.014591300861706258
0 0.758 0.066 0.16666666424358845 0.014591300861706258
1 0.5199714004907455 0.7179999999999928 0.367942800981491 0.011673040689362096
0 0.336 0.7179999999999928 0.12499999818269135 0.011673040689362096
1 0.15567238588872534 0.68 0.3113447717774507 0.010213910603197292
0 0.014249999545672836 0.68 0.028499999091345672 0.010213910603197292
1 0.694887277814536 0.8359999999999927 0.13377455562907198 0.007295650430853129
0 0.628 0.8359999999999927 0.08333333212179422 0.007295650430853129