1 0.2999823548142758 0.38 0.08796470962855164 0.04231477249895033
0 0.25600000000000045 0.38 0.14583333121314082 0.04231477249895033
1 0.03191655409968735 0.3719999999999991 0.0638331081993747 0.024805211464901732
1 0.932 0.896 0.136 0.01605043094787834
0 0.8640000000000004 0.896 0.14583333121314082 0.01605043094787834
1 0.24258504624656826 0.2859999999999991 0.3411700924931365 0.013132170775535997
0 0.07200000000000045 0.2859999999999991 0.1041666651522437 0.013132170775535997
1 0.774 0.6499999999999991 0.452 0.013132170775535997
0 0.5479999999999996 0.6499999999999991 0.16666666424358936 0.013132170775535997
1 0.3023982462311365 0.948000000000001 0.3327964924622729 0.010213910603195472
0 0.136 0.948000000000001 0.062499999091345675 0.010213910603195472
1 0.942 0.3639999999999991 0.116 0.008754780517023391
0 0.8840000000000005 0.3639999999999991 0.08333333212179514 0.008754780517023391
1 0.806431474008531 0.5139999999999991 0.18886294801706208 0.008754780517023391
0 0.7120000000000004 0.5139999999999991 0.1041666651522437 0.008754780517023391
1 0.4747080247222552 0.6239999999999991 0.08941604944451047 0.008754780517023391
0 0.43000000000000044 0.6239999999999991 0.08333333212179514 0.008754780517023391
1 0.5675349725526876 0.16 0.27506994510537514 0.007295650430853129
0 0.43 0.16 0.062499999091345675 0.007295650430853129
1 0.06961219849742019 0.792 0.13922439699484038 0.007295650430853129
1 0.6844972701895045 0.83 0.2729945403790089 0.007295650430853129
0 0.5480000000000005 0.83 0.12499999818269225 0.007295650430853129
1 0.596 0.6380000000000009 0.808 0.005836520344682867
0 0.192 0.6380000000000009 0.062499999091345675 0.005836520344682867