1 0.873 0.3719999999999991 0.254 0.024805211464901732
0 0.7459999999999996 0.3719999999999991 0.20833333030448647 0.024805211464901732
1 0.5271323898151736 0.26 0.3622647796303472 0.018968691120218865
0 0.3460000000000005 0.26 0.12499999818269225 0.018968691120218865
1 0.14863350287590493 0.174 0.29726700575180987 0.0175095610340486
1 0.043285121683252555 0.7379999999999991 0.0665702433665051 0.013132170775535997
0 0.025833333030448557 0.7379999999999991 0.051666666060897114 0.013132170775535997
1 0.06929062350515597 0.97 0.13858124701031194 0.011673040689365734
1 0.040090980153863254 0.4580000000000009 0.08018196030772651 0.010213910603195472
1 0.08218475616562228 0.258 0.16436951233124455 0.007295650430853129
1 0.987 0.792 0.026 0.007295650430853129
0 0.9713750002271636 0.792 0.057249999545672836 0.007295650430853129
1 0.7001136546728198 0.2040000000000009 0.2322273093456397 0.005836520344682867
0 0.584 0.2040000000000009 0.062499999091345675 0.005836520344682867
1 0.7913792837425863 0.004000000000000455 0.24275856748517252 0.0029182601723414334