1 0.875 0.9927043495691464 0.25 0.014591300861707169
0 0.7499999999999982 0.9927043495691464 0.10416666515224278 0.014591300861707169
1 0.09173899423242438 0.916 0.18347798846484875 0.024805211464901732
1 0.05172338515154206 0.11399999999999977 0.10344677030308412 0.023346081378731013
1 0.1017001915628216 0.096 0.2034003831256432 0.018968691120218865
1 0.902 0.26 0.196 0.018968691120218865
0 0.804 0.26 0.12499999818269135 0.018968691120218865
1 0.476902822166363 0.932 0.42980564433272594 0.018968691120218865
0 0.2620000000000009 0.932 0.16666666424359028 0.018968691120218865
1 0.25256629945616077 0.17199999999999976 0.30513259891232153 0.017509561034048146
0 0.1 0.17199999999999976 0.12499999818269135 0.017509561034048146
1 0.04431648721838246 0.6000000000000002 0.08863297443676492 0.016050430947877885
1 0.02665880883655245 0.02 0.0533176176731049 0.014591300861707169
1 0.37785314106494844 0.122 0.20770628212989686 0.014591300861707169
0 0.274 0.122 0.10416666515224278 0.014591300861707169
0 0.9841666669695515 0.624 0.03166666606089712 0.014591300861707169
1 0.1781675253289477 0.24800000000000022 0.3563350506578954 0.013132170775536451
0 0.025874999318510162 0.24800000000000022 0.051749998637020324 0.013132170775536451
1 0.6088396100638711 0.19400000000000023 0.21767922012774216 0.010213910603195018
0 0.5 0.19400000000000023 0.04166666606089711 0.010213910603195018
1 0.12760445500359766 0.3620000000000002 0.2552089100071953 0.010213910603195018
1 0.7967191376363589 0.352 0.33343827527271785 0.0087547805170243
0 0.6299999999999982 0.352 0.10416666515224278 0.0087547805170243
1 0.7416436335625712 0.396 0.22328726712514255 0.0087547805170243
0 0.63 0.396 0.08333333212179422 0.0087547805170243
1 0.13929631721818805 0.3160000000000002 0.2785926344363761 0.0072956504308535845
0 0.010833333030448557 0.3160000000000002 0.021666666060897115 0.0072956504308535845
1 0.12704591898426862 0.34600000000000025 0.25409183796853724 0.0072956504308535845
1 0.5448159528940014 0.4880000000000002 0.10963190578800276 0.00437739025851215