1 0.677 0.698 0.646 0.02480521146490355
0 0.3539999999999982 0.698 0.1458333312131399 0.02480521146490355
1 0.17533100313440445 0.892 0.2506620062688089 0.02480521146490355
0 0.04999999999999818 0.892 0.062499999091345675 0.02480521146490355
1 0.24795928700701916 0.782 0.37191857401403833 0.023346081378724192
0 0.08829166583373262 0.782 0.17658333166746523 0.023346081378724192
0 0.9347083341662655 0.0017421727800538064 0.13058333166746888 0.003484345560107613
1 0.8697877875826161 0.15600000000000727 0.1635755751652323 0.017509561034050422
0 0.788 0.15600000000000727 0.16666666424358845 0.017509561034050422
1 0.975 0.4640000000000073 0.05 0.017509561034050422
0 0.9499999999999982 0.4640000000000073 0.062499999091345675 0.017509561034050422
1 0.883 0.5920000000000073 0.234 0.017509561034050422
0 0.766 0.5920000000000073 0.20833333030448556 0.017509561034050422
1 0.834 0.8480000000000073 0.332 0.017509561034050422
0 0.6679999999999982 0.8480000000000073 0.1458333312131399 0.017509561034050422
1 0.878 0.6159999999999928 0.244 0.016050430947871064
0 0.7559999999999982 0.6159999999999928 0.18749999727403702 0.016050430947871064
1 0.7823066378872536 0.5300000000000072 0.4206132757745072 0.013132170775541454
0 0.572 0.5300000000000072 0.12499999818269135 0.013132170775541454
1 0.731 0.6220000000000073 0.538 0.013132170775541454
0 0.4619999999999982 0.6220000000000073 0.020833333030448556 0.013132170775541454
1 0.536590040645524 0.7600000000000072 0.2571800812910478 0.013132170775541454
0 0.408 0.7600000000000072 0.16666666424358845 0.013132170775541454
1 0.796 0.55 0.408 0.010213910603197292
0 0.592 0.55 0.12499999818269135 0.010213910603197292
1 0.14910815233330504 0.9954465223492007 0.2982163046666101 0.009106955301598645