1 0.24268339185214427 0.28600000000000725 0.48536678370428854 0.03210086189575668
1 0.773 0.5700000000000073 0.454 0.03210086189575668
0 0.546 0.5700000000000073 0.20833333030448556 0.03210086189575668
1 0.18965220280463474 0.078 0.3793044056092695 0.030641731809591875
1 0.13439665307079668 0.302 0.26879330614159336 0.029182601723412516
1 0.725 0.72 0.55 0.018968691120215226
0 0.4499999999999982 0.72 0.27083332939583127 0.018968691120215226
1 0.19882534103303443 0.3280000000000073 0.39765068206606885 0.017509561034050422
1 0.21309900188300163 0.5420000000000073 0.42619800376600325 0.017509561034050422
0 0.9695416671967141 0.0019182601723368863 0.06091666560657177 0.0038365203446737725
1 0.09338920548067654 0.007999999999992725 0.1867784109613531 0.011673040689362096