1 0.1630286231569362 0.42000000000000726 0.3260572463138724 0.027723471637247712
1 0.2462942199833442 0.712 0.14858843996668838 0.023346081378724192
0 0.172 0.712 0.12499999818269135 0.023346081378724192
1 0.48560661426381646 0.172 0.25921322852763296 0.020427821206394584
0 0.3560000000000009 0.172 0.16666666424359028 0.020427821206394584
1 0.847686197968098 0.704 0.15937239593619598 0.020427821206394584
0 0.768 0.704 0.12499999818269135 0.020427821206394584
1 0.9 0.9259999999999927 0.2 0.016050430947871064
0 0.8000000000000009 0.9259999999999927 0.2083333303044874 0.016050430947871064
1 0.3575167482974939 0.378 0.7150334965949878 0.014591300861706258
0 0.02445833280328543 0.378 0.04891666560657086 0.014591300861706258
1 0.2709899884692113 0.544 0.3939799769384226 0.014591300861706258
0 0.08908333257612139 0.544 0.17816666515224278 0.014591300861706258
1 0.33146352249801386 0.8260000000000073 0.2989270449960277 0.013132170775541454
0 0.18199999999999955 0.8260000000000073 0.16666666424358936 0.013132170775541454
1 0.5169455915324407 0.22399999999999273 0.38589118306488124 0.011673040689362096
0 0.3240000000000009 0.22399999999999273 0.1458333312131417 0.011673040689362096
1 0.965 0.326 0.07 0.010213910603197292
0 0.93 0.326 0.062499999091345675 0.010213910603197292
1 0.7457262833907271 0.65 0.15145256678145416 0.010213910603197292
0 0.67 0.65 0.12499999818269135 0.010213910603197292
1 0.21209029220483536 0.6379999999999927 0.4241805844096707 0.007295650430853129