1 0.17079170158312446 0.3240000000000001 0.3415834031662489 0.023346081378731242
0 0.025916665606570403 0.3240000000000001 0.05183333121314081 0.023346081378731242
1 0.032200856601125455 0.9120000000000001 0.06440171320225091 0.021886951292560526
1 0.54 0.7480000000000001 0.92 0.017509561034048375
0 0.08000000000000046 0.7480000000000001 0.14583333121314082 0.017509561034048375
0 0.9591250006814903 0.7779999999999999 0.08174999863701941 0.01605043094787766
1 0.833 0.8959999999999999 0.334 0.01605043094787766
0 0.6660000000000005 0.8959999999999999 0.08333333212179514 0.01605043094787766
1 0.6588559530031403 0.043999999999999886 0.3537119060062805 0.014591300861706942
0 0.48200000000000043 0.043999999999999886 0.14583333121314082 0.014591300861706942
1 0.6202846696268811 0.06599999999999989 0.23656933925376233 0.014591300861706942
0 0.5020000000000004 0.06599999999999989 0.08333333212179514 0.014591300861706942
1 0.5147209320674038 0.6739999999999999 0.24144186413480748 0.01021391060319479
0 0.394 0.6739999999999999 0.062499999091345675 0.01021391060319479
1 0.5749860304436178 0.6979999999999998 0.36197206088723577 0.008754780517024073
0 0.39400000000000046 0.6979999999999998 0.08333333212179514 0.008754780517024073
1 0.19058482421742065 0.052 0.2211696484348413 0.0072956504308535845
0 0.08000000000000046 0.052 0.08333333212179514 0.0072956504308535845
1 0.5187362054927844 0.21 0.11747241098556879 0.0072956504308535845
0 0.46000000000000046 0.21 0.08333333212179514 0.0072956504308535845