1 0.952 0.258 0.096 0.05836520344682503
0 0.8738750011358175 0.258 0.2522499977283651 0.05836520344682503
1 0.686 0.086 0.628 0.02480521146490355
0 0.372 0.086 0.2499999963653845 0.02480521146490355
1 0.52788074120787 0.882 0.52776148241574 0.02480521146490355
0 0.264 0.882 0.3333333284871787 0.02480521146490355
1 0.816 0.942 0.368 0.023346081378724192
0 0.6319999999999996 0.942 0.18749999727403793 0.023346081378724192
1 0.23489703326497374 0.7240000000000073 0.2217940665299475 0.017509561034050422
0 0.12449999909134613 0.7240000000000073 0.24899999818269225 0.017509561034050422
1 0.3375038250623306 0.7720000000000072 0.6750076501246612 0.017509561034050422
0 0.01724999954567329 0.7720000000000072 0.03449999909134658 0.017509561034050422
1 0.21744849693291826 0.9680000000000073 0.4348969938658365 0.017509561034050422
1 0.12498543012026585 0.7939999999999927 0.2499708602405317 0.016050430947871064
1 0.6942711659164975 0.19 0.3405423318329949 0.014591300861706258
0 0.5239999999999996 0.19 0.18749999727403793 0.014591300861706258
1 0.22185772557289737 0.18200000000000727 0.44371545114579475 0.013132170775541454
1 0.12257207572999823 0.348 0.10514415145999646 0.008754780517017934
0 0.07000000000000045 0.348 0.12499999818269225 0.008754780517017934
1 0.31260532488678244 0.06 0.4452106497735649 0.005836520344688324
0 0.09000000000000045 0.06 0.08333333212179514 0.005836520344688324