1 0.4666078672059248 0.3340000000000073 0.40921573441184955 0.03210086189575668
0 0.2620000000000009 0.3340000000000073 0.16666666424359028 0.03210086189575668
1 0.503093772212158 0.478 0.938187544424316 0.029182601723412516
0 0.06387499931851016 0.478 0.12774999863702033 0.029182601723412516
1 0.3894473758747881 0.10400000000000728 0.21089475174957625 0.027723471637247712
0 0.284 0.10400000000000728 0.12499999818269135 0.027723471637247712
1 0.12329177458228605 0.3800000000000073 0.2465835491645721 0.027723471637247712
1 0.946 0.7879999999999927 0.108 0.026264341551068354
0 0.8919999999999981 0.7879999999999927 0.1458333312131399 0.026264341551068354
1 0.767 0.9059999999999927 0.466 0.026264341551068354
0 0.5339999999999991 0.9059999999999927 0.3333333284871787 0.026264341551068354
1 0.81 0.1 0.38 0.02480521146490355
0 0.6199999999999982 0.1 0.020833333030448556 0.02480521146490355
0 0.9544583346205927 0.724 0.09108333075881456 0.02480521146490355
1 0.3024114699219845 0.009836520344681049 0.5128229398439689 0.019673040689362098
0 0.1011249988641821 0.009836520344681049 0.2022499977283642 0.019673040689362098
1 0.23442922573454417 0.836 0.46885845146908833 0.023346081378724192
1 0.39136119609464187 0.688 0.4947223921892837 0.020427821206394584
0 0.1440000000000009 0.688 0.22916666333493596 0.020427821206394584
1 0.5150959990242318 0.782 0.3541919980484636 0.020427821206394584
0 0.3380000000000009 0.782 0.1458333312131417 0.020427821206394584
1 0.3110413087107372 0.23 0.4860826174214744 0.014591300861706258
0 0.0860833325761223 0.23 0.1721666651522446 0.014591300861706258
1 0.6490876769166553 0.3840000000000073 0.4061753538333105 0.013132170775541454
0 0.4460000000000009 0.3840000000000073 0.1458333312131417 0.013132170775541454
1 0.7281874347749872 0.9987169573061183 0.2363748695499744 0.0025660853877634508
0 0.6099999999999982 0.9987169573061183 0.1458333312131399 0.0025660853877634508
1 0.3440116906144158 0.3599999999999927 0.2920233812288316 0.011673040689362096
0 0.1980000000000009 0.3599999999999927 0.16666666424359028 0.011673040689362096
1 0.956 0.03 0.088 0.008754780517017934
0 0.912 0.03 0.08333333212179422 0.008754780517017934
1 0.4064576304269285 0.638 0.20091526085385703 0.008754780517017934
0 0.306 0.638 0.12499999818269135 0.008754780517017934
1 0.028346148438416093 0.772 0.056692296876832186 0.008754780517017934
1 0.951 0.26399999999999274 0.098 0.007295650430853129
0 0.9019999999999981 0.26399999999999274 0.10416666515224278 0.007295650430853129
1 0.3471398568580862 0.248 0.2982797137161724 0.005836520344688324
0 0.198 0.248 0.08333333212179422 0.005836520344688324