1 0.39561317389791795 0.862 0.48322634779583584 0.043773902585118776
0 0.15512499886418255 0.862 0.3102499977283651 0.043773902585118776
1 0.815 0.7439999999999928 0.37 0.026264341551068354
0 0.63 0.7439999999999928 0.3333333284871787 0.026264341551068354
1 0.6315199917077085 0.5920000000000073 0.6310399834154168 0.017509561034050422
0 0.31600000000000045 0.5920000000000073 0.14583333121314082 0.017509561034050422
1 0.75 0.011999999999992725 0.5 0.016050430947871064
0 0.5000000000000004 0.011999999999992725 0.12499999818269225 0.016050430947871064
1 0.2057560182117477 0.041999999999992724 0.3635120364234954 0.016050430947871064
0 0.03804166628806115 0.041999999999992724 0.0760833325761223 0.016050430947871064
1 0.5 0.7499999999999927 1.0 0.016050430947871064
1 0.2748060451545675 0.8359999999999927 0.24161209030913505 0.016050430947871064
0 0.15400000000000044 0.8359999999999927 0.1041666651522437 0.016050430947871064
1 0.7857630983004001 0.454 0.3995261966008002 0.014591300861706258
0 0.586 0.454 0.062499999091345675 0.014591300861706258
0 0.9303333339391024 0.2620000000000073 0.13933333212179513 0.013132170775541454
1 0.19661220138482077 0.44999999999999274 0.3692244027696415 0.011673040689362096
0 0.03204166628806115 0.44999999999999274 0.0640833325761223 0.011673040689362096
1 0.1022609109568025 0.024 0.204521821913605 0.010213910603197292
1 0.14621338169816955 0.492 0.2444267633963391 0.008754780517017934
0 0.03283333303044901 0.492 0.06566666606089802 0.008754780517017934
1 0.47628981620437433 0.63 0.4925796324087487 0.008754780517017934
0 0.23000000000000045 0.63 0.08333333212179514 0.008754780517017934
1 0.951 0.678 0.098 0.008754780517017934
0 0.902 0.678 0.062499999091345675 0.008754780517017934
1 0.13286485670960838 0.694 0.26572971341921675 0.008754780517017934
1 0.27777123732826065 0.756 0.35954247465652134 0.008754780517017934
0 0.098 0.756 0.04166666606089711 0.008754780517017934
1 0.842 0.2919999999999927 0.316 0.007295650430853129
1 0.6779403118092937 0.616 0.5078806236185873 0.004377390258508967
0 0.424 0.616 0.062499999091345675 0.004377390258508967
1 0.09553045458768429 0.988 0.19106090917536858 0.004377390258508967