1 0.5937204408936505 0.00957869312474213 0.34744088178730087 0.01915738624948426
0 0.42000000000000093 0.00957869312474213 0.2083333303044874 0.01915738624948426
1 0.9 0.26 0.2 0.02480521146490355
0 0.8000000000000009 0.26 0.16666666424359028 0.02480521146490355
1 0.3226799521474686 0.674 0.6453599042949372 0.02480521146490355
0 0.9460833343934301 0.3699999999999927 0.1078333312131399 0.021886951292559388
1 0.25449671432334436 0.6599999999999927 0.5089934286466887 0.021886951292559388
1 0.6798864176753404 0.344 0.28377283535068093 0.020427821206394584
0 0.5380000000000009 0.344 0.18749999727403882 0.020427821206394584
1 0.10559683741873141 0.794 0.21119367483746282 0.020427821206394584
1 0.7703679658693218 0.8 0.22473593173864356 0.020427821206394584
0 0.658 0.8 0.08333333212179422 0.020427821206394584
1 0.6045354293274168 0.522 0.2810708586548335 0.018968691120215226
0 0.464 0.522 0.10416666515224278 0.018968691120215226
1 0.921 0.5239999999999927 0.158 0.016050430947871064
0 0.842 0.5239999999999927 0.08333333212179422 0.016050430947871064
1 0.6069917210561644 0.9899999999999928 0.2859834421123287 0.016050430947871064
0 0.464 0.9899999999999928 0.12499999818269135 0.016050430947871064
1 0.9 0.222 0.2 0.014591300861706258
0 0.8000000000000009 0.222 0.16666666424359028 0.014591300861706258
1 0.7232946915330122 0.682 0.21858938306602432 0.014591300861706258
0 0.614 0.682 0.08333333212179422 0.014591300861706258
1 0.4667858750975511 0.6720000000000073 0.26957175019510216 0.013132170775541454
0 0.332 0.6720000000000073 0.12499999818269135 0.013132170775541454
1 0.2661568272662389 0.6820000000000073 0.3203136545324778 0.013132170775541454
0 0.106 0.6820000000000073 0.12499999818269135 0.013132170775541454
1 0.41568455098416146 0.7919999999999927 0.20736910196832287 0.011673040689362096
0 0.3120000000000009 0.7919999999999927 0.1458333312131417 0.011673040689362096
1 0.6914133485141584 0.8259999999999927 0.21882669702831664 0.011673040689362096
0 0.582 0.8259999999999927 0.10416666515224278 0.011673040689362096
1 0.965 0.77 0.07 0.010213910603197292
0 0.93 0.77 0.08333333212179422 0.010213910603197292