1 0.8151936641820475 0.4620000000000073 0.24238732836409507 0.013132170775541454
0 0.694000000000001 0.4620000000000073 0.1458333312131417 0.013132170775541454
0 0.9667500004543271 0.48000000000000725 0.06649999909134567 0.013132170775541454
1 0.522891745956782 0.11399999999999272 0.15778349191356392 0.011673040689362096
0 0.444 0.11399999999999272 0.12499999818269135 0.011673040689362096
1 0.982 0.17 0.036 0.010213910603197292
0 0.9611666669695514 0.17 0.07766666606089712 0.010213910603197292
1 0.6566018288622326 0.316 0.1652036577244653 0.010213910603197292
0 0.574 0.316 0.10416666515224278 0.010213910603197292
1 0.11024259119169073 0.44 0.04848518238338147 0.008754780517017934
0 0.086 0.44 0.10416666515224278 0.008754780517017934
1 0.02766022653210348 0.886 0.05532045306420696 0.008754780517017934