1 0.976 0.492 0.048 0.035019122068100844
0 0.952 0.492 0.08333333212179422 0.035019122068100844
1 0.6963422734773421 0.502 0.26868454695468424 0.020427821206394584
0 0.562 0.502 0.020833333030448556 0.020427821206394584
1 0.03588343113715564 0.38199999999999273 0.07176686227431128 0.016050430947871064
1 0.5285655323522642 0.644 0.5171310647045284 0.014591300861706258
0 0.2700000000000009 0.644 0.1458333312131417 0.014591300861706258
1 0.5854259626048588 0.514 0.39485192520971757 0.010213910603197292
0 0.388 0.514 0.12499999818269135 0.010213910603197292
1 0.33887079592324243 0.678 0.5057415918464849 0.008754780517017934
0 0.08600000000000045 0.678 0.12499999818269225 0.008754780517017934
1 0.7958638034979667 0.468 0.27172760699593346 0.005836520344688324
0 0.66 0.468 0.08333333212179422 0.005836520344688324