1 0.21285072535003746 0.618 0.3417014507000749 0.05252868310214399
0 0.04199999999999818 0.618 0.062499999091345675 0.05252868310214399
1 0.3956251171234562 0.8679999999999982 0.5752502342469125 0.04815129284363138
0 0.11129166583373262 0.8679999999999982 0.22258333166746525 0.04815129284363138
1 0.07359116099477615 0.008295650430853129 0.1471823219895523 0.016591300861706258
1 0.27560705317524664 0.18799999999999817 0.3552141063504932 0.017509561034046783
0 0.09799999999999819 0.18799999999999817 0.18749999727403702 0.017509561034046783
1 0.48804758575804225 0.49 0.24009517151608453 0.01605043094787834
0 0.368 0.49 0.16666666424358845 0.01605043094787834
1 0.28185609963542263 0.884 0.5637121992708453 0.014591300861706258
0 0.010416666515224278 0.884 0.020833333030448556 0.014591300861706258
1 0.2780101225017952 0.03400000000000182 0.36002024500359037 0.013132170775537815
0 0.09799999999999819 0.03400000000000182 0.18749999727403702 0.013132170775537815
1 0.22766863514117722 0.09200000000000182 0.23933727028235444 0.013132170775537815
0 0.108 0.09200000000000182 0.16666666424358845 0.013132170775537815
1 0.4464466590808606 0.14800000000000182 0.24489331816172125 0.013132170775537815
0 0.324 0.14800000000000182 0.12499999818269135 0.013132170775537815
1 0.689 0.24000000000000182 0.622 0.013132170775537815
0 0.37799999999999817 0.24000000000000182 0.10416666515224278 0.013132170775537815
1 0.966 0.008000000000001818 0.068 0.011673040689365734
0 0.932 0.008000000000001818 0.08333333212179422 0.011673040689365734
1 0.966 0.23599999999999818 0.068 0.010213910603193653
0 0.9319999999999982 0.23599999999999818 0.020833333030448556 0.010213910603193653
1 0.944 0.3199999999999982 0.112 0.010213910603193653
0 0.8879999999999982 0.3199999999999982 0.1458333312131399 0.010213910603193653
1 0.803 0.4499999999999982 0.394 0.010213910603193653
0 0.606 0.4499999999999982 0.08333333212179422 0.010213910603193653
1 0.1275038182880453 0.432 0.2550076365760906 0.005836520344681048
1 0.1416699765453941 0.31800000000000184 0.2833399530907882 0.0043773902585126055