1 0.7981996995124209 0.8300000000000036 0.33639939902484184 0.055446943274488146
0 0.63 0.8300000000000036 0.12499999818269135 0.055446943274488146
1 0.15363748242391467 0.9339999999999964 0.30727496484782935 0.045233032671290856
1 0.973 0.6040000000000036 0.054 0.04085564241278189
0 0.8844583346205928 0.6040000000000036 0.23108333075881454 0.04085564241278189
1 0.02870195211679129 0.232 0.05740390423358258 0.03939651232660981
0 0.9577500004543271 0.7659999999999964 0.08449999909134567 0.03793738224043773
1 0.05799237794958117 0.8620000000000037 0.11598475589916234 0.03355999198192876
1 0.7462504263085448 0.047999999999996365 0.49250085261708954 0.0306417318095846
0 0.4999999999999991 0.047999999999996365 0.3333333284871787 0.0306417318095846
1 0.913 0.9279999999999964 0.174 0.0306417318095846
0 0.8260000000000018 0.9279999999999964 0.33333332848718056 0.0306417318095846
1 0.956 0.63 0.088 0.029182601723412516
0 0.9119999999999981 0.63 0.062499999091345675 0.029182601723412516
1 0.7624015278124898 0.6319999999999963 0.3288030556249796 0.020427821206387305
0 0.5979999999999982 0.6319999999999963 0.10416666515224278 0.020427821206387305
1 0.7340248633503088 0.9963521747845734 0.4440497267006176 0.007295650430853129
0 0.5119999999999982 0.9963521747845734 0.10416666515224278 0.007295650430853129
1 0.6993950755884034 0.12399999999999636 0.24679015117680683 0.013132170775534177
0 0.5759999999999982 0.12399999999999636 0.020833333030448556 0.013132170775534177
1 0.5005359976469063 0.43000000000000366 0.4130719952938125 0.008754780517025211
0 0.294 0.43000000000000366 0.08333333212179422 0.008754780517025211
1 0.47364328013017437 0.408 0.3152865602603488 0.007295650430853129
0 0.9733750002271627 0.446 0.05324999954567466 0.007295650430853129
1 0.0913595292679338 0.294 0.1827190585358676 0.004377390258508967