1 0.054770883486875394 0.194 0.10954176697375079 0.05982433353300439
1 0.7581440431093488 0.9963269593106379 0.4362880862186976 0.0073460813787241935
0 0.5400000000000009 0.9963269593106379 0.18749999727403882 0.0073460813787241935
1 0.1840202821525454 0.502 0.2640405643050908 0.03939651232660981
0 0.06766666606089712 0.502 0.13533333212179424 0.03939651232660981
1 0.1783898698912517 0.11000000000000727 0.3567797397825034 0.037937382240445
1 0.803 0.44599999999999274 0.394 0.036478252154265645
0 0.6059999999999991 0.44599999999999274 0.37499999454807587 0.036478252154265645
1 0.17733720632643327 0.166 0.35467441265286653 0.02480521146490355
1 0.4097447932454625 0.02 0.43148958649092495 0.023346081378724192
0 0.19399999999999953 0.02 0.22916666333493504 0.023346081378724192
1 0.879 0.33599999999999275 0.242 0.021886951292559388
0 0.7580000000000009 0.33599999999999275 0.1458333312131417 0.021886951292559388
1 0.678 0.694 0.644 0.020427821206394584
0 0.3560000000000009 0.694 0.2083333303044874 0.020427821206394584
1 0.2050128721736819 0.13599999999999274 0.4100257443473638 0.016050430947871064
0 0.035458332803285426 0.13599999999999274 0.07091666560657085 0.016050430947871064
1 0.14049276116049805 0.8459999999999928 0.13298552232099609 0.016050430947871064
0 0.08387499931850925 0.8459999999999928 0.1677499986370185 0.016050430947871064
1 0.6336874466670369 0.1 0.14337489333407394 0.010213910603197292
0 0.562 0.1 0.10416666515224278 0.010213910603197292