1 0.07803139791436206 0.4899999999999927 0.15606279582872412 0.04085564241277461
1 0.568 0.59 0.864 0.033559991981921486
0 0.16695833189463063 0.59 0.33391666378926127 0.033559991981921486
1 0.872 0.7580000000000072 0.256 0.03210086189575668
0 0.7439999999999991 0.7580000000000072 0.3333333284871787 0.03210086189575668
1 0.5816595898022379 0.8220000000000073 0.47931917960447573 0.027723471637247712
0 0.3420000000000009 0.8220000000000073 0.18749999727403882 0.027723471637247712
1 0.688 0.43999999999999273 0.624 0.026264341551068354
0 0.3759999999999991 0.43999999999999273 0.35416666151762727 0.026264341551068354
1 0.823 0.4159999999999927 0.354 0.021886951292559388
0 0.6460000000000009 0.4159999999999927 0.27083332939583304 0.021886951292559388
1 0.15751056146491374 0.088 0.3150211229298275 0.020427821206394584
1 0.715 0.77 0.57 0.020427821206394584
0 0.43 0.77 0.04166666606089711 0.020427821206394584
1 0.19478924192563227 0.25399999999999273 0.38957848385126453 0.016050430947871064
1 0.975 0.2979999999999927 0.05 0.016050430947871064
0 0.9385416671967151 0.2979999999999927 0.12291666560656996 0.016050430947871064
1 0.04069883362003384 0.5699999999999927 0.08139766724006768 0.016050430947871064
0 0.017083332576122302 0.5699999999999927 0.034166665152244605 0.016050430947871064
1 0.16638818950762108 0.336 0.33277637901524215 0.014591300861706258
0 0.992541667196715 0.08400000000000728 0.01491666560656995 0.013132170775541454
1 0.05467136083088826 0.6539999999999927 0.10934272166177653 0.011673040689362096
1 0.2860332116971995 0.8059999999999927 0.572066423394399 0.011673040689362096
1 0.78 0.136 0.44 0.010213910603197292
0 0.5600000000000009 0.136 0.1458333312131417 0.010213910603197292
1 0.41284722816905195 0.51 0.16169445633810392 0.008754780517017934
0 0.332 0.51 0.10416666515224278 0.008754780517017934