1 0.11665859346532306 0.01038999799548401 0.23331718693064613 0.02077999599096802
1 0.07463709051128671 0.018 0.14927418102257342 0.03210086189575668
1 0.736 0.57 0.528 0.021886951292559388
0 0.472 0.57 0.062499999091345675 0.021886951292559388
1 0.7664814184595352 0.6300000000000037 0.2849628369190705 0.0189686911202225
0 0.6240000000000004 0.6300000000000037 0.14583333121314082 0.0189686911202225
0 0.9651666669695514 0.082 0.06966666606089711 0.014591300861706258
1 0.5059187359388966 0.102 0.19583747187779318 0.011673040689362096
0 0.4080000000000005 0.102 0.14583333121314082 0.011673040689362096
1 0.15623547110452227 0.7639999999999963 0.16847094220904454 0.005836520344681048
0 0.07200000000000045 0.7639999999999963 0.08333333212179514 0.005836520344681048