1 0.20511207824458644 0.12 0.38622415648917285 0.029182601723412516
0 0.058083332576121395 0.12 0.11616666515224279 0.029182601723412516
1 0.82 0.4919999999999927 0.36 0.021886951292559388
0 0.64 0.4919999999999927 0.2499999963653845 0.021886951292559388
1 0.13867646409830287 0.154 0.27735292819660573 0.020427821206394584
1 0.3892872467201505 0.628 0.342574493440301 0.020427821206394584
0 0.218 0.628 0.2499999963653845 0.020427821206394584
1 0.02907272774383 0.3300000000000073 0.05814545548766 0.017509561034050422
1 0.864 0.008012607736964128 0.272 0.016025215473928257
0 0.7280000000000004 0.008012607736964128 0.1041666651522437 0.016025215473928257
1 0.2806971187346421 0.2839999999999927 0.25339423746928424 0.016050430947871064
0 0.15400000000000044 0.2839999999999927 0.12499999818269225 0.016050430947871064
1 0.4292846602437139 0.506 0.5945693204874278 0.014591300861706258
0 0.132 0.506 0.062499999091345675 0.014591300861706258
1 0.594919663363059 0.578 0.36183932672611807 0.014591300861706258
0 0.4140000000000005 0.578 0.12499999818269225 0.014591300861706258
1 0.06517333100864289 0.992 0.13034666201728579 0.014591300861706258
1 0.14748481539761996 0.016000000000007276 0.2949696307952399 0.013132170775541454
1 0.40854847862833593 0.9539999999999927 0.3570969572566719 0.011673040689362096
0 0.23000000000000045 0.9539999999999927 0.1041666651522437 0.011673040689362096
1 0.5865948492887919 0.698 0.23718969857758385 0.010213910603197292
0 0.46800000000000047 0.698 0.1041666651522437 0.010213910603197292
1 0.49811620792631767 0.798 0.23623241585263532 0.010213910603197292
0 0.38000000000000045 0.798 0.1041666651522437 0.010213910603197292