1 0.82 0.10399999999999977 0.36 0.029182601723413883
0 0.6399999999999981 0.10399999999999977 0.18749999727403702 0.029182601723413883
1 0.95 0.16 0.1 0.021886951292560297
0 0.8822916676510413 0.16 0.23541666469791744 0.021886951292560297
1 0.22051211634876564 0.6 0.44102423269753127 0.021886951292560297
1 0.41560952349203945 0.9099999999999998 0.3352190469840789 0.02042782120638958
0 0.2479999999999982 0.9099999999999998 0.10416666515224278 0.02042782120638958
1 0.717 0.2739999999999998 0.566 0.017509561034048146
0 0.43399999999999817 0.2739999999999998 0.10416666515224278 0.017509561034048146
1 0.09664067996895027 0.618 0.19328135993790055 0.014591300861707169
1 0.836 0.28400000000000025 0.328 0.013132170775536451
0 0.6719999999999982 0.28400000000000025 0.18749999727403702 0.013132170775536451
1 0.933 0.6660000000000003 0.134 0.013132170775536451
0 0.8659999999999982 0.6660000000000003 0.18749999727403702 0.013132170775536451
1 0.17400503852470683 0.17 0.34801007704941367 0.011673040689365734
1 0.82 0.3620000000000002 0.36 0.010213910603195018
0 0.64 0.3620000000000002 0.16666666424358845 0.010213910603195018
1 0.05803376172681419 0.5060000000000002 0.11606752345362838 0.010213910603195018
1 0.841 0.6220000000000002 0.318 0.010213910603195018
0 0.6819999999999982 0.6220000000000002 0.10416666515224278 0.010213910603195018
1 0.11150311562058414 0.7900000000000003 0.22300623124116828 0.010213910603195018
1 0.8246159025876423 0.964 0.24123180517528453 0.0087547805170243
0 0.704 0.964 0.08333333212179422 0.0087547805170243