1 0.936 0.334 0.128 0.029182601723412516
0 0.8630833343934301 0.334 0.2738333312131399 0.029182601723412516
1 0.855 0.944 0.29 0.02480521146490355
0 0.710000000000001 0.944 0.18749999727403882 0.02480521146490355
1 0.1542698683859635 0.25 0.308539736771927 0.023346081378724192
0 0.02749999909134658 0.25 0.05499999818269316 0.023346081378724192
1 0.8972926744853575 0.6319999999999927 0.17858534897071512 0.021886951292559388
0 0.8080000000000009 0.6319999999999927 0.2083333303044874 0.021886951292559388
1 0.44644115897583925 0.23200000000000728 0.4048823179516785 0.017509561034050422
0 0.2440000000000009 0.23200000000000728 0.2083333303044874 0.017509561034050422
1 0.985 0.5560000000000073 0.03 0.017509561034050422
0 0.9485416671967151 0.5560000000000073 0.10291666560656995 0.017509561034050422
1 0.8105212753496444 0.28 0.35304255069928875 0.014591300861706258
0 0.6340000000000009 0.28 0.2083333303044874 0.014591300861706258
0 0.9587500004543271 0.48 0.08249999909134567 0.014591300861706258
0 0.9703333339391029 0.03800000000000728 0.05933333212179423 0.013132170775541454
1 0.39390922694489383 0.02 0.25581845388978763 0.010213910603197292
0 0.266 0.02 0.10416666515224278 0.010213910603197292