1 0.828 0.088 0.344 0.023346081378731467
0 0.656 0.088 0.062499999091345675 0.023346081378731467
1 0.828 0.794 0.344 0.021886951292559388
0 0.6560000000000009 0.794 0.16666666424359028 0.021886951292559388
1 0.07984999566263468 0.5720000000000018 0.15969999132526935 0.020427821206390945
1 0.4856584843124219 0.6859999999999982 0.2673169686248439 0.017509561034046783
0 0.352 0.6859999999999982 0.10416666515224278 0.017509561034046783
1 0.08855856009590116 0.9820000000000019 0.1771171201918023 0.011673040689365734
1 0.25954397651448835 0.4519999999999982 0.5190879530289767 0.010213910603193653
0 0.017458332803285886 0.4519999999999982 0.03491666560657177 0.010213910603193653
1 0.7952839046115523 0.6479999999999981 0.27856780922310465 0.010213910603193653
0 0.656 0.6479999999999981 0.062499999091345675 0.010213910603193653
1 0.06968035722440345 0.8539999999999982 0.1393607144488069 0.010213910603193653