1 0.541025517621304 0.8839999999999991 0.4820510352426081 0.051069553015973726
0 0.3 0.8839999999999991 0.020833333030448556 0.051069553015973726
1 0.5502777437069799 0.8480000000000009 0.19655548741395978 0.04085564241278007
0 0.452 0.8480000000000009 0.062499999091345675 0.04085564241278007
1 0.97 0.5 0.06 0.03793738224043773
0 0.9179166674238781 0.5 0.1641666651522437 0.03793738224043773
1 0.97 0.338 0.06 0.0350191220680972
0 0.9283333339391024 0.338 0.14333333212179514 0.0350191220680972
1 0.85 0.334 0.3 0.0306417318095846
0 0.7 0.334 0.2499999963653845 0.0306417318095846
1 0.5604571240927053 0.8560000000000009 0.19691424818541053 0.021886951292561206
0 0.462 0.8560000000000009 0.062499999091345675 0.021886951292561206
1 0.899 0.7159999999999991 0.202 0.020427821206389127
0 0.7980000000000005 0.7159999999999991 0.14583333121314082 0.020427821206389127
0 0.9771250006814903 0.2440000000000009 0.045749998637019416 0.0175095610340486
1 0.12781182109133532 0.804 0.25562364218267064 0.014591300861706258
0 0.008624999772836418 0.804 0.017249999545672835 0.014591300861706258
1 0.4555602231191242 0.6039999999999991 0.2911204462382484 0.013132170775535997
0 0.31000000000000044 0.6039999999999991 0.12499999818269225 0.013132170775535997
1 0.7812668392834812 0.876 0.20653367856696242 0.011673040689365734
0 0.678 0.876 0.062499999091345675 0.011673040689365734
1 0.5941486886682951 0.9994465223492016 0.4802973773365902 0.0011069553015968267
0 0.3540000000000005 0.9994465223492016 0.08333333212179514 0.0011069553015968267
1 0.516995837729065 0.666 0.19799167545812998 0.007295650430853129
0 0.418 0.666 0.062499999091345675 0.007295650430853129
1 0.7925722081074187 0.8420000000000009 0.20514441621483728 0.005836520344682867
0 0.6900000000000005 0.8420000000000009 0.08333333212179514 0.005836520344682867