1 0.32585303407677746 0.006295650430853129 0.6517060681535549 0.012591300861706258
1 0.19134990712108357 0.014 0.38269981424216715 0.023346081378731467
1 0.8128241195966357 0.172 0.32964823919327135 0.023346081378731467
0 0.6480000000000009 0.172 0.16666666424359028 0.023346081378731467
1 0.025641699486968265 0.6120000000000018 0.05128339897393653 0.013132170775537815
1 0.5399009150890606 0.6220000000000018 0.32380183017812125 0.013132170775537815
0 0.378 0.6220000000000018 0.062499999091345675 0.013132170775537815
1 0.13889514708696787 0.08600000000000182 0.27779029417393575 0.011673040689365734
1 0.765 0.4660000000000018 0.47 0.011673040689365734
0 0.53 0.4660000000000018 0.020833333030448556 0.011673040689365734
1 0.89 0.608 0.22 0.007295650430853129
0 0.78 0.608 0.10416666515224278 0.007295650430853129
1 0.7780913988984385 0.488 0.17218279779687692 0.005836520344681048
0 0.692 0.488 0.062499999091345675 0.005836520344681048