1 0.35986566903122186 0.086 0.7197313380624437 0.030641731809591875
1 0.46046792608277975 0.7239999999999928 0.5289358521655595 0.026264341551068354
0 0.196 0.7239999999999928 0.20833333030448556 0.026264341551068354
1 0.7283013655764735 0.544 0.36860273115294695 0.02480521146490355
0 0.5439999999999982 0.544 0.27083332939583127 0.02480521146490355
1 0.5034444602285294 0.428 0.6988889204570587 0.023346081378724192
0 0.154 0.428 0.20833333030448556 0.023346081378724192
1 0.7099724974997771 0.958 0.1799449949995542 0.018968691120215226
0 0.62 0.958 0.08333333212179422 0.018968691120215226
1 0.8201906857408576 0.8080000000000073 0.18438137148171518 0.017509561034050422
0 0.728 0.8080000000000073 0.12499999818269135 0.017509561034050422
1 0.6118239793700595 0.8580000000000073 0.527647958740119 0.017509561034050422
0 0.3479999999999982 0.8580000000000073 0.22916666333493413 0.017509561034050422
1 0.22410939206425792 0.768 0.44821878412851585 0.014591300861706258
1 0.23028135534101601 0.772 0.46056271068203203 0.014591300861706258
0 0.010458332803284065 0.772 0.02091666560656813 0.014591300861706258
1 0.20433510349009884 0.5040000000000073 0.4086702069801977 0.013132170775541454
1 0.29277334797411825 0.7400000000000073 0.5175466959482364 0.013132170775541454
0 0.05866666606089711 0.7400000000000073 0.11733333212179423 0.013132170775541454
1 0.3635535102750746 0.9840000000000073 0.7271070205501492 0.013132170775541454
1 0.3503375849561435 0.416 0.17667516991228693 0.008754780517017934
0 0.2619999999999982 0.416 0.062499999091345675 0.008754780517017934
1 0.3806577239374383 0.682 0.6933154478748765 0.008754780517017934
0 0.048249999545672835 0.682 0.09649999909134567 0.008754780517017934
1 0.16922790955864367 0.762 0.33845581911728734 0.008754780517017934
1 0.15428269362437821 0.772 0.30856538724875643 0.008754780517017934
1 0.5582296098770203 0.698 0.18045921975404053 0.005836520344688324
0 0.468 0.698 0.08333333212179422 0.005836520344688324