1 0.6882000119068146 0.5460000000000002 0.19640002381362912 0.020427821206389807
0 0.59 0.5460000000000002 0.16666666424358936 0.020427821206389807
1 0.919 0.8060000000000002 0.162 0.020427821206389807
0 0.8379999999999997 0.8060000000000002 0.10416666515224324 0.020427821206389807
1 0.7612671405445744 0.994622609741488 0.21453428108914888 0.010754780517024073
0 0.654 0.994622609741488 0.16666666424358936 0.010754780517024073
1 0.8343265576813269 0.9299999999999999 0.2726531153626538 0.01605043094787766
0 0.6979999999999997 0.9299999999999999 0.2291666633349355 0.01605043094787766
1 0.693584114457102 0.8799999999999999 0.20716822891420406 0.013132170775536224
0 0.59 0.8799999999999999 0.12499999818269225 0.013132170775536224
1 0.6074430637103799 0.7499999999999999 0.09888612742075975 0.008754780517024073
0 0.558 0.7499999999999999 0.12499999818269225 0.008754780517024073