1 0.73 0.3240000000000009 0.54 0.0787930246532178
0 0.4599999999999995 0.3240000000000009 0.7499999890961526 0.0787930246532178
1 0.789 0.2099999999999991 0.422 0.043773902585120594
0 0.5780000000000004 0.2099999999999991 0.14583333121314082 0.043773902585120594
1 0.849 0.5020000000000009 0.302 0.03647825215426746
0 0.698 0.5020000000000009 0.3124999954567302 0.03647825215426746
1 0.892 0.04800000000000091 0.216 0.03355999198192694
0 0.7840000000000005 0.04800000000000091 0.12499999818269225 0.03355999198192694
1 0.909 0.0640000000000009 0.182 0.03355999198192694
0 0.8180000000000005 0.0640000000000009 0.12499999818269225 0.03355999198192694
1 0.42617591521011355 0.6580000000000009 0.3443518304202271 0.03355999198192694
0 0.25400000000000045 0.6580000000000009 0.12499999818269225 0.03355999198192694
1 0.827 0.032 0.346 0.0306417318095846
0 0.654 0.032 0.2499999963653845 0.0306417318095846
0 0.9060833343934296 0.81 0.1878333312131408 0.0306417318095846
1 0.018129794945909907 0.6420000000000009 0.036259589891819814 0.029182601723414338
0 0.031708332348958264 0.6420000000000009 0.06341666469791653 0.029182601723414338
0 0.9386666678782053 0.15 0.12266666424358937 0.023346081378731467
1 0.849 0.46 0.302 0.023346081378731467
0 0.6979999999999995 0.46 0.20833333030448647 0.023346081378731467
1 0.026372847303837717 0.6640000000000009 0.052745694607675433 0.0175095610340486
1 0.8416977688116895 0.37 0.24339553762337893 0.01605043094787834
0 0.7200000000000004 0.37 0.08333333212179514 0.01605043094787834
1 0.25727048594923874 0.18 0.22254097189847744 0.014591300861706258
0 0.146 0.18 0.062499999091345675 0.014591300861706258
1 0.925 0.728 0.15 0.014591300861706258
0 0.85 0.728 0.062499999091345675 0.014591300861706258
1 0.40121014585633386 0.03799999999999909 0.3384202917126677 0.013132170775535997
0 0.23200000000000046 0.03799999999999909 0.14583333121314082 0.013132170775535997
1 0.881 0.4039999999999991 0.238 0.013132170775535997
0 0.7620000000000005 0.4039999999999991 0.12499999818269225 0.013132170775535997
1 0.936 0.8359999999999991 0.128 0.013132170775535997
0 0.872 0.8359999999999991 0.04166666606089711 0.013132170775535997
1 0.93 0.444 0.14 0.011673040689365734
0 0.86 0.444 0.062499999091345675 0.011673040689365734
1 0.8035840427407865 0.802 0.12316808548157314 0.011673040689365734
0 0.7420000000000004 0.802 0.12499999818269225 0.011673040689365734
1 0.757 0.2420000000000009 0.486 0.010213910603195472
0 0.5140000000000005 0.2420000000000009 0.1041666651522437 0.010213910603195472
1 0.773 0.5859999999999991 0.454 0.008754780517023391
0 0.5460000000000005 0.5859999999999991 0.1041666651522437 0.008754780517023391
1 0.7557863549001026 0.15 0.3555727098002053 0.007295650430853129
0 0.5780000000000004 0.15 0.12499999818269225 0.007295650430853129
1 0.35448396730298964 0.1460000000000009 0.22496793460597928 0.005836520344682867
0 0.242 0.1460000000000009 0.062499999091345675 0.005836520344682867