0 0.9134583346205927 0.8339999999999964 0.17308333075881455 0.045233032671290856
1 0.861 0.038000000000003635 0.278 0.04085564241278189
0 0.722 0.038000000000003635 0.4374999936394233 0.04085564241278189
1 0.11889278209149598 0.734 0.23778556418299196 0.03210086189575668
0 0.0230833325761223 0.734 0.0461666651522446 0.03210086189575668
1 0.11799710690431767 0.014660432952394331 0.23599421380863533 0.029320865904788662
0 0.9562916676510422 0.44199999999999634 0.08741666469791562 0.0306417318095846
1 0.03794532391860957 0.384 0.07589064783721915 0.029182601723412516
1 0.07417231828858895 0.38799999999999635 0.1483446365771779 0.027723471637240437
1 0.7404853814905382 0.8080000000000036 0.3169707629810764 0.01605043094787834
0 0.582 0.8080000000000036 0.12499999818269135 0.01605043094787834
1 0.736 0.968 0.528 0.014591300861706258
0 0.472 0.968 0.12499999818269135 0.014591300861706258
1 0.606 0.45799999999999635 0.788 0.013132170775534177
0 0.212 0.45799999999999635 0.10416666515224278 0.013132170775534177