1 0.3035927555129347 0.686 0.26718551102586935 0.029182601723412516
0 0.1699999999999991 0.686 0.3124999954567302 0.029182601723412516
1 0.529969222356759 0.432 0.395938444713518 0.02480521146490355
0 0.3320000000000009 0.432 0.18749999727403882 0.02480521146490355
1 0.91 0.596 0.18 0.020427821206394584
0 0.820000000000001 0.596 0.27083332939583304 0.020427821206394584
1 0.948 0.052 0.104 0.018968691120215226
0 0.896 0.052 0.10416666515224278 0.018968691120215226
1 0.2543790352254473 0.106 0.3207580704508946 0.018968691120215226
0 0.094 0.106 0.12499999818269135 0.018968691120215226
1 0.7337927429241891 0.5120000000000072 0.34758548584837806 0.013132170775541454
0 0.5600000000000009 0.5120000000000072 0.16666666424359028 0.013132170775541454
1 0.948 0.9960817398276558 0.104 0.007836520344688324
0 0.896 0.9960817398276558 0.12499999818269135 0.007836520344688324
1 0.11278409363581886 0.494 0.22556818727163772 0.010213910603197292
0 0.024249999545672835 0.494 0.04849999909134567 0.010213910603197292