1 0.82 0.484 0.36 0.026264341551071994
0 0.64 0.484 0.12499999818269135 0.026264341551071994
1 0.5993533110577136 0.4399999999999991 0.4827066221154273 0.024805211464901732
0 0.358 0.4399999999999991 0.10416666515224278 0.024805211464901732
0 0.9727500004543271 0.21599999999999908 0.054499999091345674 0.013132170775535997
1 0.6161858507191172 0.5919999999999991 0.2803717014382346 0.013132170775535997
0 0.476 0.5919999999999991 0.10416666515224278 0.013132170775535997
1 0.8129889066908845 0.16400000000000092 0.23797781338176902 0.010213910603195472
0 0.694 0.16400000000000092 0.04166666606089711 0.010213910603195472
1 0.5811079327356355 0.9300000000000009 0.16621586547127118 0.010213910603195472
0 0.498 0.9300000000000009 0.062499999091345675 0.010213910603195472
1 0.6372090181761769 0.12400000000000092 0.27841803635235374 0.005836520344682867
0 0.498 0.12400000000000092 0.08333333212179422 0.005836520344682867