1 0.815 0.148 0.37 0.05982433353300439
0 0.6300000000000004 0.148 0.3958333275785253 0.05982433353300439
1 0.47663064139464406 0.9787734816598386 0.38526128278928806 0.04245303668032284
0 0.284 0.9787734816598386 0.27083332939583304 0.04245303668032284
1 0.1883057083248932 0.528 0.3766114166497864 0.043773902585118776
1 0.18844661454372272 0.676 0.37689322908744544 0.043773902585118776
1 0.19015835543804452 0.036000000000007276 0.38031671087608904 0.03210086189575668
1 0.3174785608570246 0.2620000000000073 0.6349571217140492 0.03210086189575668
1 0.842 0.224 0.316 0.030641731809591875
0 0.684 0.224 0.2499999963653845 0.030641731809591875
1 0.615 0.548 0.77 0.030641731809591875
0 0.23 0.548 0.3124999954567302 0.030641731809591875
1 0.3822469830034929 0.854 0.13249396600698582 0.029182601723412516
0 0.31599999999999956 0.854 0.18749999727403793 0.029182601723412516
1 0.16866886344878504 0.962 0.3373377268975701 0.029182601723412516
1 0.18718675869092521 0.17799999999999272 0.37437351738185043 0.026264341551068354
0 0.019333332121794684 0.17799999999999272 0.03866666424358937 0.026264341551068354
0 0.9046666678782053 0.8359999999999927 0.19066666424358936 0.026264341551068354
1 0.761 0.888 0.478 0.02480521146490355
0 0.5219999999999996 0.888 0.18749999727403793 0.02480521146490355
1 0.6634279765813385 0.514 0.542855953162677 0.023346081378724192
0 0.392 0.514 0.27083332939583304 0.023346081378724192
1 0.08313231777224474 0.38199999999999273 0.16626463554448948 0.021886951292559388
1 0.4363951194320821 0.126 0.26479023886416414 0.020427821206394584
0 0.304 0.126 0.2499999963653845 0.020427821206394584
1 0.1664178476025918 0.524 0.3328356952051836 0.018968691120215226
1 0.05841707569632262 0.568 0.11683415139264525 0.018968691120215226
1 0.636 0.764 0.728 0.018968691120215226
0 0.27200000000000046 0.764 0.14583333121314082 0.018968691120215226
1 0.049602490482484426 0.16400000000000728 0.09920498096496885 0.017509561034050422
1 0.5916291516516562 0.5720000000000073 0.27125830330331246 0.017509561034050422
0 0.45600000000000046 0.5720000000000073 0.08333333212179514 0.017509561034050422
1 0.09608164049260358 0.7480000000000073 0.19216328098520716 0.017509561034050422
1 0.5317228077534851 0.20399999999999271 0.7794456155069702 0.016050430947871064
0 0.14199999999999954 0.20399999999999271 0.16666666424358936 0.016050430947871064
1 0.5609437268379238 0.3679999999999927 0.2738874536758476 0.016050430947871064
0 0.42399999999999954 0.3679999999999927 0.20833333030448647 0.016050430947871064
1 0.8096798817155436 0.4119999999999927 0.14335976343108722 0.016050430947871064
0 0.7380000000000004 0.4119999999999927 0.1041666651522437 0.016050430947871064
1 0.913 0.362 0.174 0.014591300861706258
0 0.8259999999999995 0.362 0.16666666424358936 0.014591300861706258
1 0.5584170918142854 0.686 0.2688341836285708 0.014591300861706258
0 0.42400000000000043 0.686 0.14583333121314082 0.014591300861706258
1 0.6220711474965055 0.704 0.1361422949930111 0.014591300861706258
0 0.5539999999999995 0.704 0.20833333030448647 0.014591300861706258
1 0.29526221831714244 0.43400000000000727 0.39452443663428494 0.013132170775541454
0 0.09800000000000045 0.43400000000000727 0.14583333121314082 0.013132170775541454
1 0.29636313105511997 0.48400000000000726 0.13272626211024 0.013132170775541454
0 0.23 0.48400000000000726 0.062499999091345675 0.013132170775541454
0 0.968541667196715 0.9460000000000073 0.06291666560656994 0.013132170775541454
1 0.23644430103955075 0.9520000000000073 0.25288860207910147 0.013132170775541454
0 0.11000000000000046 0.9520000000000073 0.1041666651522437 0.013132170775541454
0 0.9903333339391024 0.13399999999999274 0.019333332121795138 0.011673040689362096
1 0.12476653436046353 0.708 0.24953306872092706 0.010213910603197292
1 0.04845001218344441 0.068 0.09690002436688883 0.008754780517017934
1 0.978 0.658 0.044 0.008754780517017934
0 0.956 0.658 0.062499999091345675 0.008754780517017934
1 0.945 0.7599999999999927 0.11 0.007295650430853129