1 0.602069937893075 0.626 0.4561398757861498 0.02480521146490355
0 0.37399999999999817 0.626 0.020833333030448556 0.02480521146490355
1 0.24062895551219116 0.0017421727800538064 0.4812579110243823 0.003484345560107613
1 0.19890499279763027 0.4640000000000073 0.39780998559526054 0.017509561034050422
1 0.37706157162427734 0.5920000000000073 0.7541231432485547 0.017509561034050422
1 0.10385719313549635 0.8480000000000073 0.2077143862709927 0.017509561034050422
1 0.7772931493032338 0.08999999999999272 0.1785862986064676 0.016050430947871064
0 0.6879999999999982 0.08999999999999272 0.062499999091345675 0.016050430947871064
1 0.01778469691580176 0.6159999999999928 0.03556939383160352 0.016050430947871064
1 0.86 0.6579999999999927 0.28 0.016050430947871064
0 0.72 0.6579999999999927 0.16666666424358845 0.016050430947871064
1 0.833 0.3160000000000073 0.334 0.013132170775541454
0 0.666 0.3160000000000073 0.12499999818269135 0.013132170775541454
0 0.9917500004543272 0.004918260172336886 0.016499999091345672 0.009836520344673772
1 0.4828782689821619 0.019999999999992725 0.1737565379643238 0.011673040689362096
0 0.3959999999999982 0.019999999999992725 0.1458333312131399 0.011673040689362096
1 0.757 0.336 0.486 0.005836520344688324
0 0.5139999999999982 0.336 0.062499999091345675 0.005836520344688324