1 0.36830653136510955 0.5959999999999982 0.7366130627302191 0.04815129284363138
0 0.12641666469791654 0.5959999999999982 0.2528333293958331 0.04815129284363138
1 0.391233473378757 0.24000000000000182 0.34246694675751405 0.0350191220680972
0 0.21999999999999956 0.24000000000000182 0.16666666424358936 0.0350191220680972
1 0.7531322883395892 0.04 0.3702645766791784 0.03210086189575668
0 0.568 0.04 0.062499999091345675 0.03210086189575668
1 0.963 0.4619999999999982 0.074 0.026264341551071994
0 0.9057083341662661 0.4619999999999982 0.18858333166746796 0.026264341551071994
1 0.2044799111542775 0.662 0.408959822308555 0.014591300861706258
1 0.7542676331988518 0.18799999999999817 0.2445352663977037 0.010213910603193653
0 0.6320000000000005 0.18799999999999817 0.1041666651522437 0.010213910603193653
1 0.09282187792875357 0.494 0.18564375585750714 0.008754780517025211