1 0.6699525076721884 0.93 0.5399050153443768 0.045233032671298135
0 0.4000000000000009 0.93 0.2499999963653845 0.045233032671298135
1 0.836 0.9776917418321754 0.328 0.044616516335649066
0 0.6720000000000009 0.9776917418321754 0.16666666424359028 0.044616516335649066
1 0.928 0.21999999999999273 0.144 0.036478252154265645
0 0.8560000000000009 0.21999999999999273 0.22916666333493596 0.036478252154265645
1 0.933 0.39 0.134 0.029182601723412516
0 0.866 0.39 0.10416666515224278 0.029182601723412516
1 0.2244465193442502 0.564 0.2328930386885004 0.023346081378724192
0 0.11129166583373444 0.564 0.22258333166746888 0.023346081378724192
1 0.7791022631556825 0.1379999999999927 0.366204526311365 0.021886951292559388
0 0.5960000000000009 0.1379999999999927 0.1458333312131417 0.021886951292559388
1 0.863 0.768 0.274 0.020427821206394584
0 0.7260000000000009 0.768 0.2499999963653845 0.020427821206394584
0 0.9357083341662664 0.37000000000000727 0.12858333166746708 0.017509561034050422
1 0.11202983876436792 0.9419999999999927 0.22405967752873585 0.016050430947871064
1 0.19112244117040336 0.138 0.2542448823408067 0.014591300861706258
0 0.064 0.138 0.10416666515224278 0.014591300861706258
1 0.7645045941889038 0.646 0.27300918837780774 0.014591300861706258
0 0.628 0.646 0.12499999818269135 0.014591300861706258
1 0.14765613073384884 0.4839999999999927 0.23131226146769768 0.011673040689362096
0 0.047249999545672834 0.4839999999999927 0.09449999909134567 0.011673040689362096
1 0.6257707756224591 0.8839999999999927 0.25554155124491806 0.011673040689362096
0 0.498 0.8839999999999927 0.10416666515224278 0.011673040689362096
1 0.8095449730824957 0.936 0.3190899461649915 0.010213910603197292
0 0.65 0.936 0.04166666606089711 0.010213910603197292
1 0.852 0.958 0.296 0.010213910603197292
0 0.704000000000001 0.958 0.1458333312131417 0.010213910603197292
1 0.7954372158642172 0.518 0.2268744317284345 0.008754780517017934
0 0.682 0.518 0.12499999818269135 0.008754780517017934
1 0.653797829803334 0.9099999999999927 0.39959565960666804 0.007295650430853129
0 0.454 0.9099999999999927 0.08333333212179422 0.007295650430853129
1 0.966 0.6840000000000073 0.068 0.002918260172344162
1 0.8319069464376089 0.7420000000000073 0.16781389287521778 0.002918260172344162