1 0.38736331387445355 0.9000000000000037 0.6307266277489071 0.04085564241278189
0 0.14537499840985582 0.9000000000000037 0.29074999681971164 0.04085564241278189
0 0.9792500013629815 0.088 0.04149999727403701 0.03939651232660981
1 0.24942099422459252 0.4800000000000018 0.398841988449185 0.027723471637244073
0 0.051041666288059784 0.4800000000000018 0.10208333257611957 0.027723471637244073
1 0.3996180672719456 0.01399999999999818 0.6552361345438913 0.017509561034046783
0 0.07766666606089712 0.01399999999999818 0.15533333212179423 0.017509561034046783
1 0.975 0.29999999999999816 0.05 0.017509561034046783
0 0.9499999999999982 0.29999999999999816 0.062499999091345675 0.017509561034046783
0 0.9829166674238786 0.622 0.03416666515224279 0.01605043094787834
1 0.605448139375083 0.032 0.674896278750166 0.014591300861706258
0 0.268 0.032 0.16666666424358845 0.014591300861706258
1 0.14101334925775155 0.6320000000000018 0.2820266985155031 0.011673040689365734
1 0.834 0.718 0.332 0.008754780517025211
0 0.668 0.718 0.08333333212179422 0.008754780517025211
1 0.6312948863081965 0.792 0.5305897726163931 0.007295650430853129
0 0.366 0.792 0.08333333212179422 0.007295650430853129
1 0.7043208066176976 0.05 0.5486416132353952 0.005836520344681048
0 0.42999999999999816 0.05 0.062499999091345675 0.005836520344681048