1 0.07978075350711333 0.2339999999999927 0.13956150701422668 0.05106955301597191
0 0.025833333030448557 0.2339999999999927 0.051666666060897114 0.05106955301597191
1 0.40236010845494047 0.5179999999999927 0.43672021690988094 0.026264341551068354
0 0.18400000000000044 0.5179999999999927 0.14583333121314082 0.026264341551068354
1 0.6559187657391817 0.59 0.3158375314783634 0.020427821206394584
0 0.498 0.59 0.2499999963653845 0.020427821206394584
1 0.906 0.044000000000007276 0.188 0.017509561034050422
0 0.8120000000000005 0.044000000000007276 0.14583333121314082 0.017509561034050422
1 0.32508849665516754 0.3940000000000073 0.2181769933103351 0.017509561034050422
0 0.21600000000000044 0.3940000000000073 0.14583333121314082 0.017509561034050422
1 0.0674453842701414 0.39399999999999274 0.1348907685402828 0.016050430947871064
1 0.966 0.43000000000000727 0.068 0.013132170775541454
0 0.932 0.43000000000000727 0.062499999091345675 0.013132170775541454
1 0.45824326671797555 0.5359999999999927 0.44048653343595107 0.011673040689362096
0 0.238 0.5359999999999927 0.062499999091345675 0.011673040689362096
1 0.7074742618076457 0.7339999999999928 0.5709485236152914 0.011673040689362096
0 0.42200000000000043 0.7339999999999928 0.12499999818269225 0.011673040689362096
1 0.6564708761236184 0.284 0.23294175224723676 0.010213910603197292
0 0.5400000000000005 0.284 0.1041666651522437 0.010213910603197292
1 0.7186908488302952 0.308 0.16138169766059035 0.008754780517017934
0 0.6380000000000005 0.308 0.1041666651522437 0.008754780517017934
1 0.938 0.31399999999999273 0.124 0.007295650430853129