1 0.33859513607681946 0.966 0.6771902721536389 0.03647825215426746
1 0.5953035381445397 0.78 0.1586070762890795 0.0175095610340486
0 0.5160000000000009 0.78 0.16666666424359028 0.0175095610340486
1 0.33750616987170723 0.042000000000000454 0.4670123397434145 0.014591300861707169
0 0.10929166583373444 0.042000000000000454 0.21858333166746888 0.014591300861707169
1 0.4584086919982265 0.14600000000000046 0.31681738399645293 0.014591300861707169
0 0.3 0.14600000000000046 0.08333333212179422 0.014591300861707169
1 0.606 0.007999999999999546 0.788 0.010213910603194563
0 0.212 0.007999999999999546 0.12499999818269135 0.010213910603194563
1 0.24690575290703146 0.19200000000000045 0.3058115058140629 0.0087547805170243
0 0.094 0.19200000000000045 0.10416666515224278 0.0087547805170243