0 0.9799166674238786 0.722 0.040166665152242785 0.03939651232660981
1 0.788 0.372 0.424 0.03210086189575668
0 0.5759999999999982 0.372 0.18749999727403702 0.03210086189575668
1 0.669 0.9739999999999963 0.662 0.027723471637240437
0 0.338 0.9739999999999963 0.16666666424358845 0.027723471637240437
1 0.848 0.496 0.304 0.02480521146490355
0 0.696 0.496 0.2499999963653827 0.02480521146490355
1 0.06353506803541405 0.5240000000000037 0.1270701360708281 0.0189686911202225
1 0.8342998608327143 0.226 0.21259972166542865 0.017509561034050422
0 0.7279999999999982 0.226 0.18749999727403702 0.017509561034050422
1 0.024786928508201526 0.774 0.04957385701640305 0.017509561034050422
1 0.11377086131643227 0.22799999999999637 0.22754172263286454 0.013132170775534177
0 0.010458332803285885 0.22799999999999637 0.02091666560657177 0.013132170775534177
1 0.647 0.356 0.706 0.010213910603197292
0 0.294 0.356 0.12499999818269135 0.010213910603197292
1 0.7593892504528285 0.7860000000000036 0.430778500905657 0.008754780517025211
0 0.5439999999999982 0.7860000000000036 0.062499999091345675 0.008754780517025211
1 0.46684775539943074 0.33399999999999636 0.30169551079886153 0.005836520344681048
0 0.316 0.33399999999999636 0.08333333212179422 0.005836520344681048
1 0.24597113989303035 0.21 0.37994227978606065 0.004377390258508967
0 0.056 0.21 0.062499999091345675 0.004377390258508967