1 0.812 0.268 0.376 0.058365203446828676
0 0.6240000000000009 0.268 0.18749999727403882 0.058365203446828676
1 0.5526443672210917 0.1 0.5052887344421834 0.023346081378731467
0 0.30000000000000093 0.1 0.18749999727403882 0.023346081378731467
1 0.3007020100957579 0.04399999999999909 0.3294040201915159 0.020427821206389127
0 0.1360000000000009 0.04399999999999909 0.2499999963653845 0.020427821206389127
1 0.13675114713652328 0.546 0.27350229427304656 0.018968691120218865
1 0.180131887360174 0.02399999999999909 0.360263774720348 0.013132170775535997
1 0.625222878990915 0.56 0.32644575798182995 0.011673040689365734
0 0.4620000000000009 0.56 0.18749999727403882 0.011673040689365734
1 0.18648978860727403 0.4720000000000009 0.37297957721454805 0.010213910603195472