1 0.791 0.97 0.418 0.036478252154265645
0 0.582 0.97 0.39583332757852624 0.036478252154265645
1 0.5549367596877018 0.06799999999999819 0.5978735193754037 0.026264341551071994
0 0.2559999999999982 0.06799999999999819 0.18749999727403702 0.026264341551071994
1 0.32833507006313994 0.36199999999999816 0.6566701401262799 0.026264341551071994
0 0.017291665833732622 0.36199999999999816 0.034583331667465245 0.026264341551071994
1 0.6001544812769752 0.38 0.46830896255395055 0.023346081378731467
0 0.366 0.38 0.12499999818269135 0.023346081378731467
1 0.742 0.7900000000000018 0.516 0.020427821206390945
0 0.48399999999999815 0.7900000000000018 0.18749999727403702 0.020427821206390945
1 0.5432453045653874 0.3219999999999982 0.3144906091307748 0.018968691120218865
0 0.3859999999999982 0.3219999999999982 0.18749999727403702 0.018968691120218865
1 0.5851294818989154 0.6979999999999982 0.3102589637978308 0.017509561034046783
0 0.43 0.6979999999999982 0.20833333030448556 0.017509561034046783
1 0.894 0.0016478252154265647 0.212 0.0032956504308531294
0 0.7879999999999981 0.0016478252154265647 0.18749999727403702 0.0032956504308531294
1 0.5789293901593592 0.992 0.44985878031871834 0.014591300861706258
0 0.3539999999999982 0.992 0.18749999727403702 0.014591300861706258
1 0.1300594192231183 0.001918260172342343 0.2601188384462366 0.003836520344684686
1 0.41957206094242794 0.09400000000000182 0.15114412188485585 0.011673040689365734
0 0.3439999999999982 0.09400000000000182 0.1458333312131399 0.011673040689365734
1 0.78 0.9100000000000018 0.44 0.011673040689365734
0 0.5599999999999982 0.9100000000000018 0.1458333312131399 0.011673040689365734
1 0.2134281981381173 0.5699999999999982 0.1508563962762346 0.010213910603193653
0 0.138 0.5699999999999982 0.04166666606089711 0.010213910603193653
1 0.964 0.978 0.072 0.008754780517025211
0 0.928 0.978 0.12499999818269135 0.008754780517025211