1 0.1649115316366424 0.5140000000000009 0.3298230632732848 0.03647825215426746
1 0.38613567547998534 0.01366043295239615 0.3122713509599707 0.0273208659047923
0 0.22999999999999818 0.01366043295239615 0.22916666333493413 0.0273208659047923
1 0.24965092160544555 0.284 0.4993018432108911 0.026264341551071994
1 0.011178696430528361 0.1659999999999991 0.022357392861056723 0.020427821206389127
1 0.40580123586951233 0.2299999999999991 0.15960247173902462 0.020427821206389127
0 0.326 0.2299999999999991 0.2499999963653827 0.020427821206389127
1 0.20627151428054458 0.9908930446984022 0.17254302856108916 0.018213910603195473
0 0.11999999999999818 0.9908930446984022 0.18749999727403702 0.018213910603195473
1 0.42385576989793483 0.358 0.4757115397958696 0.018968691120218865
0 0.186 0.358 0.2499999963653827 0.018968691120218865
1 0.5523020777786151 0.274 0.4726041555572301 0.014591300861706258
0 0.31599999999999817 0.274 0.1458333312131399 0.014591300861706258
1 0.1654798598253201 0.596 0.1749597196506402 0.014591300861706258
0 0.07799999999999818 0.596 0.1458333312131399 0.014591300861706258
1 0.10070935885583095 0.398 0.2014187177116619 0.011673040689365734
1 0.5430778026285843 0.484 0.17015560525716864 0.011673040689365734
0 0.4579999999999982 0.484 0.10416666515224278 0.011673040689365734
1 0.33518588225708845 0.784 0.6703717645141769 0.011673040689365734
0 0.01583333303044856 0.784 0.03166666606089712 0.011673040689365734
1 0.11601018543834471 0.2520000000000009 0.23202037087668942 0.010213910603195472
1 0.24515085505485695 0.42200000000000093 0.1623017101097139 0.010213910603195472
0 0.16399999999999818 0.42200000000000093 0.1458333312131399 0.010213910603195472
1 0.4904044706732857 0.6300000000000009 0.17680894134657138 0.010213910603195472
0 0.4019999999999982 0.6300000000000009 0.1458333312131399 0.010213910603195472
1 0.49420085935119096 0.1379999999999991 0.1604017187023819 0.008754780517023391
0 0.4139999999999982 0.1379999999999991 0.062499999091345675 0.008754780517023391
1 0.2701463466712266 0.692000000000001 0.5162926933424533 0.005836520344682867
0 0.02162499977283551 0.692000000000001 0.04324999954567102 0.005836520344682867
1 0.3503533038219757 0.7440000000000009 0.17670660764395144 0.005836520344682867
0 0.2619999999999982 0.7440000000000009 0.062499999091345675 0.005836520344682867