1 0.08111748466010976 0.43400000000000727 0.16223496932021952 0.027723471637247712
1 0.891 0.4919999999999927 0.218 0.026264341551068354
0 0.7820000000000009 0.4919999999999927 0.2499999963653845 0.026264341551068354
1 0.8638690600626724 0.116 0.1837381201253447 0.018968691120215226
0 0.7720000000000009 0.116 0.22916666333493596 0.018968691120215226
1 0.2849348677067746 0.7720000000000072 0.17386973541354928 0.017509561034050422
0 0.1980000000000009 0.7720000000000072 0.2083333303044874 0.017509561034050422
1 0.629749466044208 0.5559999999999927 0.21549893208841603 0.016050430947871064
0 0.5220000000000009 0.5559999999999927 0.2083333303044874 0.016050430947871064
1 0.6494320921876079 0.7979999999999927 0.1668641843752157 0.016050430947871064
0 0.566 0.7979999999999927 0.12499999818269135 0.016050430947871064
1 0.978 0.5599999999999927 0.044 0.011673040689362096
0 0.9467500004543271 0.5599999999999927 0.10649999909134567 0.011673040689362096