1 0.07382462501228201 0.642 0.14764925002456403 0.020427821206389807
1 0.93 0.648 0.14 0.01605043094787766
0 0.8599999999999998 0.648 0.10416666515224324 0.01605043094787766
1 0.876 0.106 0.248 0.01459130086170697
0 0.7519999999999998 0.106 0.10416666515224324 0.01459130086170697
1 0.865 0.41 0.27 0.014591300861706997
0 0.7299999999999998 0.41 0.10416666515224324 0.014591300861706997
1 0.2482478334553168 0.172 0.20449566691063364 0.010213910603194876
0 0.146 0.172 0.16666666424358936 0.010213910603194876
1 0.8949040809300177 0.58 0.1538081618600354 0.010213910603194903
0 0.818 0.58 0.12499999818269225 0.010213910603194903