1 0.35332163847442555 0.118 0.38664327694885103 0.045233032671298135
0 0.18416666515224278 0.118 0.36833333030448556 0.045233032671298135
1 0.7033989492040964 0.69 0.35079789840819287 0.033559991981921486
0 0.528 0.69 0.4583333266698719 0.033559991981921486
0 0.9132916676510422 0.27 0.1734166646979156 0.02480521146490355
1 0.03675176043333249 0.702 0.07350352086666498 0.02480521146490355
1 0.471825878418902 0.92 0.451651756837804 0.023346081378724192
0 0.2460000000000009 0.92 0.22916666333493596 0.023346081378724192
1 0.03477175772003193 0.2380000000000073 0.06954351544006386 0.017509561034050422
1 0.894 0.6359999999999927 0.212 0.011673040689362096
0 0.788 0.6359999999999927 0.12499999818269135 0.011673040689362096
1 0.35624107735585403 0.322 0.26448215471170805 0.010213910603197292
0 0.224 0.322 0.12499999818269135 0.010213910603197292