1 0.757 0.558 0.486 0.023346081378724192
0 0.514 0.558 0.12499999818269135 0.023346081378724192
1 0.931 0.962 0.138 0.023346081378724192
0 0.8619999999999982 0.962 0.062499999091345675 0.023346081378724192
1 0.1456613922937595 0.14799999999999272 0.291322784587519 0.021886951292559388
1 0.936 0.316 0.128 0.020427821206394584
0 0.8719999999999982 0.316 0.1458333312131399 0.020427821206394584
1 0.952 0.316 0.096 0.020427821206394584
0 0.9039999999999981 0.316 0.1458333312131399 0.020427821206394584
1 0.194414959352036 0.02 0.388829918704072 0.018968691120215226
0 0.016083332576121392 0.02 0.032166665152242785 0.018968691120215226
1 0.09636688359045001 0.16200000000000728 0.19273376718090002 0.017509561034050422
1 0.708 0.008 0.584 0.014591300861706258
0 0.4159999999999982 0.008 0.18749999727403702 0.014591300861706258
1 0.768 0.27 0.464 0.014591300861706258
0 0.536 0.27 0.12499999818269135 0.014591300861706258
1 0.952 0.422 0.096 0.014591300861706258
0 0.9039999999999981 0.422 0.062499999091345675 0.014591300861706258
1 0.925 0.664 0.15 0.014591300861706258
0 0.85 0.664 0.20833333030448556 0.014591300861706258
1 0.876 0.05600000000000727 0.248 0.013132170775541454
0 0.7519999999999982 0.05600000000000727 0.10416666515224278 0.013132170775541454
1 0.7934502246845168 0.19800000000000728 0.1669004493690336 0.013132170775541454
0 0.71 0.19800000000000728 0.12499999818269135 0.013132170775541454
1 0.7331316984809492 0.302 0.33026339696189827 0.010213910603197292
0 0.568 0.302 0.12499999818269135 0.010213910603197292
1 0.925 0.332 0.15 0.010213910603197292
0 0.85 0.332 0.08333333212179422 0.010213910603197292
1 0.887 0.334 0.226 0.010213910603197292
0 0.774 0.334 0.08333333212179422 0.010213910603197292
0 0.9641666669695514 0.8619999999999928 0.07166666606089711 0.007295650430853129