1 0.906 0.6020000000000019 0.188 0.020427821206390945
0 0.8120000000000009 0.6020000000000019 0.2083333303044874 0.020427821206390945
1 0.971 0.3579999999999982 0.058 0.018968691120218865
0 0.9397500004543272 0.3579999999999982 0.12049999909134568 0.018968691120218865
1 0.917 0.07399999999999818 0.166 0.017509561034046783
0 0.834000000000001 0.07399999999999818 0.2083333303044874 0.017509561034046783
1 0.02790700564087547 0.12399999999999818 0.05581401128175094 0.010213910603193653
1 0.6880036747440863 0.25399999999999817 0.35600734948817264 0.010213910603193653
0 0.51 0.25399999999999817 0.062499999091345675 0.010213910603193653
1 0.028856721667238162 0.4759999999999982 0.057713443334476325 0.010213910603193653
1 0.5490318747094971 0.8 0.16606374941899413 0.008754780517025211
0 0.466 0.8 0.10416666515224278 0.008754780517025211
1 0.11471796300876667 0.702 0.22943592601753335 0.007295650430853129