1 0.6803561346411252 0.604 0.4607122692822504 0.026264341551071994
0 0.45 0.604 0.020833333030448556 0.026264341551071994
1 0.92 0.1639999999999991 0.16 0.020427821206389127
0 0.8400000000000009 0.1639999999999991 0.18749999727403882 0.020427821206389127
1 0.06444221013556671 0.1660000000000009 0.12888442027113342 0.0175095610340486
1 0.8519109672648647 0.5600000000000009 0.2838219345297293 0.0175095610340486
0 0.710000000000001 0.5600000000000009 0.1458333312131417 0.0175095610340486
1 0.969 0.462 0.062 0.01605043094787834
0 0.932541667196715 0.462 0.13491666560656995 0.01605043094787834
1 0.801 0.954 0.398 0.01605043094787834
0 0.6020000000000009 0.954 0.1458333312131417 0.01605043094787834
1 0.06574077568509074 0.714 0.13148155137018147 0.014591300861706258
1 0.2883239007250368 0.902 0.5006478014500735 0.014591300861706258
0 0.03983333303044856 0.902 0.07966666606089712 0.014591300861706258
1 0.985 0.302 0.03 0.011673040689365734
0 0.9641666669695514 0.302 0.07166666606089711 0.011673040689365734
1 0.41002654264239663 0.4139999999999991 0.24805308528479328 0.008754780517023391
0 0.286 0.4139999999999991 0.08333333212179422 0.008754780517023391
1 0.7767700669182787 0.8159999999999991 0.37354013383655726 0.008754780517023391
0 0.59 0.8159999999999991 0.08333333212179422 0.008754780517023391
1 0.6980798519287263 0.8579999999999991 0.3681597038574528 0.008754780517023391
0 0.514 0.8579999999999991 0.10416666515224278 0.008754780517023391
0 0.9751666669695515 0.929999999999999 0.04966666606089711 0.008754780517023391
1 0.898 0.254 0.204 0.002918260172340524