1 0.40578221288834493 0.826 0.04356442577668986 0.05690607336066023
0 0.38400000000000023 0.826 0.062499999091346126 0.05690607336066023
1 0.6267843524289903 0.454 0.22556870485798072 0.029182601723412516
0 0.514 0.454 0.12499999818269225 0.029182601723412516
1 0.6810999546475012 0.324 0.31419990929500224 0.02480521146490355
0 0.524 0.324 0.2499999963653845 0.02480521146490355
1 0.20696010362646552 0.43599999999999633 0.36192020725293106 0.020427821206387305
0 0.04424999954567306 0.43599999999999633 0.08849999909134612 0.020427821206387305
1 0.2985197126331043 0.884 0.24103942526620858 0.014591300861706258
0 0.178 0.884 0.14583333121314082 0.014591300861706258
1 0.887 0.256 0.226 0.010213910603197292
0 0.774 0.256 0.14583333121314082 0.010213910603197292
1 0.3289970965023458 0.7180000000000036 0.23799419300469163 0.008754780517025211
0 0.20999999999999977 0.7180000000000036 0.08333333212179468 0.008754780517025211