1 0.5420321914439946 0.384 0.5920643828879892 0.0496104229298071
0 0.246 0.384 0.062499999091345675 0.0496104229298071
1 0.0462192118455323 0.492 0.0924384236910646 0.035019122068100844
0 0.91808333439343 0.148 0.1638333312131399 0.029182601723412516
1 0.4047699590882203 0.372 0.29753991817644054 0.023346081378724192
0 0.256 0.372 0.10416666515224278 0.023346081378724192
1 0.568 0.4279999999999927 0.864 0.021886951292559388
0 0.1360000000000009 0.4279999999999927 0.27083332939583304 0.021886951292559388
1 0.6589940424183988 0.3420000000000073 0.1539880848367975 0.017509561034050422
0 0.582 0.3420000000000073 0.08333333212179422 0.017509561034050422
1 0.19962751125426256 0.348 0.14725502250852515 0.004377390258508967