1 0.1712562405291933 0.09800000000000728 0.3425124810583866 0.05252868310215126
1 0.6056283455039102 0.68 0.12325669100782034 0.0496104229298071
0 0.5440000000000005 0.68 0.1041666651522437 0.0496104229298071
1 0.11561770767894222 0.712 0.23123541535788444 0.043773902585118776
1 0.5802347655239728 0.9865156544398924 0.5724695310479455 0.026968691120215226
0 0.294 0.9865156544398924 0.3124999954567302 0.026968691120215226
0 0.9328333348477568 0.268 0.1343333303044865 0.033559991981921486
1 0.75 0.2360000000000073 0.5 0.03210086189575668
0 0.5 0.2360000000000073 0.2499999963653845 0.03210086189575668
1 0.88 0.728 0.24 0.030641731809591875
0 0.76 0.728 0.35416666151762727 0.030641731809591875
1 0.2863070293445212 0.06400000000000727 0.2886140586890424 0.027723471637247712
0 0.14199999999999954 0.06400000000000727 0.20833333030448647 0.027723471637247712
1 0.170013650648591 0.11799999999999272 0.272027301297182 0.026264341551068354
0 0.04304166628806115 0.11799999999999272 0.0860833325761223 0.026264341551068354
1 0.13244451181318437 0.518 0.24088902362636871 0.02480521146490355
0 0.04766666606089712 0.518 0.09533333212179423 0.02480521146490355
1 0.08539674489812524 0.502 0.17079348979625047 0.023346081378724192
1 0.820644784624712 0.7839999999999927 0.24928956924942394 0.021886951292559388
0 0.6960000000000005 0.7839999999999927 0.14583333121314082 0.021886951292559388
1 0.7526295195387906 0.822 0.2452590390775813 0.020427821206394584
0 0.6300000000000004 0.822 0.08333333212179514 0.020427821206394584
1 0.7408044919525609 0.614 0.501608983905122 0.018968691120215226
0 0.49000000000000044 0.614 0.12499999818269225 0.018968691120215226
1 0.5349369594807981 0.12800000000000727 0.28587391896159625 0.017509561034050422
0 0.39199999999999957 0.12800000000000727 0.16666666424358936 0.017509561034050422
1 0.2896787985289907 0.3340000000000073 0.40335759705798135 0.017509561034050422
0 0.08800000000000045 0.3340000000000073 0.14583333121314082 0.017509561034050422
1 0.48597995701010904 0.43000000000000727 0.7519599140202181 0.017509561034050422
0 0.11229166583373398 0.43000000000000727 0.22458333166746797 0.017509561034050422
1 0.728 0.39199999999999274 0.544 0.016050430947871064
0 0.45600000000000046 0.39199999999999274 0.12499999818269225 0.016050430947871064
1 0.864 0.3820000000000073 0.272 0.013132170775541454
0 0.7279999999999995 0.3820000000000073 0.18749999727403793 0.013132170775541454
1 0.21801931850351458 0.8600000000000073 0.43603863700702916 0.013132170775541454
0 0.03166666606089712 0.8600000000000073 0.06333333212179423 0.013132170775541454
1 0.961 0.3499999999999927 0.078 0.011673040689362096
0 0.9220000000000005 0.3499999999999927 0.12499999818269225 0.011673040689362096
1 0.041773974533802175 0.578 0.08354794906760435 0.010213910603197292
0 0.9619583337119393 0.4159999999999927 0.07608333257612139 0.007295650430853129
1 0.5397226988151215 0.45199999999999274 0.511445397630243 0.007295650430853129
0 0.2840000000000005 0.45199999999999274 0.08333333212179514 0.007295650430853129
1 0.799 0.05 0.402 0.005836520344688324
0 0.598 0.05 0.04166666606089711 0.005836520344688324