1 0.5781541058771127 0.012119563038566412 0.17230821175422534 0.024239126077132824
0 0.492 0.012119563038566412 0.20833333030448556 0.024239126077132824
1 0.09672320519110145 0.97 0.1934464103822029 0.036478252154265645
0 0.9002916676510413 0.9876100020045178 0.19941666469791744 0.02477999599096438
1 0.293866962341941 0.5440000000000018 0.16773392468388193 0.027723471637244073
0 0.2099999999999982 0.5440000000000018 0.18749999727403702 0.027723471637244073
1 0.708 0.768 0.584 0.02480521146490355
0 0.4159999999999982 0.768 0.1458333312131399 0.02480521146490355
0 0.9811250006814899 0.014 0.037749998637020325 0.021886951292559388
1 0.5952013170644804 0.168 0.5104026341289609 0.021886951292559388
0 0.3399999999999982 0.168 0.18749999727403702 0.021886951292559388
1 0.37614482590154513 0.906 0.3322896518030902 0.021886951292559388
0 0.2099999999999982 0.906 0.1458333312131399 0.021886951292559388
1 0.05121294400975057 0.7900000000000018 0.10242588801950114 0.020427821206390945
1 0.8313637492337784 0.7359999999999982 0.17872749846755687 0.017509561034046783
0 0.7419999999999982 0.7359999999999982 0.1458333312131399 0.017509561034046783
1 0.7440683688777444 0.178 0.17613673775548885 0.01605043094787834
0 0.6559999999999981 0.178 0.18749999727403702 0.01605043094787834
1 0.85530741614615 0.562 0.18261483229229997 0.01605043094787834
0 0.764 0.562 0.20833333030448556 0.01605043094787834
1 0.4673134127465182 0.096 0.33862682549303647 0.014591300861706258
0 0.298 0.096 0.12499999818269135 0.014591300861706258
0 0.9859583337119384 0.4560000000000018 0.02808333257612321 0.013132170775537815
1 0.952 0.7120000000000019 0.096 0.013132170775537815
0 0.904 0.7120000000000019 0.12499999818269135 0.013132170775537815
1 0.4250731338093738 0.20800000000000182 0.17014626761874752 0.011673040689365734
0 0.3399999999999982 0.20800000000000182 0.062499999091345675 0.011673040689365734
0 0.9799583337119384 0.6360000000000018 0.04008333257612321 0.011673040689365734
1 0.08775166055615773 0.9100000000000018 0.17550332111231545 0.011673040689365734
1 0.2535127706100793 0.6219999999999982 0.17102554122015862 0.010213910603193653
0 0.16799999999999818 0.6219999999999982 0.1458333312131399 0.010213910603193653
1 0.2857070900053386 0.978 0.5714141800106772 0.008754780517025211
1 0.914 0.348 0.172 0.005836520344681048
0 0.828 0.348 0.08333333212179422 0.005836520344681048