1 0.09621951992965387 0.62 0.19243903985930774 0.0306417318095846
1 0.560252392899517 0.32200000000000045 0.4605047857990339 0.026264341551072903
0 0.32999999999999957 0.32200000000000045 0.18749999727403793 0.026264341551072903
1 0.7153438769233649 0.876 0.2306877538467297 0.024805211464901732
0 0.6000000000000004 0.876 0.1041666651522437 0.024805211464901732
1 0.941 0.118 0.118 0.0175095610340486
0 0.8819999999999996 0.118 0.20833333030448647 0.0175095610340486
1 0.4644744853006573 0.34399999999999953 0.2289489706013146 0.01605043094787743
0 0.3500000000000005 0.34399999999999953 0.14583333121314082 0.01605043094787743
1 0.946 0.77 0.108 0.013132170775535997
0 0.8920000000000005 0.77 0.08333333212179514 0.013132170775535997
1 0.545842727079611 0.216 0.347685454159222 0.011673040689365734
0 0.37200000000000044 0.216 0.08333333212179514 0.011673040689365734
1 0.968 0.584 0.064 0.011673040689365734
0 0.9360000000000005 0.584 0.12499999818269225 0.011673040689365734
1 0.5545963469938361 0.49399999999999955 0.2331926939876721 0.010213910603194563
0 0.43800000000000044 0.49399999999999955 0.1041666651522437 0.010213910603194563
1 0.7413014812073493 0.5760000000000004 0.23860296241469858 0.0087547805170243
1 0.93 0.8180000000000005 0.14 0.0087547805170243
0 0.86 0.8180000000000005 0.062499999091345675 0.0087547805170243
1 0.4270948888527519 0.8400000000000004 0.4341897777055037 0.0087547805170243
0 0.21 0.8400000000000004 0.04166666606089711 0.0087547805170243
1 0.898 0.556 0.204 0.005836520344682867
0 0.796 0.556 0.062499999091345675 0.005836520344682867