1 0.01401480010016985 0.026779995990968017 0.0280296002003397 0.053559991981936034
1 0.807 0.5699999999999927 0.386 0.04085564241277461
0 0.6139999999999991 0.5699999999999927 0.35416666151762727 0.04085564241277461
1 0.49768421158192633 0.8180000000000073 0.6553684231638527 0.027723471637247712
0 0.1699999999999991 0.8180000000000073 0.3124999954567302 0.027723471637247712
1 0.1686738964047945 0.5399999999999927 0.337347792809589 0.026264341551068354
1 0.12221157632882204 0.622 0.1644231526576441 0.02480521146490355
0 0.061666666060898025 0.622 0.12333333212179605 0.02480521146490355
1 0.10452682883076977 0.9891634796553189 0.20905365766153955 0.021673040689362096
1 0.23157841951751562 0.654 0.16715683903503123 0.018968691120215226
0 0.1480000000000009 0.654 0.16666666424359028 0.018968691120215226
1 0.47056752142867664 0.7 0.16913504285735326 0.018968691120215226
0 0.3860000000000009 0.7 0.16666666424359028 0.018968691120215226
1 0.10414771872801248 0.91 0.20829543745602497 0.018968691120215226
1 0.3651537530760743 0.008012607736964128 0.17430750615214857 0.016025215473928257
0 0.278 0.008012607736964128 0.062499999091345675 0.016025215473928257
1 0.6041512136885995 0.4299999999999927 0.17630242737719892 0.016050430947871064
0 0.5160000000000009 0.4299999999999927 0.1458333312131417 0.016050430947871064
1 0.7006577142940313 0.118 0.1733154285880628 0.014591300861706258
0 0.6140000000000009 0.118 0.18749999727403882 0.014591300861706258
1 0.6130352797977803 0.18 0.17407055959556056 0.014591300861706258
0 0.5260000000000009 0.18 0.1458333312131417 0.014591300861706258
1 0.7349557918712125 0.47 0.17791158374242513 0.014591300861706258
0 0.6460000000000009 0.47 0.1458333312131417 0.014591300861706258
1 0.6013945810570349 0.752 0.17078916211406978 0.014591300861706258
0 0.5160000000000009 0.752 0.18749999727403882 0.014591300861706258
1 0.1649807287969579 0.33399999999999275 0.16596145759391584 0.011673040689362096
0 0.082 0.33399999999999275 0.020833333030448556 0.011673040689362096
1 0.2097683632544822 0.4779999999999927 0.16753672650896442 0.011673040689362096
0 0.12600000000000092 0.4779999999999927 0.1458333312131417 0.011673040689362096
0 0.9713333339391029 0.5339999999999927 0.05733333212179423 0.011673040689362096
1 0.24129478076890246 0.264 0.1665895615378049 0.010213910603197292
0 0.158 0.264 0.020833333030448556 0.010213910603197292