1 0.742 0.31200000000000727 0.516 0.05252868310215126
0 0.484 0.31200000000000727 0.4374999936394233 0.05252868310215126
1 0.921 0.684 0.158 0.04815129284362774
0 0.8420000000000009 0.684 0.16666666424359028 0.04815129284362774
1 0.23350797747233992 0.44599999999999274 0.46701595494467985 0.036478252154265645
1 0.7241646293223639 0.13600000000000728 0.32832925864472784 0.027723471637247712
0 0.5600000000000009 0.13600000000000728 0.27083332939583304 0.027723471637247712
0 0.93408333439343 0.082 0.1318333312131399 0.02480521146490355
1 0.98 0.834 0.04 0.023346081378724192
0 0.9175000009086544 0.834 0.16499999818269134 0.023346081378724192
1 0.10364107071748276 0.33599999999999275 0.2072821414349655 0.021886951292559388
1 0.23338487729783627 0.57 0.15076975459567257 0.018968691120215226
0 0.158 0.57 0.04166666606089711 0.018968691120215226
1 0.8617994100873666 0.020000000000007276 0.17159882017473319 0.017509561034050422
0 0.7760000000000009 0.020000000000007276 0.16666666424359028 0.017509561034050422
1 0.12672901203343098 0.10799999999999273 0.153458024066862 0.016050430947871064
0 0.0510416662880607 0.10799999999999273 0.1020833325761214 0.016050430947871064
0 0.9551250006814908 0.504 0.0897499986370185 0.014591300861706258
1 0.3094258104340815 0.9799999999999928 0.3028516208681631 0.011673040689362096
0 0.15800000000000092 0.9799999999999928 0.1458333312131417 0.011673040689362096
0 0.9709583337119393 0.954 0.058083332576121395 0.008754780517017934
1 0.921 0.6999999999999927 0.158 0.007295650430853129
0 0.842 0.6999999999999927 0.062499999091345675 0.007295650430853129