1 0.898 0.47600000000000725 0.204 0.04231477249895397
0 0.7959999999999996 0.47600000000000725 0.16666666424358936 0.04231477249895397
1 0.73 0.66 0.54 0.033559991981921486
0 0.46000000000000046 0.66 0.37499999454807675 0.033559991981921486
1 0.3816568166754314 0.22 0.6033136333508629 0.029182601723412516
0 0.09729166583373398 0.22 0.19458333166746797 0.029182601723412516
1 0.1726022743429212 0.552 0.3452045486858424 0.02480521146490355
0 0.9040000000000005 0.048 0.14583333121314082 0.020427821206394584
1 0.10699854606924236 0.054 0.21399709213848472 0.020427821206394584
1 0.12478657457202007 0.256 0.24957314914404014 0.018968691120215226
1 0.751 0.022000000000007278 0.498 0.017509561034050422
0 0.5020000000000004 0.022000000000007278 0.12499999818269225 0.017509561034050422
1 0.06927789354494598 0.034000000000007274 0.13855578708989197 0.017509561034050422
0 0.9585416671967151 0.58 0.08291666560656995 0.014591300861706258
1 0.5742075422557363 0.2060000000000073 0.42441508451147275 0.013132170775541454
0 0.36200000000000043 0.2060000000000073 0.12499999818269225 0.013132170775541454
1 0.8855705675286522 0.30200000000000726 0.22314113505730437 0.013132170775541454
0 0.7739999999999996 0.30200000000000726 0.16666666424358936 0.013132170775541454
0 0.9637500004543271 0.06399999999999273 0.07249999909134568 0.011673040689362096
1 0.8400958198057679 0.21599999999999273 0.11219163961153572 0.011673040689362096
0 0.7840000000000005 0.21599999999999273 0.1041666651522437 0.011673040689362096
0 0.9955833334847757 0.9419999999999927 0.008833333030448557 0.011673040689362096
1 0.8 0.198 0.4 0.010213910603197292
0 0.6 0.198 0.062499999091345675 0.010213910603197292
1 0.2012667555614694 0.782 0.4025335111229388 0.008754780517017934
1 0.936 0.1 0.128 0.005836520344688324
0 0.8720000000000004 0.1 0.08333333212179514 0.005836520344688324