1 0.6977349281191592 0.72 0.3434698562383182 0.03210086189575668
0 0.5260000000000009 0.72 0.2083333303044874 0.03210086189575668
1 0.3786560954279703 0.63 0.4853121908559406 0.02480521146490355
0 0.136 0.63 0.020833333030448556 0.02480521146490355
1 0.33940600121541686 0.8280000000000036 0.16681200243083366 0.023346081378731467
0 0.256 0.8280000000000036 0.020833333030448556 0.023346081378731467
1 0.6365386161236692 0.18999999999999637 0.3690772322473385 0.020427821206387305
0 0.4520000000000009 0.18999999999999637 0.1458333312131417 0.020427821206387305
1 0.132432112645899 0.484 0.264864225291798 0.017509561034050422
0 0.017666666060898024 0.484 0.03533333212179605 0.017509561034050422
1 0.28570098499055985 0.896 0.1674019699811197 0.017509561034050422
0 0.202 0.896 0.12499999818269135 0.017509561034050422
1 0.915 0.08400000000000364 0.17 0.01605043094787834
0 0.83 0.08400000000000364 0.12499999818269135 0.01605043094787834
1 0.1683603571951662 0.7320000000000036 0.32472071439033245 0.01605043094787834
0 0.03945833280328588 0.7320000000000036 0.07891666560657176 0.01605043094787834
1 0.818 0.38 0.364 0.014591300861706258
0 0.6360000000000009 0.38 0.2083333303044874 0.014591300861706258
1 0.877 0.3659999999999964 0.246 0.013132170775534177
0 0.7540000000000009 0.3659999999999964 0.1458333312131417 0.013132170775534177
1 0.861 0.23 0.278 0.011673040689362096
0 0.722 0.23 0.12499999818269135 0.011673040689362096
1 0.709 0.08 0.582 0.007295650430853129
0 0.418 0.08 0.10416666515224278 0.007295650430853129
1 0.6092274339076493 0.486 0.16645486781529872 0.007295650430853129
0 0.526 0.486 0.08333333212179422 0.007295650430853129