1 0.5522562272692995 0.504 0.34051245453859885 0.0496104229298071
0 0.382 0.504 0.312499995456732 0.0496104229298071
1 0.12726698585931082 0.05399999999999636 0.25453397171862163 0.0306417318095846
1 0.707 0.20599999999999635 0.586 0.0306417318095846
0 0.4139999999999982 0.20599999999999635 0.1458333312131399 0.0306417318095846
1 0.211925154925686 0.27399999999999636 0.423850309851372 0.0306417318095846
0 0.031874999318508346 0.27399999999999636 0.06374999863701669 0.0306417318095846
1 0.7960150867898538 0.9619999999999964 0.3520301735797075 0.020427821206387305
0 0.6199999999999982 0.9619999999999964 0.1458333312131399 0.020427821206387305
1 0.5326624517137188 0.17600000000000363 0.47732490342743766 0.0189686911202225
0 0.294 0.17600000000000363 0.2499999963653827 0.0189686911202225
1 0.029393976427065354 0.008377390258512606 0.05878795285413071 0.01675478051702521
1 0.7309234152359004 0.08200000000000364 0.3298468304718008 0.01605043094787834
0 0.5659999999999982 0.08200000000000364 0.1458333312131399 0.01605043094787834
1 0.2588775816113157 0.072 0.4697551632226314 0.014591300861706258
0 0.048458332803284064 0.072 0.09691666560656813 0.014591300861706258
1 0.7187505887156531 0.14199999999999635 0.32950117743130614 0.013132170775534177
0 0.554 0.14199999999999635 0.16666666424358845 0.013132170775534177
1 0.23079683688211297 0.502 0.329593673764226 0.010213910603197292
0 0.066 0.502 0.08333333212179422 0.010213910603197292
1 0.10204022245827037 0.416 0.20408044491654073 0.002918260172344162