1 0.5058910098924744 0.294 0.1797820197849487 0.036478252154265645
0 0.4159999999999991 0.294 0.37499999454807587 0.036478252154265645
1 0.18807979003833042 0.4500000000000036 0.32415958007666085 0.023346081378731467
0 0.0650833325761223 0.4500000000000036 0.1301666651522446 0.023346081378731467
1 0.914 0.6120000000000037 0.172 0.023346081378731467
0 0.828000000000001 0.6120000000000037 0.18749999727403882 0.023346081378731467
1 0.6505444095764423 0.5740000000000036 0.35708881915288476 0.0189686911202225
0 0.4720000000000009 0.5740000000000036 0.22916666333493596 0.0189686911202225
1 0.985 0.17600000000000363 0.03 0.01605043094787834
0 0.9485416671967151 0.17600000000000363 0.10291666560656995 0.01605043094787834
1 0.963 0.49800000000000366 0.074 0.01605043094787834
0 0.9161250006814907 0.49800000000000366 0.1677499986370185 0.01605043094787834
1 0.5169080973402488 0.164 0.17781619468049759 0.014591300861706258
0 0.42800000000000094 0.164 0.16666666424359028 0.014591300861706258
1 0.09561005522507822 0.47399999999999637 0.19122011045015644 0.013132170775534177
0 0.006249999545672836 0.47399999999999637 0.012499999091345672 0.013132170775534177
1 0.914 0.56 0.172 0.010213910603197292
0 0.828 0.56 0.08333333212179422 0.010213910603197292
1 0.6719997637394172 0.2700000000000036 0.18399952747883436 0.008754780517025211
0 0.58 0.2700000000000036 0.10416666515224278 0.008754780517025211
1 0.7617685689217369 0.732 0.27953713784347384 0.007295650430853129
0 0.622 0.732 0.08333333212179422 0.007295650430853129
1 0.23214692648346863 0.08599999999999636 0.08429385296693727 0.005836520344681048
0 0.19 0.08599999999999636 0.062499999091345675 0.005836520344681048