1 0.1596303701994193 0.5420000000000073 0.3192607403988386 0.05690607336066023
0 0.032874999318510165 0.5420000000000073 0.06574999863702033 0.05690607336066023
1 0.844 0.672 0.312 0.029182601723412516
0 0.6880000000000009 0.672 0.18749999727403882 0.029182601723412516
1 0.1309072167471495 0.744 0.261814433494299 0.02480521146490355
1 0.6491689177099852 0.6579999999999927 0.6143378354199703 0.021886951292559388
0 0.3420000000000009 0.6579999999999927 0.27083332939583304 0.021886951292559388
1 0.23728049316008856 0.848 0.24656098632017712 0.020427821206394584
0 0.1140000000000009 0.848 0.2083333303044874 0.020427821206394584
1 0.18454501739398346 0.868 0.3690900347879669 0.018968691120215226
0 0.022458332803285883 0.868 0.044916665606571766 0.018968691120215226
1 0.1919955267735668 0.3200000000000073 0.35199105354713356 0.017509561034050422
0 0.0340416662880607 0.3200000000000073 0.0680833325761214 0.017509561034050422
0 0.9641666669695514 0.3980000000000073 0.07166666606089711 0.013132170775541454
1 0.5342745480168459 0.1379999999999927 0.32054909603369197 0.011673040689362096
0 0.374 0.1379999999999927 0.08333333212179422 0.011673040689362096
1 0.07051377794718246 0.20799999999999272 0.14102755589436491 0.011673040689362096
1 0.914 0.5819999999999927 0.172 0.011673040689362096
0 0.828000000000001 0.5819999999999927 0.1458333312131417 0.011673040689362096
1 0.6178434203131965 0.7979999999999927 0.42368684062639295 0.011673040689362096
0 0.406 0.7979999999999927 0.08333333212179422 0.011673040689362096
1 0.18999168488425766 0.5980000000000073 0.34798336976851535 0.002918260172344162