1 0.26162375979483976 0.17000000000000728 0.41124751958967953 0.037937382240445
0 0.06966666606089711 0.17000000000000728 0.13933333212179422 0.037937382240445
1 0.313385803043519 0.18600000000000727 0.278771606087038 0.037937382240445
0 0.17399999999999954 0.18600000000000727 0.16666666424358936 0.037937382240445
1 0.7434659729869868 0.028 0.2909319459739736 0.035019122068100844
0 0.598 0.028 0.020833333030448556 0.035019122068100844
1 0.875 0.252 0.25 0.035019122068100844
0 0.75 0.252 0.29166666242628164 0.035019122068100844
1 0.21570566034143668 0.2620000000000073 0.43141132068287336 0.027723471637247712
1 0.17354843734334235 0.3360000000000073 0.3470968746866847 0.017509561034050422
0 0.041708332348958266 0.3360000000000073 0.08341666469791653 0.017509561034050422
1 0.385475557283336 0.7140000000000073 0.378951114566672 0.017509561034050422
0 0.196 0.7140000000000073 0.062499999091345675 0.017509561034050422
1 0.9121179794320264 0.16599999999999274 0.15223595886405292 0.016050430947871064
0 0.836 0.16599999999999274 0.22916666333493596 0.016050430947871064
1 0.978 0.21799999999999273 0.044 0.016050430947871064
0 0.9363333339391025 0.21799999999999273 0.12733333212179515 0.016050430947871064
0 0.9791250006814903 0.196 0.04174999863701942 0.014591300861706258
1 0.7700400681763231 0.008000000000007276 0.14808013635264616 0.013132170775541454
0 0.6960000000000005 0.008000000000007276 0.14583333121314082 0.013132170775541454
1 0.39610468520103587 0.8180000000000073 0.37620937040207175 0.013132170775541454
0 0.20800000000000046 0.8180000000000073 0.08333333212179514 0.013132170775541454
1 0.8299044011707256 0.7619999999999927 0.26780880234145116 0.011673040689362096
0 0.6960000000000005 0.7619999999999927 0.1041666651522437 0.011673040689362096
1 0.21483660903607324 0.14 0.2736732180721465 0.010213910603197292
0 0.07800000000000046 0.14 0.14583333121314082 0.010213910603197292
1 0.804 0.512 0.392 0.010213910603197292
0 0.6080000000000004 0.512 0.1041666651522437 0.010213910603197292
1 0.06560544913046351 0.548 0.13121089826092702 0.010213910603197292