1 0.88 0.7759999999999991 0.24 0.020427821206389127
0 0.76 0.7759999999999991 0.14583333121314082 0.020427821206389127
1 0.13774884260542125 0.7779999999999991 0.20749768521084253 0.020427821206389127
0 0.03783333303044856 0.7779999999999991 0.07566666606089711 0.020427821206389127
1 0.8476287873067595 0.21 0.26325757461351895 0.018968691120218865
0 0.716 0.21 0.020833333030448556 0.018968691120218865
1 0.858 0.698 0.284 0.018968691120218865
0 0.7160000000000002 0.698 0.20833333030448695 0.018968691120218865
1 0.7379214033508349 0.09000000000000091 0.3238428067016698 0.0175095610340486
0 0.5759999999999997 0.09000000000000091 0.10416666515224324 0.0175095610340486
0 0.9833750002271636 0.1140000000000009 0.033249999545672836 0.0175095610340486
1 0.5911059346578661 0.5900000000000009 0.5702118693157322 0.0175095610340486
0 0.3060000000000002 0.5900000000000009 0.20833333030448695 0.0175095610340486
1 0.924 0.728 0.152 0.01605043094787834
0 0.8480000000000002 0.728 0.062499999091346126 0.01605043094787834
1 0.826 0.818 0.348 0.01605043094787834
0 0.652 0.818 0.12499999818269225 0.01605043094787834
1 0.10545113489881192 0.88 0.21090226979762383 0.01605043094787834
1 0.2653288749841538 0.814 0.2666577499683076 0.014591300861706258
0 0.132 0.814 0.12499999818269225 0.014591300861706258
1 0.842 0.2559999999999991 0.316 0.013132170775535997
0 0.6839999999999997 0.2559999999999991 0.10416666515224324 0.013132170775535997
1 0.35827222047344937 0.036 0.3445444409468987 0.011673040689365734
0 0.186 0.036 0.12499999818269225 0.011673040689365734
1 0.04740001564032241 0.038 0.09480003128064482 0.011673040689365734
1 0.2618781389636781 0.686 0.21575627792735622 0.011673040689365734
0 0.15399999999999978 0.686 0.10416666515224324 0.011673040689365734
1 0.69 0.92 0.62 0.011673040689365734
0 0.38 0.92 0.16666666424358936 0.011673040689365734
1 0.2932282686150629 0.2140000000000009 0.17045653723012583 0.010213910603195472
0 0.208 0.2140000000000009 0.12499999818269225 0.010213910603195472
1 0.869 0.572000000000001 0.262 0.010213910603195472
0 0.7379999999999998 0.572000000000001 0.10416666515224324 0.010213910603195472
1 0.12831300044804106 0.6340000000000009 0.20862600089608213 0.010213910603195472
0 0.03283333303044856 0.6340000000000009 0.06566666606089712 0.010213910603195472
1 0.858 0.6219999999999991 0.284 0.008754780517023391
0 0.7160000000000002 0.6219999999999991 0.062499999091346126 0.008754780517023391
1 0.6088341085253226 0.805999999999999 0.23766821705064511 0.008754780517023391
0 0.4900000000000002 0.805999999999999 0.062499999091346126 0.008754780517023391