1 0.2024845395065131 0.3820000000000073 0.4049690790130262 0.037937382240445
1 0.13517508319046465 0.538 0.0863501663809293 0.030641731809591875
0 0.092 0.538 0.08333333212179422 0.030641731809591875
1 0.7113946813592292 0.30200000000000726 0.2867893627184585 0.017509561034050422
0 0.568 0.30200000000000726 0.10416666515224278 0.017509561034050422
1 0.22737212623083905 0.33199999999999275 0.4547442524616781 0.016050430947871064
1 0.5339894623461942 0.45999999999999275 0.2759789246923883 0.016050430947871064
0 0.3960000000000009 0.45999999999999275 0.1458333312131417 0.016050430947871064
1 0.30538824621509414 0.9929873922630286 0.2747764924301882 0.014025215473942807
0 0.168 0.9929873922630286 0.10416666515224278 0.014025215473942807
1 0.1787942240628945 0.346 0.173588448125789 0.014591300861706258
0 0.092 0.346 0.12499999818269135 0.014591300861706258
1 0.0804906876126206 0.558 0.08498137522524121 0.014591300861706258
0 0.045041666288060694 0.558 0.09008333257612139 0.014591300861706258
1 0.11078461952494126 0.576 0.22156923904988252 0.014591300861706258
1 0.5927773823923816 0.7400000000000073 0.2855547647847634 0.013132170775541454
0 0.4500000000000009 0.7400000000000073 0.16666666424359028 0.013132170775541454
1 0.17939461807707086 0.7479999999999927 0.2627892361541417 0.011673040689362096
0 0.048 0.7479999999999927 0.08333333212179422 0.011673040689362096
0 0.9807500004543271 0.33 0.038499999091345674 0.010213910603197292
1 0.909 0.464 0.182 0.010213910603197292
0 0.818 0.464 0.08333333212179422 0.010213910603197292
1 0.27901376770444675 0.626 0.17802753540889352 0.008754780517017934
0 0.19 0.626 0.08333333212179422 0.008754780517017934
1 0.10072020704045098 0.3439999999999927 0.20144041408090196 0.007295650430853129