1 0.5 0.152 1.0 0.05836520344682503
0 0.033458330985977225 0.152 0.06691666197195445 0.05836520344682503
1 0.573 0.16 0.854 0.043773902585118776
0 0.15633333212179604 0.16 0.3126666642435921 0.043773902585118776
1 0.7072312961168845 0.018 0.5144625922337691 0.029182601723412516
0 0.45000000000000184 0.018 0.37499999454807764 0.029182601723412516
0 0.9437083341662655 0.442 0.11258333166746888 0.023346081378724192
1 0.4657710875914745 0.44399999999999273 0.487542175182949 0.021886951292559388
0 0.22199999999999817 0.44399999999999273 0.22916666333493413 0.021886951292559388
1 0.92 0.424 0.16 0.018968691120215226
0 0.8399999999999982 0.424 0.18749999727403702 0.018968691120215226
1 0.577113557697965 0.966 0.51422711539593 0.018968691120215226
0 0.3199999999999982 0.966 0.18749999727403702 0.018968691120215226
1 0.7618528229180229 0.252 0.17170564583604572 0.010213910603197292
0 0.6759999999999982 0.252 0.1458333312131399 0.010213910603197292