1 0.4354025125685321 0.714 0.31480502513706415 0.033559991981921486
0 0.2780000000000009 0.714 0.18749999727403882 0.033559991981921486
1 0.856 0.514 0.288 0.02480521146490355
0 0.7120000000000009 0.514 0.16666666424359028 0.02480521146490355
1 0.6157086186466777 0.9951634796553189 0.37141723729335535 0.009673040689362096
0 0.43000000000000094 0.9951634796553189 0.16666666424359028 0.009673040689362096
1 0.84 0.20799999999999272 0.32 0.021886951292559388
0 0.6800000000000009 0.20799999999999272 0.2083333303044874 0.021886951292559388
1 0.129531783151122 0.4 0.259063566302244 0.020427821206394584
0 0.017874999318510162 0.4 0.035749998637020323 0.020427821206394584
0 0.9881250006814908 0.058 0.02374999863701851 0.018968691120215226
1 0.3537800355570953 0.23 0.4955600711141906 0.014591300861706258
0 0.10600000000000091 0.23 0.18749999727403882 0.014591300861706258
1 0.44636135547900446 0.19600000000000728 0.22872271095800897 0.013132170775541454
0 0.332 0.19600000000000728 0.08333333212179422 0.013132170775541454
1 0.937 0.7979999999999927 0.126 0.011673040689362096
0 0.874 0.7979999999999927 0.12499999818269135 0.011673040689362096
1 0.15619878720516045 0.656 0.2963975744103209 0.010213910603197292
0 0.03524999954567284 0.656 0.07049999909134567 0.010213910603197292
1 0.905 0.54 0.19 0.008754780517017934
0 0.81 0.54 0.062499999091345675 0.008754780517017934