1 0.894 0.73 0.212 0.030641731809591875
0 0.788 0.73 0.08333333212179422 0.030641731809591875
1 0.833342404567561 0.75 0.13468480913512212 0.030641731809591875
0 0.766 0.75 0.08333333212179422 0.030641731809591875
1 0.5397541780190677 0.5099999999999927 0.37150835603813537 0.026264341551068354
0 0.3540000000000009 0.5099999999999927 0.18749999727403882 0.026264341551068354
1 0.7665630858078794 0.012 0.21712617161575873 0.018968691120215226
0 0.6580000000000009 0.012 0.1458333312131417 0.018968691120215226
1 0.17306869233527142 0.596 0.11413738467054281 0.018968691120215226
0 0.116 0.596 0.10416666515224278 0.018968691120215226
1 0.986 0.012000000000007276 0.028 0.017509561034050422
0 0.9599583337119393 0.012000000000007276 0.0800833325761214 0.017509561034050422
1 0.6563938603230217 0.5379999999999927 0.32078772064604344 0.016050430947871064
0 0.496 0.5379999999999927 0.08333333212179422 0.016050430947871064
1 0.4984083713879527 0.5519999999999927 0.3088167427759054 0.016050430947871064
0 0.3440000000000009 0.5519999999999927 0.16666666424359028 0.016050430947871064
1 0.8175812527035532 0.97 0.33916250540710646 0.014591300861706258
0 0.6480000000000009 0.97 0.16666666424359028 0.014591300861706258
1 0.10830336333568448 0.14999999999999272 0.18060672667136896 0.011673040689362096
0 0.029833333030448557 0.14999999999999272 0.059666666060897114 0.011673040689362096
1 0.954 0.18399999999999272 0.092 0.007295650430853129
0 0.908 0.18399999999999272 0.10416666515224278 0.007295650430853129