1 0.13049735872681412 0.9519999999999927 0.26099471745362823 0.05106955301597191
0 0.009458332803284066 0.9519999999999927 0.01891666560656813 0.05106955301597191
1 0.4278648508506994 0.10399999999999272 0.3357297017013989 0.04085564241277461
0 0.26 0.10399999999999272 0.16666666424358845 0.04085564241277461
1 0.966 0.3019999999999927 0.068 0.026264341551068354
0 0.8774583346205928 0.3019999999999927 0.24508333075881455 0.026264341551068354
1 0.787 0.9559999999999927 0.426 0.026264341551068354
0 0.5739999999999982 0.9559999999999927 0.18749999727403702 0.026264341551068354
1 0.5486484159413539 0.8859999999999927 0.3172968318827079 0.021886951292559388
0 0.3899999999999982 0.8859999999999927 0.22916666333493413 0.021886951292559388
0 0.909875001135817 0.9259999999999927 0.180249997728366 0.021886951292559388
1 0.5493860289872827 0.04599999999999273 0.8827720579745656 0.016050430947871064
0 0.108 0.04599999999999273 0.20833333030448556 0.016050430947871064
1 0.540532289636767 0.06399999999999273 0.45306457927353405 0.016050430947871064
0 0.31399999999999817 0.06399999999999273 0.10416666515224278 0.016050430947871064
1 0.966 0.328 0.068 0.004377390258508967