1 0.46453188977039483 0.02 0.5370637795407898 0.030641731809591875
0 0.1969583318946311 0.02 0.3939166637892622 0.030641731809591875
1 0.28927983540525404 0.6780000000000073 0.33855967081050814 0.027723471637247712
0 0.12 0.6780000000000073 0.14583333121314082 0.027723471637247712
1 0.896 0.16199999999999273 0.208 0.026264341551068354
0 0.792 0.16199999999999273 0.020833333030448556 0.026264341551068354
1 0.478676121082226 0.7199999999999928 0.21735224216445204 0.021886951292559388
0 0.37 0.7199999999999928 0.2499999963653845 0.021886951292559388
1 0.8024389688744227 0.186 0.060877937748845395 0.020427821206394584
0 0.772 0.186 0.020833333030448556 0.020427821206394584
1 0.6776061237837924 0.8299999999999927 0.24721224756758464 0.016050430947871064
0 0.5540000000000003 0.8299999999999927 0.18749999727403838 0.016050430947871064
1 0.5940552736077693 0.01 0.31611054721553866 0.014591300861706258
0 0.4360000000000002 0.01 0.18749999727403838 0.014591300861706258
1 0.042210203582444365 0.096 0.08442040716488873 0.014591300861706258
1 0.929 0.2600000000000073 0.142 0.013132170775541454
0 0.858 0.2600000000000073 0.14583333121314082 0.013132170775541454
1 0.3495099062771137 0.2339999999999927 0.30701981255422744 0.011673040689362096
0 0.196 0.2339999999999927 0.14583333121314082 0.011673040689362096
0 0.9573333339391027 0.2819999999999927 0.08533333212179468 0.011673040689362096
1 0.978 0.10199999999999272 0.044 0.007295650430853129
0 0.9559999999999997 0.10199999999999272 0.08333333212179468 0.007295650430853129