1 0.759 0.9905282621768565 0.482 0.01894347564628697
0 0.5180000000000009 0.9905282621768565 0.22916666333493596 0.01894347564628697
1 0.846 0.706 0.308 0.020427821206394584
0 0.692000000000001 0.706 0.27083332939583304 0.020427821206394584
1 0.0767763160647055 0.008012607736964128 0.153552632129411 0.016025215473928257
1 0.917 0.2939999999999927 0.166 0.011673040689362096
0 0.834 0.2939999999999927 0.062499999091345675 0.011673040689362096
1 0.77 0.9619999999999927 0.46 0.011673040689362096
0 0.5400000000000009 0.9619999999999927 0.16666666424359028 0.011673040689362096
1 0.5626387318039943 0.076 0.6092774636079885 0.010213910603197292
0 0.2580000000000009 0.076 0.1458333312131417 0.010213910603197292