1 0.49740565392132385 0.35 0.9948113078426477 0.03939651232660981
1 0.24050289243060843 0.068 0.48100578486121687 0.030641731809591875
0 0.03166666606089712 0.068 0.06333333212179423 0.030641731809591875
1 0.07004093253238806 0.3240000000000073 0.14008186506477613 0.027723471637247712
1 0.6907252919071238 0.078 0.4014505838142477 0.014591300861706258
0 0.48999999999999955 0.078 0.16666666424358936 0.014591300861706258
1 0.891 0.39 0.218 0.014591300861706258
0 0.7820000000000005 0.39 0.1041666651522437 0.014591300861706258
1 0.7633411365545958 0.20200000000000728 0.26668227310919157 0.013132170775541454
0 0.6300000000000004 0.20200000000000728 0.12499999818269225 0.013132170775541454
1 0.6207149251832293 0.04599999999999273 0.5214298503664586 0.011673040689362096
0 0.36000000000000043 0.04599999999999273 0.12499999818269225 0.011673040689362096
1 0.49541925076682264 0.32199999999999274 0.3828385015336453 0.011673040689362096
0 0.30400000000000044 0.32199999999999274 0.1041666651522437 0.011673040689362096
1 0.8183137068170886 0.116 0.13662741363417719 0.010213910603197292
0 0.75 0.116 0.062499999091345675 0.010213910603197292
1 0.2305192078753871 0.332 0.4610384157507742 0.010213910603197292
1 0.755 0.348 0.49 0.010213910603197292
0 0.5100000000000005 0.348 0.14583333121314082 0.010213910603197292
1 0.4338449519625983 0.526 0.12768990392519664 0.010213910603197292
0 0.37000000000000044 0.526 0.12499999818269225 0.010213910603197292
1 0.33527678522836957 0.2299999999999927 0.12655357045673918 0.007295650430853129
0 0.27200000000000046 0.2299999999999927 0.08333333212179514 0.007295650430853129