1 0.25332282011276946 0.082 0.5066456402255389 0.0306417318095846
0 0.049333332121794686 0.082 0.09866666424358937 0.0306417318095846
1 0.44792482415828816 0.086 0.5998496483165764 0.0306417318095846
0 0.15733333212179468 0.086 0.31466666424358936 0.0306417318095846
1 0.049472173435180136 0.322 0.09894434687036027 0.0306417318095846
0 0.03754166537940682 0.322 0.07508333075881364 0.0306417318095846
1 0.915 0.34 0.17 0.029182601723412516
0 0.8299999999999995 0.34 0.20833333030448647 0.029182601723412516
1 0.932 0.438 0.136 0.029182601723412516
0 0.8640000000000004 0.438 0.12499999818269225 0.029182601723412516
1 0.20875620319358312 0.498 0.20951240638716626 0.021886951292559388
0 0.10400000000000045 0.498 0.1041666651522437 0.021886951292559388
1 0.5568665865527878 0.5820000000000018 0.42973317310557557 0.020427821206390945
0 0.3419999999999995 0.5820000000000018 0.18749999727403793 0.020427821206390945
1 0.45174222230905664 0.6200000000000018 0.10748444461811323 0.020427821206390945
0 0.39800000000000046 0.6200000000000018 0.08333333212179514 0.020427821206390945
1 0.778600033612227 0.12599999999999817 0.22120006722445396 0.018968691120218865
0 0.6680000000000005 0.12599999999999817 0.14583333121314082 0.018968691120218865
1 0.3804586654206978 0.07199999999999818 0.2049173308413956 0.017509561034046783
0 0.2779999999999995 0.07199999999999818 0.16666666424358936 0.017509561034046783
1 0.6515853285323601 0.31399999999999817 0.22717065706472023 0.017509561034046783
0 0.538 0.31399999999999817 0.2499999963653845 0.017509561034046783
1 0.883 0.228 0.234 0.008754780517025211
0 0.7660000000000005 0.228 0.12499999818269225 0.008754780517025211
1 0.5282167819520077 0.5540000000000018 0.3284335639040155 0.0043773902585126055
0 0.364 0.5540000000000018 0.062499999091345675 0.0043773902585126055