1 0.6596376405886767 0.36 0.29527528117735347 0.020427821206394584
0 0.512 0.36 0.2499999963653845 0.020427821206394584
1 0.08318516571079908 0.818 0.16637033142159816 0.020427821206394584
1 0.25112645795351657 0.884 0.11025291590703318 0.020427821206394584
0 0.19600000000000023 0.884 0.18749999727403838 0.020427821206394584
1 0.5185224231593775 0.952 0.29704484631875494 0.020427821206394584
0 0.37 0.952 0.16666666424358936 0.020427821206394584
1 0.38453494755636186 0.8039999999999927 0.3330698951127238 0.016050430947871064
0 0.218 0.8039999999999927 0.14583333121314082 0.016050430947871064
1 0.21891616187091972 0.166 0.26183232374183946 0.014591300861706258
0 0.08799999999999977 0.166 0.10416666515224324 0.014591300861706258
1 0.6891511497300291 0.52 0.1823022994600583 0.014591300861706258
0 0.5980000000000002 0.52 0.18749999727403838 0.014591300861706258
1 0.896 0.864 0.208 0.014591300861706258
0 0.792 0.864 0.14583333121314082 0.014591300861706258
1 0.989 0.5980000000000073 0.022 0.013132170775541454
0 0.9733750002271636 0.5980000000000073 0.05324999954567283 0.013132170775541454
1 0.4101389821196228 0.5059999999999927 0.27627796423924567 0.011673040689362096
0 0.272 0.5059999999999927 0.14583333121314082 0.011673040689362096