1 0.935 0.95 0.13 0.021886951292559388
0 0.8699999999999982 0.95 0.1458333312131399 0.021886951292559388
1 0.3575073659732443 0.06999999999999817 0.4270147319464886 0.018968691120218865
0 0.144 0.06999999999999817 0.12499999818269135 0.018968691120218865
1 0.8384004433469763 0.48999999999999816 0.11280088669395263 0.017509561034046783
0 0.7819999999999981 0.48999999999999816 0.020833333030448556 0.017509561034046783
1 0.39052279950713276 0.7719999999999981 0.40904559901426546 0.017509561034046783
0 0.186 0.7719999999999981 0.12499999818269135 0.017509561034046783
1 0.951 0.044 0.098 0.014591300861706258
0 0.902 0.044 0.08333333212179422 0.014591300861706258
1 0.13662264341259106 0.274 0.2732452868251821 0.014591300861706258
1 0.4933265637210152 0.874 0.3106531274420304 0.014591300861706258
0 0.338 0.874 0.16666666424358845 0.014591300861706258
1 0.03155853716702586 0.23800000000000182 0.06311707433405173 0.013132170775537815
1 0.655710707910519 0.9340000000000018 0.527421415821038 0.011673040689365734
0 0.392 0.9340000000000018 0.08333333212179422 0.011673040689365734
1 0.25047783314738625 0.7439999999999982 0.30095566629477255 0.010213910603193653
0 0.1 0.7439999999999982 0.08333333212179422 0.010213910603193653
1 0.15299140186109525 0.7499999999999982 0.3059828037221905 0.010213910603193653
1 0.1609043619067188 0.846 0.2938087238134376 0.005836520344681048
0 0.022624999772836416 0.846 0.04524999954567283 0.005836520344681048