1 0.759509175919375 0.002201302866224978 0.23101835183874983 0.004402605732449956
0 0.644 0.002201302866224978 0.12499999818269225 0.004402605732449956
1 0.7677133807813034 0.44799999999999907 0.2914267615626068 0.024805211464901732
0 0.622 0.44799999999999907 0.12499999818269225 0.024805211464901732
1 0.10514872565465702 0.816 0.21029745130931404 0.023346081378731467
1 0.07938055270732457 0.09400000000000092 0.15876110541464913 0.0175095610340486
1 0.6673115237779272 0.36600000000000094 0.33062304755585453 0.0175095610340486
0 0.502 0.36600000000000094 0.12499999818269225 0.0175095610340486
1 0.04505157877449551 0.948 0.09010315754899102 0.014591300861706258
1 0.1465390306272475 0.126 0.22107806125449497 0.011673040689365734
0 0.0544583328032852 0.126 0.1089166656065704 0.011673040689365734
1 0.660404519689402 0.528 0.09680903937880385 0.011673040689365734
0 0.6119999999999998 0.528 0.10416666515224324 0.011673040689365734
1 0.887 0.79 0.226 0.011673040689365734
0 0.774 0.79 0.16666666424358936 0.011673040689365734
1 0.5160221129324121 0.1820000000000009 0.13604422586482406 0.010213910603195472
0 0.4479999999999998 0.1820000000000009 0.08333333212179468 0.010213910603195472
1 0.8737190685235054 0.5320000000000009 0.15543813704701098 0.010213910603195472
0 0.7960000000000003 0.5320000000000009 0.062499999091346126 0.010213910603195472
1 0.8585749262291911 0.05599999999999909 0.14914985245838216 0.008754780517023391
0 0.7839999999999998 0.05599999999999909 0.08333333212179468 0.008754780517023391
1 0.8090927546038444 0.9439999999999991 0.05018550920768894 0.008754780517023391
0 0.7839999999999998 0.9439999999999991 0.08333333212179468 0.008754780517023391
1 0.3733360925596203 0.3240000000000009 0.13067218511924056 0.005836520344682867
0 0.3080000000000002 0.3240000000000009 0.062499999091346126 0.005836520344682867