1 0.4779758752421403 0.59 0.29995175048428063 0.03939651232660981
0 0.3280000000000009 0.59 0.1458333312131417 0.03939651232660981
1 0.756 0.93 0.488 0.033559991981921486
0 0.512 0.93 0.47916665970032046 0.033559991981921486
1 0.3400265636904933 0.116 0.6800531273809866 0.030641731809591875
1 0.783 0.27199999999999275 0.434 0.021886951292559388
0 0.566 0.27199999999999275 0.2499999963653827 0.021886951292559388
1 0.5019445555208476 0.194 0.45588911104169527 0.020427821206394584
0 0.2740000000000009 0.194 0.18749999727403882 0.020427821206394584
1 0.42168918290553303 0.472 0.687378365811066 0.018968691120215226
0 0.10670833234895873 0.472 0.21341666469791745 0.018968691120215226
1 0.44187156125418187 0.06000000000000728 0.22774312250836373 0.017509561034050422
0 0.328 0.06000000000000728 0.062499999091345675 0.017509561034050422
1 0.902 0.8039999999999927 0.196 0.016050430947871064
0 0.804 0.8039999999999927 0.16666666424358845 0.016050430947871064
1 0.48640588073110486 0.17200000000000729 0.2328117614622097 0.013132170775541454
0 0.37 0.17200000000000729 0.16666666424358845 0.013132170775541454
1 0.34182035730697863 0.5000000000000073 0.3956407146139572 0.013132170775541454
0 0.144 0.5000000000000073 0.12499999818269135 0.013132170775541454
1 0.5197334422631921 0.6060000000000073 0.2994668845263841 0.013132170775541454
0 0.37 0.6060000000000073 0.08333333212179422 0.013132170775541454
1 0.978 0.8960000000000072 0.044 0.013132170775541454
0 0.9467500004543271 0.8960000000000072 0.10649999909134567 0.013132170775541454
1 0.897 0.4939999999999927 0.206 0.011673040689362096
0 0.7939999999999982 0.4939999999999927 0.1458333312131399 0.011673040689362096
1 0.21348800100846985 0.97 0.18297600201693967 0.008754780517017934
0 0.122 0.97 0.10416666515224278 0.008754780517017934
1 0.27112482951026323 0.9399999999999927 0.27824965902052645 0.007295650430853129
0 0.132 0.9399999999999927 0.10416666515224278 0.007295650430853129