1 0.932 0.128 0.136 0.05982433353300439
0 0.8640000000000009 0.128 0.16666666424359028 0.05982433353300439
1 0.09867659895152428 0.5339999999999927 0.19735319790304856 0.036478252154265645
1 0.2954834631424037 0.184 0.4709669262848074 0.033559991981921486
0 0.12895833189463066 0.184 0.2579166637892613 0.033559991981921486
1 0.13399545006686459 0.4380000000000073 0.26799090013372917 0.03210086189575668
1 0.2974684290362984 0.8800000000000072 0.4749368580725968 0.03210086189575668
0 0.07166666606089803 0.8800000000000072 0.14333333212179605 0.03210086189575668
1 0.969 0.954 0.062 0.030641731809591875
0 0.890875001135817 0.954 0.218249997728366 0.030641731809591875
1 0.37708071955116795 0.954 0.7541614391023359 0.029182601723412516
0 0.023666666060898022 0.954 0.047333332121796044 0.029182601723412516
1 0.91 0.33199999999999275 0.18 0.026264341551068354
0 0.820000000000001 0.33199999999999275 0.16666666424359028 0.026264341551068354
1 0.742 0.7619999999999927 0.516 0.026264341551068354
0 0.48400000000000093 0.7619999999999927 0.27083332939583304 0.026264341551068354
1 0.34740888169473144 0.662 0.31481776338946293 0.023346081378724192
0 0.19000000000000092 0.662 0.27083332939583304 0.023346081378724192
1 0.915 0.464 0.17 0.020427821206394584
0 0.830000000000001 0.464 0.1458333312131417 0.020427821206394584
1 0.19430144325066886 0.12 0.38860288650133773 0.018968691120215226
1 0.33832497286694435 0.2600000000000073 0.31664994573388866 0.017509561034050422
0 0.18 0.2600000000000073 0.12499999818269135 0.017509561034050422
1 0.823 0.8640000000000073 0.354 0.017509561034050422
0 0.646 0.8640000000000073 0.020833333030448556 0.017509561034050422
1 0.894 0.07799999999999273 0.212 0.016050430947871064
0 0.7880000000000009 0.07799999999999273 0.18749999727403882 0.016050430947871064
1 0.039175929415700014 0.22399999999999273 0.07835185883140003 0.016050430947871064
1 0.856 0.5339999999999927 0.288 0.016050430947871064
0 0.712 0.5339999999999927 0.10416666515224278 0.016050430947871064
1 0.48624794275807925 0.6919999999999927 0.4804958855161585 0.016050430947871064
0 0.246 0.6919999999999927 0.12499999818269135 0.016050430947871064
1 0.2096652914819333 0.242 0.4193305829638666 0.014591300861706258
0 0.017666666060898024 0.242 0.03533333212179605 0.014591300861706258
1 0.9058075615567159 0.8159999999999927 0.17161512311343177 0.011673040689362096
0 0.82 0.8159999999999927 0.12499999818269135 0.011673040689362096
1 0.07920353150447955 0.082 0.1584070630089591 0.010213910603197292
1 0.758 0.484 0.484 0.010213910603197292
0 0.516 0.484 0.12499999818269135 0.010213910603197292
1 0.24876083529404242 0.2899999999999927 0.1575216705880848 0.007295650430853129
0 0.17 0.2899999999999927 0.08333333212179422 0.007295650430853129