1 0.901 0.098 0.198 0.03939651232660981
0 0.8020000000000009 0.098 0.2083333303044874 0.03939651232660981
1 0.9098489633207082 0.3880000000000073 0.06369792664141642 0.027723471637247712
0 0.878 0.3880000000000073 0.08333333212179422 0.027723471637247712
1 0.879 0.9620000000000073 0.242 0.027723471637247712
0 0.7580000000000009 0.9620000000000073 0.2499999963653845 0.027723471637247712
1 0.5865979363556116 0.6660000000000073 0.22119587271122326 0.017509561034050422
0 0.4760000000000009 0.6660000000000073 0.2083333303044874 0.017509561034050422
1 0.48813350911445375 0.22199999999999273 0.21626701822890754 0.016050430947871064
0 0.3800000000000009 0.22199999999999273 0.22916666333493596 0.016050430947871064
1 0.17886971676403754 0.9359999999999927 0.3577394335280751 0.016050430947871064
0 0.03029166583373444 0.9359999999999927 0.06058333166746888 0.016050430947871064
1 0.34744107372277083 0.49800000000000727 0.3068821474455417 0.013132170775541454
0 0.194 0.49800000000000727 0.12499999818269135 0.013132170775541454
1 0.966 0.9100000000000072 0.068 0.013132170775541454
0 0.932 0.9100000000000072 0.12499999818269135 0.013132170775541454
1 0.8181176445343427 0.7499999999999927 0.12023528906868523 0.011673040689362096
0 0.758 0.7499999999999927 0.12499999818269135 0.011673040689362096
1 0.319071187215096 0.302 0.20614237443019193 0.010213910603197292
0 0.2160000000000009 0.302 0.1458333312131417 0.010213910603197292
1 0.19631999946137238 0.602 0.19663999892274478 0.010213910603197292
0 0.098 0.602 0.12499999818269135 0.010213910603197292