0 0.9801250006814908 0.326 0.03974999863701851 0.0496104229298071
1 0.38011377447289485 0.7859999999999927 0.36422754894578974 0.021886951292559388
0 0.1980000000000009 0.7859999999999927 0.2083333303044874 0.021886951292559388
0 0.9749166674238786 0.35 0.05016666515224279 0.020427821206394584
1 0.7866792540561746 0.16600000000000728 0.16135850811234922 0.017509561034050422
0 0.706000000000001 0.16600000000000728 0.18749999727403882 0.017509561034050422
1 0.05164728584031309 0.16800000000000728 0.10329457168062618 0.017509561034050422
1 0.8562884910332623 0.8260000000000073 0.2765769820665246 0.017509561034050422
0 0.718 0.8260000000000073 0.12499999818269135 0.017509561034050422
1 0.5890954064035586 0.8659999999999928 0.21819081280711725 0.016050430947871064
0 0.4800000000000009 0.8659999999999928 0.1458333312131417 0.016050430947871064
1 0.5059854757855065 0.544 0.20397095157101286 0.014591300861706258
0 0.404 0.544 0.12499999818269135 0.014591300861706258
1 0.8286018803510906 0.622 0.24520376070218117 0.014591300861706258
0 0.706000000000001 0.622 0.1458333312131417 0.014591300861706258
1 0.946 0.010000000000007276 0.108 0.013132170775541454
0 0.8920000000000009 0.010000000000007276 0.18749999727403882 0.013132170775541454
1 0.994 0.5279999999999927 0.012 0.011673040689362096
0 0.9627500004543271 0.5279999999999927 0.07449999909134566 0.011673040689362096
1 0.45476886146723794 0.5939999999999928 0.10153772293447583 0.011673040689362096
0 0.404 0.5939999999999928 0.12499999818269135 0.011673040689362096