1 0.952 0.06400000000000727 0.096 0.05690607336066023
0 0.8895000009086539 0.06400000000000727 0.22099999818269225 0.05690607336066023
1 0.4528869155355087 0.698 0.9057738310710174 0.0496104229298071
0 0.1258333312131408 0.698 0.2516666624262816 0.0496104229298071
1 0.36590650697677846 0.23599999999999272 0.31181301395355693 0.036478252154265645
0 0.21000000000000046 0.23599999999999272 0.12499999818269225 0.036478252154265645
1 0.724 0.95 0.552 0.035019122068100844
0 0.448 0.95 0.22916666333493596 0.035019122068100844
1 0.675 0.6800000000000073 0.65 0.03210086189575668
0 0.35 0.6800000000000073 0.27083332939583304 0.03210086189575668
1 0.3297938662834558 0.5 0.32758773256691165 0.02480521146490355
0 0.16599999999999954 0.5 0.20833333030448647 0.02480521146490355
1 0.887 0.006471737823136209 0.226 0.012943475646272419
0 0.7739999999999996 0.006471737823136209 0.20833333030448647 0.012943475646272419
0 0.9440833343934296 0.7139999999999928 0.1118333312131408 0.021886951292559388
1 0.4750309392360018 0.06200000000000728 0.5100618784720037 0.017509561034050422
0 0.22000000000000045 0.06200000000000728 0.12499999818269225 0.017509561034050422
1 0.741 0.6980000000000073 0.518 0.017509561034050422
0 0.48199999999999954 0.6980000000000073 0.18749999727403793 0.017509561034050422
1 0.5593199486366452 0.9919873922630286 0.11463989727329045 0.016025215473942808
0 0.5020000000000004 0.9919873922630286 0.12499999818269225 0.016025215473942808
1 0.31156849114577473 0.292 0.41913698229154944 0.014591300861706258
0 0.10199999999999955 0.292 0.16666666424358936 0.014591300861706258
1 0.30851800278004476 0.5980000000000073 0.3250360055600895 0.013132170775541454
0 0.14600000000000046 0.5980000000000073 0.14583333121314082 0.013132170775541454
1 0.903 0.26799999999999274 0.194 0.011673040689362096
0 0.8060000000000005 0.26799999999999274 0.08333333212179514 0.011673040689362096
1 0.876 0.8279999999999927 0.248 0.011673040689362096
0 0.7520000000000004 0.8279999999999927 0.14583333121314082 0.011673040689362096
1 0.4143752951764254 0.184 0.10475059035285085 0.010213910603197292
0 0.36200000000000043 0.184 0.12499999818269225 0.010213910603197292
1 0.887 0.296 0.226 0.010213910603197292
0 0.7740000000000005 0.296 0.08333333212179514 0.010213910603197292
1 0.4118432928948532 0.158 0.20768658578970645 0.008754780517017934
0 0.30800000000000044 0.158 0.1041666651522437 0.008754780517017934
1 0.7275282183699433 0.5559999999999927 0.23105643673988652 0.007295650430853129
0 0.6120000000000004 0.5559999999999927 0.08333333212179514 0.007295650430853129