1 0.07614323077558129 0.334 0.15228646155116257 0.029182601723412516
1 0.034021346832419114 0.944 0.06804269366483823 0.02480521146490355
1 0.07736440499416858 0.5560000000000073 0.15472880998833716 0.017509561034050422
0 0.021458332803285886 0.5560000000000073 0.04291666560657177 0.017509561034050422
1 0.888702797036185 0.7959999999999927 0.10540559407237014 0.016050430947871064
0 0.8359999999999982 0.7959999999999927 0.1458333312131399 0.016050430947871064
1 0.12764428955596577 0.48 0.25528857911193154 0.014591300861706258
0 0.021249999545672835 0.48 0.04249999909134567 0.014591300861706258
1 0.17187947462184455 0.03800000000000728 0.2957589492436891 0.013132170775541454
0 0.053666666060898024 0.03800000000000728 0.10733333212179605 0.013132170775541454
1 0.973 0.672 0.054 0.008754780517017934
0 0.9459999999999982 0.672 0.10416666515224278 0.008754780517017934
1 0.967 0.768 0.066 0.008754780517017934
0 0.934 0.768 0.12499999818269135 0.008754780517017934
1 0.8553122884208624 0.45199999999999274 0.21062457684172478 0.007295650430853129
0 0.7499999999999982 0.45199999999999274 0.10416666515224278 0.007295650430853129