1 0.5938156318739427 0.8480000000000036 0.18763126374788544 0.023346081378731467
0 0.5 0.8480000000000036 0.14583333121314082 0.023346081378731467
1 0.11965175878771128 0.7079999999999964 0.21530351757542257 0.020427821206387305
0 0.042458332803285204 0.7079999999999964 0.08491666560657041 0.020427821206387305
1 0.831 0.7279999999999963 0.338 0.020427821206387305
0 0.662 0.7279999999999963 0.12499999818269225 0.020427821206387305
1 0.783 0.9938930446984013 0.434 0.012213910603197292
0 0.5660000000000003 0.9938930446984013 0.20833333030448695 0.012213910603197292
1 0.22065369966256868 0.772 0.22130739932513735 0.017509561034050422
0 0.10999999999999978 0.772 0.08333333212179468 0.017509561034050422
1 0.17113829009497045 0.5060000000000037 0.16627658018994088 0.01605043094787834
0 0.0908749993185097 0.5060000000000037 0.1817499986370194 0.01605043094787834
1 0.934 0.178 0.132 0.014591300861706258
0 0.8679999999999998 0.178 0.08333333212179468 0.014591300861706258
0 0.9853333339391026 0.21399999999999636 0.029333332121794682 0.013132170775534177
1 0.4923715649217422 0.7599999999999963 0.18074312984348445 0.013132170775534177
0 0.402 0.7599999999999963 0.12499999818269225 0.013132170775534177
0 0.8799999999999998 0.9987169573061146 0.08333333212179468 0.0025660853877707266
1 0.5852175135448678 0.324 0.12643502708973575 0.011673040689362096
0 0.522 0.324 0.12499999818269225 0.011673040689362096
1 0.15265939096970602 0.938 0.30531878193941203 0.011673040689362096
1 0.07754088782989925 0.204 0.1070817756597985 0.010213910603197292
0 0.04324999954567306 0.204 0.08649999909134612 0.010213910603197292