1 0.7315647257476874 0.324 0.4151294514953747 0.020427821206394584
0 0.524 0.324 0.2499999963653845 0.020427821206394584
1 0.963 0.09400000000000727 0.074 0.017509561034050422
0 0.9161250006814905 0.09400000000000727 0.16774999863701895 0.017509561034050422
1 0.40814254486466506 0.5500000000000073 0.28828508972933015 0.017509561034050422
0 0.2639999999999998 0.5500000000000073 0.2291666633349355 0.017509561034050422
1 0.925 0.6060000000000073 0.15 0.017509561034050422
0 0.85 0.6060000000000073 0.16666666424358936 0.017509561034050422
1 0.7431790220054565 0.4819999999999927 0.2863580440109131 0.016050430947871064
0 0.6000000000000002 0.4819999999999927 0.18749999727403838 0.016050430947871064
1 0.7647704631708024 0.4239999999999927 0.19754092634160497 0.011673040689362096
0 0.6659999999999998 0.4239999999999927 0.10416666515224324 0.011673040689362096
1 0.41399726107441187 0.7599999999999927 0.16799452214882377 0.011673040689362096
0 0.33 0.7599999999999927 0.16666666424358936 0.011673040689362096
0 0.9587500004543269 0.064 0.08249999909134613 0.010213910603197292
1 0.892 0.7 0.216 0.010213910603197292
0 0.784 0.7 0.12499999818269225 0.010213910603197292