1 0.59 0.07800000000000364 0.82 0.03355999198192876
0 0.1800000000000009 0.07800000000000364 0.22916666333493596 0.03355999198192876
1 0.812 0.282 0.376 0.02480521146490355
0 0.6240000000000009 0.282 0.27083332939583304 0.02480521146490355
1 0.7156302804142942 0.598 0.5072605608285885 0.02480521146490355
0 0.4620000000000009 0.598 0.1458333312131417 0.02480521146490355
1 0.0895960361093703 0.3539999999999964 0.1791920722187406 0.020427821206387305
1 0.3796189651354753 0.014000000000003638 0.5072379302709505 0.0189686911202225
0 0.126 0.014000000000003638 0.10416666515224278 0.0189686911202225
1 0.7987677560109733 0.71 0.17353551202194648 0.017509561034050422
0 0.712 0.71 0.12499999818269135 0.017509561034050422
1 0.942 0.294 0.116 0.014591300861706258
0 0.884 0.294 0.10416666515224278 0.014591300861706258
1 0.7119411725878672 0.24800000000000363 0.17588234517573437 0.008754780517025211
0 0.624 0.24800000000000363 0.08333333212179422 0.008754780517025211
1 0.53 0.378 0.94 0.007295650430853129
0 0.06124999954567283 0.378 0.12249999909134567 0.007295650430853129
1 0.09055386667567564 0.6839999999999964 0.18110773335135127 0.005836520344681048