1 0.928 0.5340000000000036 0.144 0.023346081378731467
0 0.8559999999999995 0.5340000000000036 0.16666666424358936 0.023346081378731467
0 0.9245000009086539 0.7659999999999964 0.15099999818269225 0.020427821206387305
1 0.976 0.832 0.048 0.017509561034050422
0 0.9447500004543271 0.832 0.11049999909134567 0.017509561034050422
1 0.6505546362941441 0.8560000000000036 0.3051092725882881 0.01605043094787834
0 0.49799999999999955 0.8560000000000036 0.16666666424358936 0.01605043094787834
1 0.04354422795461096 0.8700000000000037 0.08708845590922192 0.01605043094787834
1 0.814 0.52 0.372 0.011673040689362096
0 0.6280000000000004 0.52 0.1041666651522437 0.011673040689362096
1 0.7434134758161758 0.572 0.31882695163235164 0.011673040689362096
0 0.5840000000000004 0.572 0.1041666651522437 0.011673040689362096
1 0.34791777352403414 0.978 0.4158355470480683 0.011673040689362096
0 0.14000000000000046 0.978 0.08333333212179514 0.011673040689362096
1 0.48708346098751143 0.6020000000000036 0.15416692197502288 0.008754780517025211
0 0.4100000000000005 0.6020000000000036 0.08333333212179514 0.008754780517025211