1 0.301031598978861 0.948 0.08606319795772197 0.03793738224043818
0 0.25800000000000045 0.948 0.08333333212179514 0.03793738224043818
0 0.9731250006814903 0.4220000000000001 0.05374999863701942 0.024805211464901958
1 0.41229105499449725 0.5340000000000001 0.24058210998899449 0.021886951292560526
0 0.2920000000000005 0.5340000000000001 0.14583333121314082 0.021886951292560526
1 0.906 0.9260000000000002 0.188 0.021886951292560526
0 0.8119999999999995 0.9260000000000002 0.18749999727403793 0.021886951292560526
0 0.9617500004543271 0.28199999999999986 0.07649999909134567 0.014591300861706942
1 0.868 0.9980817398276586 0.264 0.0038365203446828673
0 0.7360000000000004 0.9980817398276586 0.14583333121314082 0.0038365203446828673
1 0.47577353423753177 0.8579999999999999 0.2595470684750635 0.01021391060319479
0 0.3460000000000005 0.8579999999999999 0.1041666651522437 0.01021391060319479
1 0.31793462682306606 0.8419999999999999 0.24786925364613216 0.008754780517024073
0 0.19400000000000045 0.8419999999999999 0.1041666651522437 0.008754780517024073
1 0.6449278420804526 0.9819999999999999 0.18585568416090517 0.008754780517024073
0 0.552 0.9819999999999999 0.062499999091345675 0.008754780517024073