1 0.18574863194607816 0.284 0.3714972638921563 0.030641731809591875
0 0.01145833280328543 0.284 0.02291666560657086 0.030641731809591875
0 0.9539166674238782 0.12 0.0921666651522437 0.029182601723412516
1 0.17126415139627488 0.766 0.29052830279254976 0.029182601723412516
0 0.07029166583373399 0.766 0.14058333166746798 0.029182601723412516
1 0.2980504617336642 0.5180000000000072 0.5001009234673284 0.027723471637247712
0 0.09170833234895827 0.5180000000000072 0.18341666469791654 0.027723471637247712
1 0.8096660344765901 0.098 0.24333206895318016 0.02480521146490355
0 0.6879999999999995 0.098 0.16666666424358936 0.02480521146490355
1 0.11188350278731286 0.654 0.22376700557462573 0.02480521146490355
1 0.7188142184478006 0.4959999999999927 0.4336284368956012 0.021886951292559388
0 0.502 0.4959999999999927 0.020833333030448556 0.021886951292559388
1 0.952 0.154 0.096 0.020427821206394584
0 0.894708334166266 0.154 0.21058333166746798 0.020427821206394584
1 0.05334978776622711 0.02 0.10669957553245422 0.018968691120215226
1 0.854 0.3300000000000073 0.292 0.017509561034050422
0 0.7079999999999995 0.3300000000000073 0.16666666424358936 0.017509561034050422
1 0.4406724395689598 0.6800000000000073 0.20134487913791962 0.017509561034050422
0 0.34000000000000047 0.6800000000000073 0.1041666651522437 0.017509561034050422
1 0.48574220166638454 0.888 0.31148440333276906 0.014591300861706258
0 0.33000000000000046 0.888 0.12499999818269225 0.014591300861706258
1 0.898 0.992 0.204 0.014591300861706258
0 0.7960000000000005 0.992 0.14583333121314082 0.014591300861706258
1 0.898 0.016000000000007276 0.204 0.013132170775541454
0 0.7959999999999996 0.016000000000007276 0.16666666424358936 0.013132170775541454
1 0.720091906683364 0.6300000000000072 0.41218381336672794 0.013132170775541454
0 0.5140000000000005 0.6300000000000072 0.14583333121314082 0.013132170775541454
1 0.14731888398294404 0.11799999999999272 0.2946377679658881 0.011673040689362096
1 0.5413399804138862 0.24599999999999272 0.6626799608277725 0.011673040689362096
0 0.21000000000000046 0.24599999999999272 0.12499999818269225 0.011673040689362096
1 0.7336604405914522 0.4259999999999927 0.3313208811829045 0.011673040689362096
0 0.5680000000000005 0.4259999999999927 0.14583333121314082 0.011673040689362096
1 0.7467180931474482 0.234 0.4654361862948963 0.010213910603197292
0 0.5140000000000005 0.234 0.1041666651522437 0.010213910603197292
1 0.6064301399926908 0.822 0.20886027998538156 0.004377390258508967