1 0.08063007807188569 0.18400000000000727 0.16126015614377137 0.017509561034050422
1 0.9 0.21600000000000727 0.2 0.017509561034050422
0 0.8000000000000009 0.21600000000000727 0.18749999727403882 0.017509561034050422
1 0.937 0.7980000000000073 0.126 0.017509561034050422
0 0.874 0.7980000000000073 0.12499999818269135 0.017509561034050422
1 0.47099140298717523 0.6279999999999927 0.27798280597435043 0.016050430947871064
0 0.332 0.6279999999999927 0.10416666515224278 0.016050430947871064
0 0.965541667196715 0.6719999999999927 0.06891666560656995 0.016050430947871064
1 0.937 0.248 0.126 0.014591300861706258
0 0.874 0.248 0.08333333212179422 0.014591300861706258
1 0.3799018489033424 0.908 0.2038036978066848 0.014591300861706258
0 0.278 0.908 0.12499999818269135 0.014591300861706258
1 0.4039521163514164 0.6839999999999927 0.3359042327028328 0.011673040689362096
0 0.236 0.6839999999999927 0.10416666515224278 0.011673040689362096
1 0.14667502355688886 0.7979999999999927 0.2933500471137777 0.007295650430853129
0 0.008833333030448557 0.7979999999999927 0.017666666060897115 0.007295650430853129
1 0.932 0.9159999999999927 0.136 0.007295650430853129
0 0.864 0.9159999999999927 0.062499999091345675 0.007295650430853129