1 0.7031805231891576 0.492 0.5143610463783153 0.030641731809591875
0 0.44600000000000184 0.492 0.4166666606089748 0.030641731809591875
1 0.07634400611074671 0.69 0.15268801222149342 0.02480521146490355
1 0.21610140459764626 0.15 0.1682028091952925 0.018968691120215226
0 0.1337083323489569 0.15 0.2674166646979138 0.018968691120215226
1 0.5858176139154366 0.168 0.1716352278308732 0.018968691120215226
0 0.49999999999999817 0.168 0.1458333312131399 0.018968691120215226
1 0.4003315151141487 0.45 0.8006630302282974 0.018968691120215226
1 0.3332081876253233 0.802 0.16241637525064653 0.018968691120215226
0 0.25199999999999817 0.802 0.10416666515224278 0.018968691120215226
1 0.7705451545796786 0.5160000000000072 0.3450903091593573 0.017509561034050422
0 0.5979999999999982 0.5160000000000072 0.18749999727403702 0.017509561034050422
1 0.43473315738070234 0.9200000000000073 0.32546631476140464 0.017509561034050422
0 0.2719999999999982 0.9200000000000073 0.22916666333493413 0.017509561034050422
1 0.76841248053661 0.8199999999999927 0.34082496107322 0.016050430947871064
0 0.5979999999999982 0.8199999999999927 0.10416666515224278 0.016050430947871064
1 0.0546896928547394 0.24399999999999272 0.1093793857094788 0.011673040689362096
1 0.2799167704144693 0.4699999999999927 0.16783354082893856 0.011673040689362096
0 0.19599999999999818 0.4699999999999927 0.1458333312131399 0.011673040689362096