1 0.2261968928873648 0.042 0.4523937857747296 0.023346081378731467
1 0.4281269740369671 0.917999999999999 0.49625394807393425 0.020427821206389127
0 0.1800000000000009 0.917999999999999 0.2499999963653845 0.020427821206389127
0 0.9713333339391029 0.03200000000000091 0.05733333212179423 0.0175095610340486
1 0.16121416979097922 0.7520000000000009 0.32242833958195843 0.0175095610340486
1 0.052677778989544094 0.462 0.10535555797908819 0.01605043094787834
1 0.47216246059184597 0.962 0.9443249211836919 0.01605043094787834
0 0.0390833325761223 0.962 0.0781666651522446 0.01605043094787834
1 0.633 0.196 0.734 0.011673040689365734
0 0.2660000000000009 0.196 0.1458333312131417 0.011673040689365734
1 0.35063734703011507 0.444 0.1692746940602301 0.011673040689365734
0 0.2660000000000009 0.444 0.1458333312131417 0.011673040689365734
1 0.06349998742429033 0.10800000000000091 0.12699997484858067 0.010213910603195472
1 0.7327476138003313 0.65 0.5214952276006625 0.007295650430853129
0 0.472 0.65 0.08333333212179422 0.007295650430853129