1 0.38659065268307313 0.916 0.27318130536614627 0.029182601723412516
0 0.25 0.916 0.12499999818269225 0.029182601723412516
1 0.21070898924443576 0.354 0.26541797848887155 0.020427821206394584
0 0.08066666606089734 0.354 0.16133333212179468 0.020427821206394584
1 0.593271500290077 0.932 0.29454300058015404 0.018968691120215226
0 0.446 0.932 0.16666666424358936 0.018968691120215226
1 0.7235372464752888 0.8660000000000073 0.3590744929505777 0.017509561034050422
0 0.544 0.8660000000000073 0.12499999818269225 0.017509561034050422
1 0.891 0.3599999999999927 0.218 0.016050430947871064
0 0.782 0.3599999999999927 0.16666666424358936 0.016050430947871064
1 0.613075466371218 0.37599999999999273 0.354150932742436 0.016050430947871064
0 0.4360000000000002 0.37599999999999273 0.18749999727403838 0.016050430947871064
1 0.3501688083631061 0.38799999999999274 0.3283376167262122 0.016050430947871064
0 0.18599999999999978 0.38799999999999274 0.08333333212179468 0.016050430947871064
1 0.022439510826748575 0.6559999999999927 0.04487902165349715 0.016050430947871064
1 0.831 0.8839999999999927 0.338 0.016050430947871064
0 0.662 0.8839999999999927 0.14583333121314082 0.016050430947871064
1 0.27750155511241176 0.05600000000000727 0.27100311022482354 0.013132170775541454
0 0.142 0.05600000000000727 0.14583333121314082 0.013132170775541454
1 0.5710293120316662 0.017999999999992723 0.29405862406333244 0.011673040689362096
0 0.42399999999999977 0.017999999999992723 0.10416666515224324 0.011673040689362096
1 0.09064659150669627 0.8719999999999927 0.18129318301339253 0.011673040689362096
0 0.016041666288060696 0.8719999999999927 0.03208333257612139 0.011673040689362096