0 0.9617500004543271 0.042 0.07649999909134567 0.033559991981921486
1 0.792 0.268 0.416 0.02480521146490355
0 0.5840000000000004 0.268 0.1041666651522437 0.02480521146490355
1 0.4846765063505304 0.298 0.16935301270106085 0.018968691120215226
0 0.40000000000000047 0.298 0.12499999818269225 0.018968691120215226
1 0.19727162909195023 0.6640000000000073 0.26654325818390046 0.017509561034050422
0 0.07366666606089757 0.6640000000000073 0.14733333212179514 0.017509561034050422
1 0.754 0.029999999999992723 0.492 0.016050430947871064
0 0.5079999999999996 0.029999999999992723 0.20833333030448647 0.016050430947871064
1 0.04392536160697773 0.08399999999999272 0.08785072321395546 0.016050430947871064
1 0.5070331543469083 0.052 0.17006630869381661 0.014591300861706258
0 0.42199999999999954 0.052 0.18749999727403793 0.014591300861706258
1 0.7042950002310122 0.148 0.5205900004620244 0.014591300861706258
0 0.44400000000000045 0.148 0.14583333121314082 0.014591300861706258
1 0.05203416753887723 0.568 0.10406833507775445 0.014591300861706258
0 0.9511250006814903 0.4420000000000073 0.09774999863701941 0.013132170775541454
1 0.3482681030891627 0.422 0.4405362061783253 0.010213910603197292
0 0.12799999999999978 0.422 0.08333333212179468 0.010213910603197292
1 0.4081099537692494 0.4299999999999927 0.30021990753849875 0.007295650430853129
0 0.25800000000000045 0.4299999999999927 0.08333333212179514 0.007295650430853129
1 0.5053898580989953 0.452 0.4507797161979906 0.004377390258508967
0 0.28 0.452 0.062499999091345675 0.004377390258508967