1 0.33794461625925576 0.5479999999999964 0.16788923251851157 0.045233032671290856
0 0.2540000000000009 0.5479999999999964 0.1458333312131417 0.045233032671290856
1 0.31839656560079127 0.01999999999999636 0.34479313120158256 0.03793738224043773
0 0.1460000000000009 0.01999999999999636 0.18749999727403882 0.03793738224043773
1 0.08469090404448343 0.9759999999999963 0.16938180808896686 0.035019122068093565
1 0.06886769290518077 0.674 0.13773538581036154 0.029182601723412516
1 0.02513194510016183 0.03200000000000364 0.05026389020032366 0.0189686911202225
1 0.3571760693844881 0.394 0.3343521387689761 0.017509561034050422
0 0.19 0.394 0.12499999818269135 0.017509561034050422
1 0.23599274810187945 0.938 0.3759854962037589 0.017509561034050422
0 0.060458332803285886 0.938 0.12091666560657177 0.017509561034050422
1 0.13433522716874358 0.7120000000000036 0.26867045433748715 0.01605043094787834
1 0.311739688968908 0.8720000000000037 0.31147937793781605 0.01605043094787834
0 0.156 0.8720000000000037 0.12499999818269135 0.01605043094787834
1 0.376605929709207 0.954 0.15721185941841395 0.014591300861706258
0 0.298 0.954 0.08333333212179422 0.014591300861706258
1 0.4186235404894578 0.932 0.39324708097891564 0.010213910603197292
0 0.222 0.932 0.10416666515224278 0.010213910603197292
1 0.3827974806861557 0.844 0.08159496137231144 0.007295650430853129
0 0.342 0.844 0.08333333212179422 0.007295650430853129