1 0.7387441824763037 0.368 0.2734883649526073 0.014591300861706258
0 0.6020000000000009 0.368 0.16666666424359028 0.014591300861706258
1 0.3821731909277978 0.21800000000000727 0.2563463818555956 0.013132170775541454
0 0.254 0.21800000000000727 0.12499999818269135 0.013132170775541454
1 0.936 0.23400000000000729 0.128 0.013132170775541454
0 0.872 0.23400000000000729 0.020833333030448556 0.013132170775541454
1 0.3266890652628945 0.478 0.25337813052578895 0.010213910603197292
0 0.2 0.478 0.10416666515224278 0.010213910603197292
1 0.9032149826849755 0.39799999999999275 0.19042996536995088 0.007295650430853129
0 0.808 0.39799999999999275 0.10416666515224278 0.007295650430853129
1 0.963 0.312 0.074 0.005836520344688324
0 0.926 0.312 0.062499999091345675 0.005836520344688324