1 0.5970682274087958 0.308 0.21413645481759158 0.035019122068100844
0 0.49 0.308 0.062499999091345675 0.035019122068100844
1 0.28687495444738487 0.676 0.4417499088947698 0.030641731809591875
0 0.12154166537940682 0.676 0.24308333075881364 0.030641731809591875
1 0.14211951228961697 0.444 0.28423902457923395 0.029182601723412516
1 0.5940270720545445 0.10199999999999272 0.14405414410908907 0.021886951292559388
0 0.522 0.10199999999999272 0.29166666242628164 0.021886951292559388
1 0.08637111127518529 0.606 0.17274222255037058 0.020427821206394584
1 0.951 0.76 0.098 0.020427821206394584
0 0.9020000000000005 0.76 0.1041666651522437 0.020427821206394584
1 0.772024606508543 0.852 0.284049213017086 0.018968691120215226
0 0.63 0.852 0.22916666333493596 0.018968691120215226
1 0.581335176387744 0.8740000000000073 0.402670352775488 0.013132170775541454
0 0.38000000000000045 0.8740000000000073 0.14583333121314082 0.013132170775541454
1 0.11989572963928777 0.2839999999999927 0.23979145927857554 0.011673040689362096