1 0.782276587615294 0.348 0.32055317523058785 0.02480521146490355
0 0.6219999999999996 0.348 0.20833333030448647 0.02480521146490355
1 0.58912247965716 0.418 0.6062449593143201 0.02480521146490355
0 0.2860000000000005 0.418 0.14583333121314082 0.02480521146490355
1 0.697 0.436 0.606 0.02480521146490355
0 0.39400000000000046 0.436 0.14583333121314082 0.02480521146490355
1 0.7713877922574989 0.342 0.3187755845149977 0.023346081378724192
0 0.6120000000000004 0.342 0.14583333121314082 0.023346081378724192
1 0.6106567736865581 0.03 0.3253135473731163 0.020427821206394584
0 0.448 0.03 0.22916666333493596 0.020427821206394584
1 0.941 0.019999999999992725 0.118 0.016050430947871064
0 0.8820000000000005 0.019999999999992725 0.1041666651522437 0.016050430947871064
1 0.47691077370839774 0.396 0.4018215474167955 0.014591300861706258
0 0.2759999999999995 0.396 0.20833333030448647 0.014591300861706258
1 0.032471543999022745 0.396 0.06494308799804549 0.014591300861706258
1 0.93 0.32999999999999274 0.14 0.011673040689362096
0 0.8600000000000004 0.32999999999999274 0.12499999818269225 0.011673040689362096
1 0.12997261075576624 0.3739999999999927 0.2599452215115325 0.011673040689362096
0 0.02245833280328543 0.3739999999999927 0.04491666560657086 0.011673040689362096
1 0.09880637244068931 0.38599999999999274 0.19761274488137862 0.011673040689362096
1 0.7462262253946992 0.5899999999999928 0.20445245078939842 0.011673040689362096
0 0.6440000000000005 0.5899999999999928 0.1041666651522437 0.011673040689362096
1 0.957 0.08 0.086 0.010213910603197292
0 0.9140000000000005 0.08 0.14583333121314082 0.010213910603197292
1 0.06709710077582713 0.418 0.13419420155165426 0.010213910603197292