1 0.824 0.628 0.352 0.03355999198192603
0 0.6480000000000009 0.628 0.22916666333493596 0.03355999198192603
1 0.6579305979399406 0.312 0.45186119587988105 0.021886951292560297
0 0.4320000000000009 0.312 0.18749999727403882 0.021886951292560297
0 0.9557500004543271 0.5239999999999998 0.08849999909134568 0.02042782120638958
0 0.9409166674238786 0.20399999999999976 0.11816666515224279 0.017509561034048146
1 0.499186729509689 0.7059999999999997 0.30637345901937807 0.017509561034048146
0 0.346 0.7059999999999997 0.10416666515224278 0.017509561034048146
1 0.933 0.4820000000000002 0.134 0.013132170775536451
0 0.866 0.4820000000000002 0.08333333212179422 0.013132170775536451
1 0.9 0.7360000000000002 0.2 0.013132170775536451
0 0.8 0.7360000000000002 0.12499999818269135 0.013132170775536451
1 0.17387055682835034 0.9260000000000003 0.3477411136567007 0.013132170775536451
1 0.4631441087618705 0.9700000000000002 0.30228821752374097 0.013132170775536451
0 0.312 0.9700000000000002 0.10416666515224278 0.013132170775536451
1 0.591 0.494 0.818 0.011673040689365734
0 0.1820000000000009 0.494 0.1458333312131417 0.011673040689365734
1 0.04886136318892659 0.4140000000000002 0.09772272637785318 0.010213910603195018
1 0.6508062294192969 0.5180000000000002 0.45761245883859375 0.010213910603195018
0 0.422 0.5180000000000002 0.12499999818269135 0.010213910603195018
1 0.1960473175396528 0.8520000000000002 0.3920946350793056 0.010213910603195018
1 0.42923770511824205 0.3600000000000002 0.2984754102364841 0.0072956504308535845
0 0.28 0.3600000000000002 0.062499999091345675 0.0072956504308535845
1 0.852 0.5820000000000002 0.296 0.0072956504308535845
0 0.704 0.5820000000000002 0.04166666606089711 0.0072956504308535845
1 0.03252644357280633 0.6240000000000002 0.06505288714561266 0.0072956504308535845
1 0.7411890320273996 0.942 0.4663780640547993 0.005836520344682867
0 0.508 0.942 0.062499999091345675 0.005836520344682867