1 0.4434487237432368 0.7580000000000037 0.38689744748647353 0.04815129284363502
0 0.25 0.7580000000000037 0.22916666333493596 0.04815129284363502
1 0.45747376028682313 0.6220000000000037 0.26294752057364623 0.02626434155107563
0 0.32600000000000046 0.6220000000000037 0.12499999818269225 0.02626434155107563
1 0.6270447129376293 0.02 0.12208942587525871 0.017509561034050422
0 0.5660000000000005 0.02 0.14583333121314082 0.017509561034050422
1 0.929 0.5 0.142 0.017509561034050422
0 0.8580000000000004 0.5 0.08333333212179514 0.017509561034050422
1 0.4261659979621918 0.748 0.6323319959243836 0.017509561034050422
0 0.11000000000000046 0.748 0.14583333121314082 0.017509561034050422
1 0.21351310585775354 0.846 0.2510262117155071 0.014591300861706258
0 0.08799999999999955 0.846 0.16666666424358936 0.014591300861706258
1 0.918 0.984 0.164 0.014591300861706258
0 0.8360000000000004 0.984 0.12499999818269225 0.014591300861706258
1 0.961 0.7159999999999964 0.078 0.013132170775534177
0 0.9220000000000005 0.7159999999999964 0.14583333121314082 0.013132170775534177
1 0.23275832886032505 0.728 0.3775166577206501 0.011673040689362096
0 0.05845833280328543 0.728 0.11691666560657087 0.011673040689362096