1 0.898 0.8279999999999991 0.204 0.03210086189575486
0 0.796 0.8279999999999991 0.16666666424358936 0.03210086189575486
1 0.1486880830913451 0.086 0.1813761661826902 0.018968691120218865
0 0.08108333257612162 0.086 0.16216666515224323 0.018968691120218865
1 0.055884928498370075 0.258 0.11176985699674015 0.01605043094787834
1 0.47766525821935035 0.144 0.16733051643870067 0.014591300861706258
0 0.3939999999999998 0.144 0.10416666515224324 0.014591300861706258
1 0.29371296493613636 0.256 0.23142592987227273 0.014591300861706258
0 0.17799999999999977 0.256 0.10416666515224324 0.014591300861706258
1 0.903 0.282 0.194 0.014591300861706258
0 0.806 0.282 0.16666666424358936 0.014591300861706258