1 0.6465026965476245 0.76 0.577005393095249 0.043773902585118776
0 0.358 0.76 0.5208333257612175 0.043773902585118776
1 0.857 0.2660000000000073 0.286 0.03210086189575668
0 0.714 0.2660000000000073 0.16666666424358845 0.03210086189575668
0 0.9079166674238786 0.3480000000000073 0.18416666515224278 0.027723471637247712
1 0.792 0.572 0.416 0.02480521146490355
0 0.5839999999999982 0.572 0.22916666333493413 0.02480521146490355
1 0.787 0.682 0.426 0.02480521146490355
0 0.574 0.682 0.12499999818269135 0.02480521146490355
0 0.9511250006814899 0.6959999999999927 0.09774999863702033 0.016050430947871064
1 0.6104533088954631 0.918 0.35290661779092625 0.014591300861706258
0 0.43399999999999817 0.918 0.10416666515224278 0.014591300861706258
1 0.6791375411750923 0.328 0.12227508235018468 0.010213910603197292
0 0.6179999999999982 0.328 0.062499999091345675 0.010213910603197292
1 0.02727749398832384 0.672 0.05455498797664768 0.008754780517017934
1 0.12955352362539815 0.768 0.2591070472507963 0.008754780517017934