1 0.532 0.16000000000000728 0.936 0.06711998396385752
0 0.09449999909134567 0.16000000000000728 0.18899999818269134 0.06711998396385752
1 0.765 0.738 0.47 0.033559991981921486
0 0.5300000000000018 0.738 0.4166666606089748 0.033559991981921486
1 0.3796251132344678 0.09200000000000727 0.2632502264689356 0.03210086189575668
0 0.2479999999999982 0.09200000000000727 0.1458333312131399 0.03210086189575668
1 0.7293113488623912 0.5879999999999928 0.4186226977247825 0.021886951292559388
0 0.5199999999999981 0.5879999999999928 0.18749999727403702 0.021886951292559388
1 0.857 0.4060000000000073 0.286 0.017509561034050422
0 0.7139999999999982 0.4060000000000073 0.1458333312131399 0.017509561034050422
1 0.584680582145209 0.8759999999999927 0.8013611642904179 0.016050430947871064
0 0.184 0.8759999999999927 0.20833333030448556 0.016050430947871064
1 0.11027621629955683 0.858 0.22055243259911367 0.014591300861706258
1 0.7669246992197696 0.518 0.2778493984395391 0.010213910603197292
0 0.6279999999999982 0.518 0.1458333312131399 0.010213910603197292
1 0.749297194955152 0.844 0.286594389910304 0.010213910603197292
0 0.6059999999999982 0.844 0.062499999091345675 0.010213910603197292
1 0.05862179789106449 0.51 0.11724359578212898 0.005836520344688324
1 0.13942015052681744 0.832 0.2788403010536349 0.004377390258508967