1 0.15072965312096132 0.5819999999999982 0.30145930624192263 0.03355999198192512
0 0.0280833325761223 0.5819999999999982 0.0561666651522446 0.03355999198192512
1 0.10068066465731954 0.382 0.20136132931463907 0.029182601723412516
1 0.861 0.598 0.278 0.02480521146490355
0 0.722 0.598 0.12499999818269135 0.02480521146490355
1 0.829 0.124 0.342 0.023346081378731467
0 0.6580000000000009 0.124 0.22916666333493596 0.023346081378731467
1 0.5504338387449871 0.962 0.1768676774899741 0.021886951292559388
0 0.4620000000000009 0.962 0.16666666424359028 0.021886951292559388
1 0.09441617271569976 0.26400000000000184 0.1888323454313995 0.020427821206390945
1 0.1522954866068185 0.44199999999999817 0.304590973213637 0.018968691120218865
1 0.2984225595959888 0.5320000000000018 0.5168451191919776 0.013132170775537815
0 0.05124999954567284 0.5320000000000018 0.10249999909134568 0.013132170775537815
1 0.801 0.32000000000000184 0.398 0.011673040689365734
0 0.6020000000000009 0.32000000000000184 0.16666666424359028 0.011673040689365734
1 0.6422073691122104 0.096 0.36041473822442094 0.008754780517025211
0 0.462 0.096 0.08333333212179422 0.008754780517025211
1 0.06866311813473931 0.468 0.13732623626947862 0.008754780517025211
0 0.013249999545672835 0.468 0.02649999909134567 0.008754780517025211