1 0.841 0.806 0.318 0.07733389456704026
0 0.682 0.806 0.312499995456732 0.07733389456704026
1 0.857 0.4819999999999927 0.286 0.036478252154265645
0 0.714 0.4819999999999927 0.2499999963653827 0.036478252154265645
1 0.5400837860477659 0.6399999999999927 0.2361675720955318 0.036478252154265645
0 0.422 0.6399999999999927 0.20833333030448556 0.036478252154265645
0 0.9324166683325329 0.542 0.13516666333493413 0.033559991981921486
0 0.8766666678782058 0.974 0.24666666424358846 0.033559991981921486
1 0.4131597068371484 0.404 0.3503194136742968 0.02480521146490355
0 0.23799999999999819 0.404 0.020833333030448556 0.02480521146490355
1 0.89 0.6679999999999927 0.22 0.021886951292559388
0 0.78 0.6679999999999927 0.312499995456732 0.021886951292559388
1 0.684 0.3679999999999927 0.632 0.016050430947871064
0 0.36799999999999816 0.3679999999999927 0.10416666515224278 0.016050430947871064
0 0.9731250006814899 0.7279999999999928 0.053749998637020326 0.016050430947871064
1 0.879 0.16 0.242 0.014591300861706258
0 0.7579999999999982 0.16 0.18749999727403702 0.014591300861706258
1 0.955 0.378 0.09 0.010213910603197292
0 0.91 0.378 0.08333333212179422 0.010213910603197292
1 0.5 0.578 1.0 0.010213910603197292
1 0.944 0.932 0.112 0.008754780517017934
0 0.8879999999999982 0.932 0.062499999091345675 0.008754780517017934
1 0.852 0.32599999999999274 0.296 0.007295650430853129
0 0.7039999999999982 0.32599999999999274 0.062499999091345675 0.007295650430853129
1 0.21711925219638215 0.5479999999999927 0.4342385043927643 0.007295650430853129
0 0.014833333030448557 0.5479999999999927 0.029666666060897115 0.007295650430853129