1 0.3813416994744985 0.8039999999999964 0.2426833989489969 0.027723471637240437
0 0.2599999999999982 0.8039999999999964 0.1458333312131399 0.027723471637240437
1 0.5402214975849329 0.9988930446984013 0.3644429951698658 0.0022139106031972915
0 0.358 0.9988930446984013 0.16666666424358845 0.0022139106031972915
1 0.41475033619778695 0.14600000000000363 0.11350067239557393 0.0189686911202225
0 0.358 0.14600000000000363 0.12499999818269135 0.0189686911202225
1 0.12632791103266935 0.28600000000000364 0.2526558220653387 0.0189686911202225
0 0.029708332348956902 0.28600000000000364 0.059416664697913804 0.0189686911202225
1 0.7363040890455159 0.8259999999999964 0.12860817809103173 0.013132170775534177
0 0.6719999999999982 0.8259999999999964 0.10416666515224278 0.013132170775534177
1 0.5904519180562166 0.788 0.24890383611243305 0.011673040689362096
0 0.4659999999999982 0.788 0.10416666515224278 0.011673040689362096
1 0.4037010203581303 0.832 0.24340204071626068 0.007295650430853129
0 0.282 0.832 0.08333333212179422 0.007295650430853129