1 0.399948313232564 0.188 0.5078966264651281 0.03939651232660981
0 0.1460000000000009 0.188 0.16666666424359028 0.03939651232660981
1 0.1924901568716714 0.7680000000000072 0.3329803137433428 0.027723471637247712
0 0.04424999954567284 0.7680000000000072 0.08849999909134568 0.027723471637247712
0 0.9605000009086543 0.744 0.07899999818269134 0.02480521146490355
1 0.904 0.7739999999999927 0.192 0.021886951292559388
0 0.8080000000000009 0.7739999999999927 0.2083333303044874 0.021886951292559388
1 0.0393784853719535 0.448 0.078756970743907 0.018968691120215226
1 0.6112664146024245 0.5179999999999927 0.5185328292048489 0.016050430947871064
0 0.352 0.5179999999999927 0.08333333212179422 0.016050430947871064
1 0.49096565953891697 0.6419999999999927 0.3419313190778339 0.011673040689362096
0 0.32 0.6419999999999927 0.10416666515224278 0.011673040689362096
1 0.941 0.36 0.118 0.008754780517017934
0 0.882 0.36 0.12499999818269135 0.008754780517017934
0 0.9743750002271636 0.248 0.05124999954567284 0.005836520344688324
1 0.8047278761961052 0.26 0.18945575239221035 0.002