0 0.9725000009086543 0.4280000000000018 0.05499999818269134 0.06711998396385388
1 0.32795484865923935 0.624 0.6559096973184787 0.036478252154265645
0 0.018666666060897116 0.624 0.03733333212179423 0.036478252154265645
1 0.894 0.5780000000000018 0.212 0.027723471637244073
0 0.7880000000000018 0.5780000000000018 0.2916666624262834 0.027723471637244073
1 0.6154593127279185 0.9000000000000018 0.15491862545583718 0.027723471637244073
0 0.5379999999999981 0.9000000000000018 0.22916666333493413 0.027723471637244073
1 0.916 0.954 0.168 0.02480521146490355
0 0.8320000000000018 0.954 0.33333332848718056 0.02480521146490355
1 0.5397924412704269 0.4120000000000018 0.43558488254085387 0.020427821206390945
0 0.322 0.4120000000000018 0.12499999818269135 0.020427821206390945
1 0.13403845013163845 0.5119999999999982 0.2680769002632769 0.018968691120218865
0 0.029458332803284065 0.5119999999999982 0.05891666560656813 0.018968691120218865
1 0.058577169598049296 0.02599999999999818 0.11715433919609859 0.017509561034046783
1 0.921 0.10599999999999818 0.158 0.017509561034046783
0 0.8419999999999982 0.10599999999999818 0.1458333312131399 0.017509561034046783
1 0.3381395550432226 0.534 0.29227911008644514 0.01605043094787834
0 0.19199999999999817 0.534 0.1458333312131399 0.01605043094787834
1 0.05564452554752643 0.546 0.11128905109505285 0.014591300861706258
1 0.894 0.9943521747845734 0.212 0.01129565043085313
0 0.7879999999999981 0.9943521747845734 0.18749999727403702 0.01129565043085313
1 0.7537192655088875 0.1600000000000018 0.29943853101777496 0.011673040689365734
0 0.6039999999999982 0.1600000000000018 0.1458333312131399 0.011673040689365734
1 0.15573347216458752 0.6620000000000018 0.14346694432917503 0.011673040689365734
0 0.08399999999999819 0.6620000000000018 0.1458333312131399 0.011673040689365734
1 0.8771335655909898 0.8260000000000018 0.1582671311819795 0.011673040689365734
0 0.7979999999999982 0.8260000000000018 0.10416666515224278 0.011673040689365734
1 0.1300594192231183 0.9960817398276595 0.2601188384462366 0.007836520344681049
1 0.943 0.7139999999999982 0.114 0.010213910603193653
0 0.8859999999999982 0.7139999999999982 0.10416666515224278 0.010213910603193653
1 0.21730469049278325 0.152 0.4346093809855665 0.008754780517025211
1 0.927 0.132 0.146 0.007295650430853129
0 0.854 0.132 0.08333333212179422 0.007295650430853129
1 0.959 0.756 0.082 0.007295650430853129
0 0.9179999999999982 0.756 0.10416666515224278 0.007295650430853129