1 0.31787461366286696 0.36400000000000726 0.6357492273257339 0.04231477249895397
0 0.07833333212179605 0.36400000000000726 0.1566666642435921 0.04231477249895397
1 0.66923373569449 0.22000000000000727 0.5104674713889799 0.03210086189575668
0 0.414 0.22000000000000727 0.39583332757852624 0.03210086189575668
1 0.01998005270925205 0.784 0.0399601054185041 0.02480521146490355
1 0.5974276503203401 0.018 0.6508553006406801 0.023346081378724192
0 0.2719999999999982 0.018 0.18749999727403702 0.023346081378724192
1 0.18273478697658901 0.246 0.16546957395317805 0.020427821206394584
0 0.09999999999999819 0.246 0.18749999727403702 0.020427821206394584
1 0.7265742083197511 0.18799999999999273 0.3451484166395021 0.016050430947871064
0 0.5539999999999982 0.18799999999999273 0.18749999727403702 0.016050430947871064
1 0.20290326322205693 0.15000000000000727 0.16580652644411384 0.013132170775541454
0 0.11999999999999818 0.15000000000000727 0.1458333312131399 0.013132170775541454
1 0.4113948906384485 0.3860000000000073 0.646789781276897 0.013132170775541454
0 0.088 0.3860000000000073 0.16666666424358845 0.013132170775541454
1 0.33853259322367013 0.04 0.6770651864473403 0.008754780517017934