1 0.6366564868008973 0.404 0.4693129736017945 0.030641731809591875
0 0.402 0.404 0.20833333030448556 0.030641731809591875
1 0.4811631442560247 0.514 0.9623262885120494 0.029182601723412516
1 0.43744811587989535 0.542 0.8748962317597907 0.02480521146490355
0 0.026249999545672836 0.542 0.05249999909134567 0.02480521146490355
1 0.41398435655947285 0.916 0.7359687131189457 0.023346081378724192
0 0.06466666606089712 0.916 0.12933333212179424 0.023346081378724192
1 0.5169973715280739 0.3639999999999927 0.31399474305614783 0.021886951292559388
0 0.36 0.3639999999999927 0.12499999818269135 0.021886951292559388
1 0.6109052757686568 0.536 0.6098105515373136 0.020427821206394584
0 0.30599999999999816 0.536 0.1458333312131399 0.020427821206394584
1 0.5682554934827294 0.9519999999999927 0.4605109869654589 0.016050430947871064
0 0.338 0.9519999999999927 0.12499999818269135 0.016050430947871064
1 0.03801710746420395 0.4179999999999927 0.0760342149284079 0.011673040689362096
0 0.009874999318508344 0.4179999999999927 0.019749998637016687 0.011673040689362096
1 0.18545139204549924 0.8859999999999927 0.37090278409099847 0.011673040689362096
1 0.7087385891690338 0.93 0.46147717833806745 0.010213910603197292
0 0.478 0.93 0.12499999818269135 0.010213910603197292
1 0.7550055662010764 0.566 0.3140111324021527 0.008754780517017934
0 0.5979999999999982 0.566 0.10416666515224278 0.008754780517017934
1 0.43975584619476465 0.3419999999999927 0.31151169238952936 0.007295650430853129
0 0.284 0.3419999999999927 0.04166666606089711 0.007295650430853129
1 0.13003994033161326 0.148 0.2600798806632265 0.005836520344688324
1 0.16343398743139914 0.49800000000000727 0.3268679748627983 0.002918260172344162