1 0.826 0.476 0.348 0.046692162757462935
0 0.652 0.476 0.16666666424358845 0.046692162757462935
1 0.09570199408717235 0.794 0.1914039881743447 0.046692162757462935
1 0.31128451021534603 0.288 0.6225690204306921 0.036478252154265645
1 0.815 0.74 0.37 0.03210086189575668
0 0.6299999999999982 0.74 0.062499999091345675 0.03210086189575668
1 0.4192502994095521 0.3000000000000018 0.8385005988191042 0.027723471637244073
0 0.02954166537940637 0.3000000000000018 0.05908333075881274 0.027723471637244073
1 0.837 0.30599999999999816 0.326 0.018968691120218865
0 0.6739999999999982 0.30599999999999816 0.1458333312131399 0.018968691120218865
1 0.10575566459695893 0.15 0.21151132919391785 0.01605043094787834
1 0.6098783553489975 0.038 0.411756710697995 0.014591300861706258
0 0.404 0.038 0.12499999818269135 0.014591300861706258
1 0.913 0.056 0.174 0.014591300861706258
0 0.826 0.056 0.12499999818269135 0.014591300861706258
1 0.04415097015080755 0.208 0.0883019403016151 0.014591300861706258
0 0.0012083332576121393 0.208 0.0024166665152242786 0.014591300861706258
1 0.4729080020846013 0.312 0.7018160041692026 0.014591300861706258
0 0.12200000000000091 0.312 0.16666666424359028 0.014591300861706258
1 0.6969338916679971 0.3400000000000018 0.21786778333599433 0.013132170775537815
0 0.5879999999999982 0.3400000000000018 0.1458333312131399 0.013132170775537815
1 0.03920539565961644 0.2639999999999982 0.07841079131923288 0.010213910603193653
1 0.17520535872429263 0.016 0.35041071744858526 0.008754780517025211
0 0.005833333030448557 0.016 0.011666666060897115 0.008754780517025211
1 0.5422548059802194 0.422 0.21250961196043863 0.008754780517025211
0 0.436 0.422 0.12499999818269135 0.008754780517025211
1 0.03502556280841236 0.752 0.07005112561682472 0.007295650430853129
1 0.88 0.208 0.24 0.005836520344681048
0 0.76 0.208 0.04166666606089711 0.005836520344681048
1 0.5057880835407196 0.278 0.31157616708143904 0.005836520344681048
0 0.35 0.278 0.08333333212179422 0.005836520344681048
1 0.5856341513505832 0.504 0.21126830270116626 0.005836520344681048
0 0.4799999999999982 0.504 0.062499999091345675 0.005836520344681048