1 0.7053812569072243 0.06799999999999637 0.21476251381444855 0.020427821206387305
0 0.5980000000000009 0.06799999999999637 0.27083332939583304 0.020427821206387305
1 0.3031843086828467 0.298 0.16636861736569336 0.017509561034050422
0 0.22000000000000092 0.298 0.16666666424359028 0.017509561034050422
1 0.42108266800155525 0.3280000000000036 0.2101653360031105 0.01605043094787834
0 0.3160000000000009 0.3280000000000036 0.16666666424359028 0.01605043094787834
1 0.17766194611286845 0.31399999999999634 0.15532389222573692 0.013132170775534177
0 0.1 0.31399999999999634 0.12499999818269135 0.013132170775534177
1 0.724928218644629 0.9799999999999963 0.2298564372892579 0.013132170775534177
0 0.6100000000000009 0.9799999999999963 0.1458333312131417 0.013132170775534177
1 0.924 0.134 0.152 0.010213910603197292
0 0.848 0.134 0.10416666515224278 0.010213910603197292
1 0.7918886820614717 0.34 0.12777736412294324 0.007295650430853129
0 0.728 0.34 0.10416666515224278 0.007295650430853129