1 0.6709054873525819 0.22000000000000364 0.361810974705164 0.02626434155107563
0 0.49 0.22000000000000364 0.08333333212179422 0.02626434155107563
1 0.5766335323719104 0.7420000000000037 0.6292670647438208 0.02626434155107563
0 0.262 0.7420000000000037 0.20833333030448556 0.02626434155107563
1 0.5454129476795697 0.088 0.6988258953591394 0.021886951292559388
0 0.19599999999999818 0.088 0.10416666515224278 0.021886951292559388
1 0.570815914231347 0.40200000000000363 0.5096318284626941 0.01605043094787834
0 0.31599999999999817 0.40200000000000363 0.18749999727403702 0.01605043094787834
1 0.11610065859094539 0.442 0.23220131718189077 0.010213910603197292
1 0.7684873014621025 0.982 0.1689746029242051 0.007295650430853129
0 0.6839999999999982 0.982 0.062499999091345675 0.007295650430853129