0 0.9414583346205927 0.2660000000000073 0.11708333075881455 0.03210086189575668
1 0.889 0.698 0.222 0.029182601723412516
0 0.7780000000000009 0.698 0.22916666333493596 0.029182601723412516
1 0.13386262478341723 0.5039999999999927 0.26772524956683447 0.026264341551068354
1 0.012202292542676333 0.8519999999999928 0.024404585085352665 0.026264341551068354
1 0.41879127001956384 0.8559999999999928 0.6055825400391277 0.026264341551068354
0 0.13091666560657086 0.8559999999999928 0.26183333121314173 0.026264341551068354
1 0.24576395436133316 0.306 0.30352790872266633 0.023346081378724192
0 0.09400000000000092 0.306 0.16666666424359028 0.023346081378724192
1 0.2201001142594996 0.37599999999999273 0.3602002285189992 0.021886951292559388
0 0.07729166583373444 0.37599999999999273 0.15458333166746888 0.021886951292559388
1 0.673468600556358 0.5939999999999928 0.27093720111271613 0.021886951292559388
0 0.538 0.5939999999999928 0.04166666606089711 0.021886951292559388
1 0.10950038658450831 0.10400000000000728 0.21900077316901662 0.017509561034050422
0 0.024458332803285885 0.10400000000000728 0.04891666560657177 0.017509561034050422
1 0.0966286604842171 0.248 0.1932573209684342 0.014591300861706258
1 0.38481552588799606 0.266 0.2536310517759921 0.014591300861706258
0 0.2580000000000009 0.266 0.18749999727403882 0.014591300861706258
1 0.7968492462773793 0.844 0.27769849255475854 0.014591300861706258
0 0.658 0.844 0.12499999818269135 0.014591300861706258
1 0.1554241581483966 0.9933521747845734 0.3108483162967932 0.01329565043085313
1 0.08029651450405435 0.8859999999999927 0.1605930290081087 0.011673040689362096
0 0.008624999772836418 0.8859999999999927 0.017249999545672835 0.011673040689362096
1 0.9 0.003553477650799323 0.2 0.007106955301598646
0 0.8 0.003553477650799323 0.10416666515224278 0.007106955301598646
1 0.6885940044550598 0.03999999999999272 0.2131880089101196 0.007295650430853129
0 0.582 0.03999999999999272 0.08333333212179422 0.007295650430853129
1 0.6289364332256328 0.8679999999999928 0.2658728664512655 0.007295650430853129
0 0.496 0.8679999999999928 0.08333333212179422 0.007295650430853129
0 0.9651666669695514 0.71 0.06966666606089711 0.005836520344688324