1 0.18277570093843315 0.9731382641813762 0.26555140187686627 0.053723471637247715
0 0.051041666288059784 0.9731382641813762 0.10208333257611957 0.053723471637247715
1 0.5855251874248443 0.2580000000000073 0.6790503748496886 0.037937382240445
0 0.246 0.2580000000000073 0.4374999936394233 0.037937382240445
1 0.791 0.542 0.418 0.033559991981921486
0 0.5819999999999982 0.542 0.18749999727403702 0.033559991981921486
1 0.628 0.556 0.744 0.033559991981921486
0 0.2559999999999982 0.556 0.18749999727403702 0.033559991981921486
0 0.88108333439343 0.42800000000000726 0.2378333312131399 0.03210086189575668
1 0.39212737095867306 0.248 0.7842547419173461 0.018968691120215226
1 0.2608728690331809 0.08800000000000728 0.5217457380663618 0.017509561034050422
0 0.050083332576121395 0.08800000000000728 0.10016666515224279 0.017509561034050422
1 0.5125003826231077 0.9620000000000073 0.5530007652462154 0.017509561034050422
0 0.23599999999999818 0.9620000000000073 0.22916666333493413 0.017509561034050422
1 0.737 0.12599999999999273 0.526 0.016050430947871064
0 0.4739999999999982 0.12599999999999273 0.1458333312131399 0.016050430947871064
1 0.2927459038946417 0.2660000000000073 0.5854918077892834 0.013132170775541454
1 0.927 0.2660000000000073 0.146 0.013132170775541454
0 0.8539999999999982 0.2660000000000073 0.1458333312131399 0.013132170775541454
1 0.7984444016559883 0.8440000000000073 0.19288880331197653 0.013132170775541454
0 0.702 0.8440000000000073 0.08333333212179422 0.013132170775541454
1 0.7164340044445089 0.16 0.4208680088890178 0.010213910603197292
0 0.5059999999999982 0.16 0.020833333030448556 0.010213910603197292
1 0.23499003545638517 0.4739999999999927 0.1299800709127703 0.007295650430853129
0 0.16999999999999818 0.4739999999999927 0.10416666515224278 0.007295650430853129