1 0.16320459090344344 0.8399999999999928 0.30240918180688686 0.04085564241277461
0 0.10495833189463111 0.8399999999999928 0.20991666378926221 0.04085564241277461
1 0.48817179916886744 0.07399999999999272 0.17234359833773488 0.026264341551068354
0 0.40199999999999975 0.07399999999999272 0.10416666515224324 0.026264341551068354
1 0.918 0.27599999999999275 0.164 0.021886951292559388
0 0.836 0.27599999999999275 0.16666666424358936 0.021886951292559388
1 0.804 0.6820000000000073 0.392 0.017509561034050422
0 0.608 0.6820000000000073 0.16666666424358936 0.017509561034050422
1 0.6652141480501595 0.8480000000000073 0.3504282961003191 0.017509561034050422
0 0.48999999999999977 0.8480000000000073 0.10416666515224324 0.017509561034050422
1 0.21661244918402894 0.6599999999999927 0.4332248983680579 0.016050430947871064
0 0.026249999545673062 0.6599999999999927 0.052499999091346124 0.016050430947871064
1 0.7094351555368881 0.6619999999999927 0.17887031107377607 0.016050430947871064
0 0.62 0.6619999999999927 0.12499999818269225 0.016050430947871064
1 0.6942775068546141 0.218 0.2365550137092282 0.014591300861706258
0 0.576 0.218 0.16666666424358936 0.014591300861706258
1 0.5155069629253003 0.504 0.3350139258506006 0.014591300861706258
0 0.348 0.504 0.14583333121314082 0.014591300861706258
1 0.3932318496554924 0.012000000000007276 0.2864636993109848 0.013132170775541454
0 0.25 0.012000000000007276 0.12499999818269225 0.013132170775541454
1 0.05897651776700036 0.24599999999999272 0.11795303553400072 0.011673040689362096
1 0.29985445864990856 0.166 0.16370891729981712 0.010213910603197292
0 0.21799999999999978 0.166 0.10416666515224324 0.010213910603197292
1 0.03135747846624144 0.58 0.06271495693248288 0.010213910603197292