1 0.86 0.06599999999999272 0.28 0.026264341551068354
0 0.7200000000000009 0.06599999999999272 0.18749999727403882 0.026264341551068354
1 0.08740961094358045 0.25999999999999274 0.1748192218871609 0.026264341551068354
1 0.914 0.044 0.172 0.02480521146490355
0 0.828000000000001 0.044 0.18749999727403882 0.02480521146490355
1 0.5412297690840496 0.936 0.31445953816809924 0.020427821206394584
0 0.384 0.936 0.10416666515224278 0.020427821206394584
1 0.887 0.01 0.226 0.014591300861706258
0 0.7740000000000009 0.01 0.18749999727403882 0.014591300861706258
1 0.47608280369640305 0.916 0.16016560739280614 0.010213910603197292
0 0.396 0.916 0.08333333212179422 0.010213910603197292