0 0.951875001135817 0.37 0.096249997728366 0.05690607336066023
1 0.3859210439118151 0.38799999999999635 0.1478420878236302 0.05252868310214399
0 0.312 0.38799999999999635 0.04166666606089711 0.05252868310214399
1 0.96 0.774 0.08 0.03210086189575668
0 0.881875001135817 0.774 0.236249997728366 0.03210086189575668
0 0.9247083341662665 0.3200000000000036 0.15058333166746707 0.0189686911202225
0 0.9621250006814908 0.7480000000000037 0.0757499986370185 0.0189686911202225
1 0.14253979661012273 0.7380000000000037 0.28507959322024545 0.01605043094787834
0 0.035458332803285426 0.7380000000000037 0.07091666560657085 0.01605043094787834
1 0.10381902176914173 0.7640000000000037 0.20763804353828347 0.01605043094787834
1 0.1731587457830865 0.362 0.346317491566173 0.007295650430853129