1 0.653 0.03200000000000023 0.694 0.03793738224043818
0 0.3060000000000018 0.03200000000000023 0.499999992730769 0.03793738224043818
1 0.812497703688241 0.9459999999999995 0.36499540737648206 0.03355999198192603
0 0.6299999999999982 0.9459999999999995 0.1458333312131399 0.03355999198192603
1 0.42631614340610574 0.308 0.5246322868122115 0.0306417318095846
0 0.164 0.308 0.20833333030448556 0.0306417318095846
1 0.6611978357496336 0.092 0.36639567149926733 0.023346081378731467
0 0.478 0.092 0.16666666424358845 0.023346081378731467
1 0.10330003495126948 0.47 0.20660006990253896 0.023346081378731467
1 0.1320039513223819 0.6479999999999996 0.17200790264476382 0.021886951292560297
0 0.05424999954567283 0.6479999999999996 0.10849999909134567 0.021886951292560297
1 0.36859891418567897 0.8040000000000005 0.5171978283713579 0.020427821206390036
0 0.11 0.8040000000000005 0.16666666424358845 0.020427821206390036
1 0.2163639178140602 0.002742172780054716 0.4327278356281204 0.005484345560109432
1 0.4744066633592338 0.236 0.9488133267184676 0.018968691120218865
1 0.2563981420499313 0.486 0.5087962840998626 0.018968691120218865
0 0.047874999318508346 0.486 0.09574999863701669 0.018968691120218865
1 0.6794201618913467 0.858 0.3588403237826933 0.018968691120218865
0 0.5 0.858 0.12499999818269135 0.018968691120218865
1 0.08816752931024893 0.942 0.17633505862049786 0.0175095610340486
1 0.4269261292899519 0.6059999999999995 0.3498522585799037 0.01605043094787743
0 0.252 0.6059999999999995 0.12499999818269135 0.01605043094787743
1 0.19214593721391066 0.7859999999999996 0.3842918744278213 0.01605043094787743
1 0.5710663589416618 0.9879999999999995 0.5301327178833235 0.01605043094787743
0 0.30599999999999816 0.9879999999999995 0.10416666515224278 0.01605043094787743
1 0.03278558204429282 0.11200000000000046 0.06557116408858564 0.014591300861707169
1 0.5820558588354361 0.18600000000000044 0.3601117176708722 0.014591300861707169
0 0.402 0.18600000000000044 0.16666666424358845 0.014591300861707169
1 0.05325522794716926 0.6120000000000004 0.10651045589433852 0.014591300861707169
1 0.15919472030380166 0.572 0.3183894406076033 0.013132170775535997
0 0.03166666606089712 0.572 0.06333333212179423 0.013132170775535997
1 0.461047034213494 0.042 0.922094068426988 0.011673040689365734
1 0.5825689257953036 0.26199999999999957 0.5331378515906071 0.010213910603194563
0 0.316 0.26199999999999957 0.08333333212179422 0.010213910603194563