0 0.9385000009086544 0.86 0.12299999818269135 0.03647825215426746
1 0.86 0.7139999999999997 0.28 0.026264341551072448
0 0.7199999999999982 0.7139999999999997 0.22916666333493413 0.026264341551072448
1 0.968 0.064 0.064 0.024805211464901732
0 0.9315416671967142 0.064 0.13691666560657176 0.024805211464901732
1 0.7013055905446326 0.5499999999999998 0.3306111810892653 0.023346081378731013
0 0.5359999999999981 0.5499999999999998 0.27083332939583127 0.023346081378731013
1 0.411197289975702 0.806 0.822394579951404 0.021886951292560297
1 0.4417926616033037 0.11 0.3115853232066074 0.018968691120218865
0 0.286 0.11 0.08333333212179422 0.018968691120218865
1 0.866 0.9932578272199453 0.268 0.013484345560109433
0 0.7319999999999982 0.9932578272199453 0.27083332939583127 0.013484345560109433
1 0.14574082025213647 0.6199999999999998 0.29148164050427294 0.017509561034048146
1 0.18346509069288913 0.8479999999999998 0.3149301813857783 0.017509561034048146
0 0.03383333303044856 0.8479999999999998 0.06766666606089712 0.017509561034048146
1 0.20060918060307267 0.478 0.40121836120614535 0.014591300861707169
1 0.833 0.836 0.334 0.014591300861707169
0 0.6659999999999981 0.836 0.1458333312131399 0.014591300861707169
1 0.941 0.904 0.118 0.014591300861707169
0 0.8819999999999982 0.904 0.1458333312131399 0.014591300861707169
1 0.5190203674007826 0.188 0.1620407348015651 0.011673040689365734
0 0.43799999999999817 0.188 0.1458333312131399 0.011673040689365734
1 0.958 0.41200000000000025 0.084 0.010213910603195018
0 0.9159999999999981 0.41200000000000025 0.10416666515224278 0.010213910603195018
1 0.4307156227198302 0.8260000000000002 0.6334312454396605 0.010213910603195018
0 0.114 0.8260000000000002 0.12499999818269135 0.010213910603195018
1 0.06710985290178724 0.38200000000000023 0.13421970580357448 0.0072956504308535845
1 0.04196320826126794 0.7460000000000002 0.08392641652253588 0.00437739025851215
1 0.7049993318703563 0.454 0.1659986637407128 0.0029182601723414334