1 0.898 0.5399999999999981 0.204 0.017509561034046783
0 0.7960000000000009 0.5399999999999981 0.18749999727403882 0.017509561034046783
1 0.07887908991740641 0.748 0.15775817983481283 0.01605043094787834
1 0.21985887036319218 0.256 0.29971774072638435 0.014591300861706258
0 0.07 0.256 0.12499999818269135 0.014591300861706258
1 0.1332664299404778 0.408 0.2665328598809556 0.014591300861706258
0 0.022458332803285883 0.408 0.044916665606571766 0.014591300861706258
0 0.9697500004543271 0.8880000000000018 0.06049999909134567 0.013132170775537815
1 0.7152186209602569 0.09200000000000182 0.3384372419205138 0.011673040689365734
0 0.546 0.09200000000000182 0.12499999818269135 0.011673040689365734
1 0.931 0.3360000000000018 0.138 0.011673040689365734
0 0.862 0.3360000000000018 0.12499999818269135 0.011673040689365734
1 0.963 0.8659999999999982 0.074 0.010213910603193653
0 0.9260000000000009 0.8659999999999982 0.1458333312131417 0.010213910603193653