0 0.9842916676510417 0.4359999999999927 0.031416664697916534 0.04085564241277461
0 0.9092500013629811 0.07 0.18149999727403793 0.035019122068100844
1 0.6145581692867709 0.5379999999999927 0.47311633857354174 0.021886951292559388
0 0.37799999999999956 0.5379999999999927 0.18749999727403793 0.021886951292559388
1 0.09931055932419394 0.8639999999999928 0.19862111864838788 0.021886951292559388
1 0.928 0.788 0.144 0.020427821206394584
0 0.8559999999999995 0.788 0.18749999727403793 0.020427821206394584
1 0.6697937420711101 0.944 0.23558748414222008 0.020427821206394584
0 0.5520000000000005 0.944 0.1041666651522437 0.020427821206394584
1 0.6661924184904128 0.004283042693889002 0.25238483698082564 0.008566085387778003
0 0.5400000000000005 0.004283042693889002 0.12499999818269225 0.008566085387778003
1 0.982 0.7740000000000072 0.036 0.013132170775541454
0 0.9611666669695514 0.7740000000000072 0.07766666606089712 0.013132170775541454
1 0.4555990897386796 0.8320000000000073 0.2431981794773592 0.013132170775541454
0 0.3339999999999995 0.8320000000000073 0.18749999727403793 0.013132170775541454
0 0.9769583337119393 0.5399999999999927 0.04608333257612139 0.011673040689362096
1 0.24261543803100175 0.324 0.3372308760620035 0.010213910603197292
0 0.07399999999999977 0.324 0.1249999981826918 0.010213910603197292
1 0.383658988459043 0.336 0.11931797691808606 0.010213910603197292
0 0.32400000000000045 0.336 0.14583333121314082 0.010213910603197292
1 0.711 0.12599999999999273 0.578 0.007295650430853129
1 0.814 0.9799999999999928 0.372 0.007295650430853129
0 0.628 0.9799999999999928 0.062499999091345675 0.007295650430853129