1 0.22964294646227426 0.4280000000000018 0.3192858929245485 0.06711998396385388
0 0.09749999909134567 0.4280000000000018 0.19499999818269134 0.06711998396385388
1 0.5781541058771127 0.9938804369614336 0.17230821175422534 0.012239126077132824
0 0.492 0.9938804369614336 0.20833333030448556 0.012239126077132824
1 0.1290156010950068 0.5780000000000018 0.2580312021900136 0.027723471637244073
1 0.07637617036124175 0.954 0.1527523407224835 0.02480521146490355
1 0.763 0.268 0.474 0.021886951292559388
0 0.5259999999999981 0.268 0.22916666333493413 0.021886951292559388
1 0.871 0.418 0.258 0.021886951292559388
0 0.7419999999999982 0.418 0.27083332939583127 0.021886951292559388
1 0.42988748948344074 0.9700000000000019 0.5037749789668815 0.020427821206390945
0 0.178 0.9700000000000019 0.12499999818269135 0.020427821206390945
1 0.958 0.06199999999999818 0.084 0.018968691120218865
0 0.916 0.06199999999999818 0.16666666424358845 0.018968691120218865
1 0.07937703368491567 0.10599999999999818 0.15875406736983133 0.017509561034046783
1 0.898 0.112 0.204 0.014591300861706258
0 0.796 0.112 0.16666666424358845 0.014591300861706258
1 0.958 0.534 0.084 0.014591300861706258
0 0.9159999999999981 0.534 0.10416666515224278 0.014591300861706258
1 0.7058257078653787 0.594 0.3396514157307574 0.014591300861706258
0 0.5359999999999981 0.594 0.18749999727403702 0.014591300861706258
1 0.05368570037380232 0.9943521747845734 0.10737140074760464 0.01129565043085313
1 0.2599768018632567 0.5440000000000018 0.16395360372651338 0.013132170775537815
0 0.1779999999999982 0.5440000000000018 0.1458333312131399 0.013132170775537815
1 0.4036174216954605 0.6540000000000018 0.495234843390921 0.011673040689365734
0 0.15599999999999817 0.6540000000000018 0.062499999091345675 0.011673040689365734
1 0.979 0.9000000000000018 0.042 0.011673040689365734
0 0.9477500004543271 0.9000000000000018 0.10449999909134568 0.011673040689365734
1 0.022596836756445554 0.7139999999999982 0.04519367351289111 0.010213910603193653
0 0.9641666669695514 0.016 0.07166666606089711 0.007295650430853129
1 0.19986035015874767 0.756 0.39972070031749535 0.007295650430853129
1 0.779 0.89 0.442 0.005836520344681048
0 0.558 0.89 0.04166666606089711 0.005836520344681048
1 0.17765976777455217 0.7939999999999982 0.3233195355491043 0.002918260172340524