1 0.937 0.49 0.126 0.08317041491172858
0 0.8328333348477563 0.49 0.33433333030448736 0.08317041491172858
1 0.753 0.5999999999999963 0.494 0.027723471637240437
0 0.5060000000000009 0.5999999999999963 0.1458333312131417 0.027723471637240437
1 0.845 0.29400000000000365 0.31 0.02626434155107563
0 0.690000000000001 0.29400000000000365 0.27083332939583304 0.02626434155107563
0 0.9809583337119393 0.8220000000000036 0.03808333257612139 0.02626434155107563
1 0.888 0.43600000000000366 0.224 0.0189686911202225
0 0.776 0.43600000000000366 0.10416666515224278 0.0189686911202225
1 0.5461389135636601 0.9360000000000036 0.16827782712732006 0.0189686911202225
0 0.462 0.9360000000000036 0.08333333212179422 0.0189686911202225
1 0.812 0.726 0.376 0.017509561034050422
0 0.6240000000000009 0.726 0.16666666424359028 0.017509561034050422
1 0.6286411581107705 0.7780000000000037 0.3132823162215409 0.01605043094787834
0 0.472 0.7780000000000037 0.12499999818269135 0.01605043094787834
1 0.8467497561154623 0.768 0.16149951223092465 0.014591300861706258
0 0.7660000000000009 0.768 0.1458333312131417 0.014591300861706258
1 0.953 0.6519999999999964 0.094 0.013132170775534177
0 0.906 0.6519999999999964 0.10416666515224278 0.013132170775534177
1 0.47484410254707654 0.916 0.3296882050941531 0.010213910603197292
0 0.3100000000000009 0.916 0.1458333312131417 0.010213910603197292
1 0.7418479006235239 0.22200000000000364 0.1476958012470477 0.008754780517025211
0 0.668 0.22200000000000364 0.10416666515224278 0.008754780517025211
1 0.06637286610343472 0.34000000000000363 0.13274573220686944 0.008754780517025211