1 0.17784141256376074 0.6380000000000009 0.3556828251275215 0.029182601723414338
1 0.21173565043162193 0.3819999999999991 0.22347130086324388 0.024805211464901732
0 0.09999999999999977 0.3819999999999991 0.08333333212179468 0.024805211464901732
1 0.5169911346387621 0.03200000000000091 0.1859822692775242 0.0175095610340486
0 0.424 0.03200000000000091 0.020833333030448556 0.0175095610340486
1 0.357880602469196 0.416 0.23576120493839198 0.014591300861706258
0 0.23999999999999977 0.416 0.10416666515224324 0.014591300861706258
1 0.5761864271596414 0.456 0.12837285431928286 0.014591300861706258
0 0.5120000000000002 0.456 0.062499999091346126 0.014591300861706258
1 0.30937710903584276 0.466 0.1187542180716855 0.011673040689365734
0 0.2500000000000002 0.466 0.062499999091346126 0.011673040689365734
1 0.8177946953537457 0.642 0.20358939070749146 0.011673040689365734
0 0.7160000000000002 0.642 0.062499999091346126 0.011673040689365734
1 0.07380234939509546 0.914 0.14760469879019092 0.011673040689365734
1 0.2780784288906502 0.3960000000000009 0.22815685778130046 0.010213910603195472
0 0.16400000000000023 0.3960000000000009 0.062499999091346126 0.010213910603195472
1 0.6821176876818268 0.9780000000000009 0.2562353753636535 0.010213910603195472
0 0.5539999999999998 0.9780000000000009 0.08333333212179468 0.010213910603195472
1 0.09743335097737599 0.9700000000000009 0.19486670195475198 0.005836520344682867