1 0.7044426023919131 0.5060000000000037 0.3928852047838263 0.03355999198192876
0 0.5079999999999982 0.5060000000000037 0.18749999727403702 0.03355999198192876
1 0.25830486786602525 0.10199999999999636 0.47260973573205045 0.0306417318095846
0 0.0787083323489569 0.10199999999999636 0.1574166646979138 0.0306417318095846
1 0.841 0.432 0.318 0.029182601723412516
0 0.6819999999999982 0.432 0.1458333312131399 0.029182601723412516
1 0.5961790393109276 0.5999999999999928 0.2603580786218554 0.026264341551068354
0 0.4659999999999982 0.5999999999999928 0.10416666515224278 0.026264341551068354
1 0.576 0.7799999999999927 0.848 0.026264341551068354
0 0.1519999999999982 0.7799999999999927 0.1458333312131399 0.026264341551068354
1 0.18301122239765755 0.944 0.3660224447953151 0.020427821206394584
0 0.020041666288059787 0.944 0.040083332576119575 0.020427821206394584
1 0.19814032490056524 0.4400000000000036 0.3962806498011305 0.0189686911202225
1 0.852 0.798 0.296 0.018968691120215226
0 0.7039999999999982 0.798 0.22916666333493413 0.018968691120215226
1 0.03389526393731648 0.9912578272199462 0.06779052787463297 0.01748434556010761
1 0.5003123778330628 0.6560000000000072 0.13262475566612555 0.017509561034050422
0 0.434 0.6560000000000072 0.16666666424358845 0.017509561034050422
1 0.6480814597528406 0.9380000000000073 0.4081629195056812 0.017509561034050422
0 0.4439999999999982 0.9380000000000073 0.18749999727403702 0.017509561034050422
1 0.906 0.9759999999999928 0.188 0.016050430947871064
0 0.812 0.9759999999999928 0.20833333030448556 0.016050430947871064
1 0.4526675561447646 0.9839999999999928 0.5173351122895292 0.016050430947871064
0 0.19399999999999817 0.9839999999999928 0.1458333312131399 0.016050430947871064
1 0.11974249195022094 0.358 0.23948498390044187 0.014591300861706258
1 0.5998799170865022 0.914 0.3997598341730045 0.014591300861706258
0 0.4 0.914 0.20833333030448556 0.014591300861706258
1 0.03338978913220126 0.17199999999999635 0.06677957826440252 0.013132170775534177
0 0.9833333339391029 0.048 0.03333333212179423 0.011673040689362096
1 0.02324477249874326 0.226 0.04648954499748652 0.010213910603197292
1 0.04477312957535469 0.238 0.08954625915070938 0.010213910603197292
1 0.8174096172801001 0.622 0.27081923456020013 0.010213910603197292
0 0.682 0.622 0.12499999818269135 0.010213910603197292
1 0.4676317354841067 0.644 0.8712634709682133 0.004377390258508967
1 0.6282019612362783 0.256 0.5004039224725566 0.002918260172344162