1 0.1694683506582751 0.452 0.3389367013165502 0.06566085387767816
1 0.4284656427910359 0.18799999999999636 0.31693128558207173 0.0423147724989467
0 0.2700000000000018 0.18799999999999636 0.33333332848718056 0.0423147724989467
1 0.37199608957189045 0.23000000000000365 0.31199217914378097 0.04085564241278189
0 0.216 0.23000000000000365 0.08333333212179422 0.04085564241278189
1 0.879 0.432 0.242 0.03939651232660981
0 0.758 0.432 0.47916665970032046 0.03939651232660981
1 0.22124665115718198 0.694 0.44249330231436396 0.03939651232660981
1 0.3344040392192528 0.706 0.6688080784385056 0.036478252154265645
1 0.38967457076491335 0.172 0.5193491415298267 0.03210086189575668
0 0.17958333166746887 0.172 0.35916666333493774 0.03210086189575668
1 0.6803642682180489 0.7300000000000036 0.23272853643609778 0.02626434155107563
0 0.5639999999999982 0.7300000000000036 0.18749999727403702 0.02626434155107563
0 0.9681250006814899 0.782 0.06374999863702033 0.02480521146490355
1 0.02717645164357418 0.784 0.05435290328714836 0.021886951292559388
1 0.82 0.19200000000000364 0.36 0.0189686911202225
0 0.6399999999999981 0.19200000000000364 0.22916666333493413 0.0189686911202225
1 0.6543827837715326 0.5880000000000036 0.22476556754306512 0.0189686911202225
0 0.5419999999999981 0.5880000000000036 0.22916666333493413 0.0189686911202225
1 0.11093252521270006 0.6239999999999963 0.2218650504254001 0.013132170775534177
1 0.31387725468008104 0.6659999999999964 0.32375450936016203 0.013132170775534177
0 0.1519999999999982 0.6659999999999964 0.18749999727403702 0.013132170775534177
1 0.181061960201263 0.59 0.21012392040252598 0.011673040689362096
0 0.076 0.59 0.12499999818269135 0.011673040689362096
1 0.46924663644030445 0.654 0.22249327288060886 0.011673040689362096
0 0.3579999999999982 0.654 0.10416666515224278 0.011673040689362096
1 0.5461908201144142 0.914 0.24838164022882847 0.010213910603197292
0 0.422 0.914 0.12499999818269135 0.010213910603197292
1 0.7828910107374358 0.994 0.26578202147487173 0.010213910603197292
0 0.6499999999999981 0.994 0.1458333312131399 0.010213910603197292