1 0.91 0.692 0.18 0.03939651232660981
0 0.82 0.692 0.3124999954567302 0.03939651232660981
1 0.37419183381756055 0.342 0.36438366763512114 0.033559991981921486
0 0.19200000000000045 0.342 0.12499999818269225 0.033559991981921486
1 0.774 0.306 0.452 0.018968691120215226
0 0.548 0.306 0.2499999963653845 0.018968691120215226
1 0.889568813399405 0.2600000000000073 0.20313762679880984 0.017509561034050422
0 0.7879999999999996 0.2600000000000073 0.20833333030448647 0.017509561034050422
0 0.9487500004543271 0.3039999999999927 0.10249999909134568 0.016050430947871064
1 0.5630809528159911 0.38999999999999274 0.3741619056319823 0.016050430947871064
0 0.37599999999999956 0.38999999999999274 0.16666666424358936 0.016050430947871064
1 0.271843480933795 0.176 0.27168696186759006 0.014591300861706258
0 0.13600000000000045 0.176 0.12499999818269225 0.014591300861706258
1 0.48052679381131563 0.76 0.3610535876226313 0.014591300861706258
0 0.30000000000000043 0.76 0.08333333212179514 0.014591300861706258
1 0.975 0.904 0.05 0.014591300861706258
0 0.9281250006814903 0.904 0.14374999863701943 0.014591300861706258
1 0.03417899650673144 0.7680000000000072 0.06835799301346288 0.013132170775541454
1 0.8031181749712869 0.9900000000000073 0.29023634994257375 0.013132170775541454
0 0.6580000000000005 0.9900000000000073 0.1041666651522437 0.013132170775541454
1 0.98 0.17999999999999272 0.04 0.011673040689362096
0 0.9591666669695514 0.17999999999999272 0.08166666606089712 0.011673040689362096
1 0.2835069759969256 0.25999999999999274 0.27101395199385114 0.011673040689362096
0 0.14800000000000046 0.25999999999999274 0.12499999818269225 0.011673040689362096
1 0.4161320419588551 0.3659999999999927 0.3642640839177102 0.011673040689362096
0 0.23400000000000046 0.3659999999999927 0.12499999818269225 0.011673040689362096
0 0.9435416671967151 0.6759999999999927 0.11291666560656995 0.011673040689362096
1 0.19164333742457484 0.7739999999999927 0.08728667484914968 0.011673040689362096
0 0.14800000000000046 0.7739999999999927 0.08333333212179514 0.011673040689362096
0 0.9927500004543272 0.8739999999999927 0.014499999091345672 0.011673040689362096