0 0.8555833353020834 0.5959999999999982 0.28883332939583306 0.04815129284363138
1 0.7583370725772607 0.268 0.3086741451545213 0.023346081378731467
0 0.6039999999999995 0.268 0.20833333030448647 0.023346081378731467
1 0.347304471691446 0.174 0.37860894338289197 0.021886951292559388
0 0.15800000000000045 0.174 0.12499999818269225 0.021886951292559388
1 0.807 0.662 0.386 0.014591300861706258
0 0.6140000000000004 0.662 0.08333333212179514 0.014591300861706258
1 0.796 0.494 0.408 0.008754780517025211
0 0.5920000000000004 0.494 0.08333333212179514 0.008754780517025211
1 0.774 0.636 0.452 0.007295650430853129
1 0.8398246822377314 0.8280000000000018 0.2996493644754628 0.0043773902585126055
0 0.69 0.8280000000000018 0.062499999091345675 0.0043773902585126055