1 0.07914699137753632 0.6159999999999928 0.15829398275507264 0.04085564241277461
1 0.6507489578120494 0.782 0.3454979156240988 0.03939651232660981
0 0.4779999999999982 0.782 0.27083332939583127 0.03939651232660981
1 0.8247450464112535 0.95 0.345490092822507 0.03939651232660981
0 0.652 0.95 0.3541666615176291 0.03939651232660981
1 0.06554797696054265 0.272 0.1310959539210853 0.033559991981921486
1 0.5584378234728956 0.886 0.5048756469457912 0.030641731809591875
0 0.306 0.886 0.16666666424358845 0.030641731809591875
1 0.13634878725745694 0.136 0.2726975745149139 0.02480521146490355
1 0.3482823125175455 0.066 0.696564625035091 0.023346081378724192
0 0.015458332803284066 0.066 0.030916665606568132 0.023346081378724192
1 0.4750207869323476 0.764 0.33804157386469524 0.018968691120215226
0 0.30599999999999816 0.764 0.27083332939583127 0.018968691120215226
1 0.3500907727238882 0.009999999999992725 0.7001815454477764 0.016050430947871064
1 0.4095540018332868 0.02 0.18710800366657349 0.014591300861706258
0 0.31599999999999817 0.02 0.10416666515224278 0.014591300861706258
1 0.5171228451513471 0.05400000000000728 0.5542456903026941 0.013132170775541454
0 0.24 0.05400000000000728 0.16666666424358845 0.013132170775541454
1 0.6832471606697036 0.378 0.1904943213394072 0.010213910603197292
0 0.588 0.378 0.04166666606089711 0.010213910603197292