1 0.958 0.29999999999999816 0.084 0.03355999198192512
0 0.916 0.29999999999999816 0.16666666424358845 0.03355999198192512
1 0.4891170358753625 0.182 0.514234071750725 0.021886951292559388
0 0.23199999999999818 0.182 0.18749999727403702 0.021886951292559388
1 0.898 0.5940000000000019 0.204 0.020427821206390945
0 0.796 0.5940000000000019 0.20833333030448556 0.020427821206390945
1 0.6723280907855278 0.49199999999999816 0.5126561815710556 0.017509561034046783
0 0.416 0.49199999999999816 0.20833333030448556 0.017509561034046783
1 0.871 0.7400000000000018 0.258 0.011673040689365734
0 0.742 0.7400000000000018 0.16666666424358845 0.011673040689365734
1 0.5789306089447273 0.15799999999999817 0.17386121788945458 0.010213910603193653
0 0.492 0.15799999999999817 0.12499999818269135 0.010213910603193653
1 0.8280773328528194 0.722 0.17215466570563875 0.008754780517025211
0 0.742 0.722 0.08333333212179422 0.008754780517025211
1 0.10170043475647617 0.858 0.20340086951295233 0.008754780517025211
1 0.12141273508465929 0.362 0.1668254701693186 0.007295650430853129
0 0.05024999954567284 0.362 0.10049999909134567 0.007295650430853129
1 0.99 0.268 0.02 0.005836520344681048
1 0.4724407166824676 0.468 0.9448814333649352 0.005836520344681048