1 0.017242338868558364 0.45800000000000024 0.03448467773711673 0.049610422929803916
0 0.004416666515224279 0.45800000000000024 0.008833333030448557 0.049610422929803916
0 0.9455416671967151 0.894 0.10891666560656996 0.021886951292560297
1 0.18588158218418538 0.7139999999999997 0.24376316436837078 0.017509561034048146
0 0.06845833280328588 0.7139999999999997 0.13691666560657176 0.017509561034048146
1 0.982 0.69 0.036 0.014591300861707169
0 0.9559583337119393 0.69 0.08808333257612139 0.014591300861707169
1 0.5161414558663655 0.172 0.316282911732731 0.011673040689365734
0 0.35800000000000093 0.172 0.1458333312131417 0.011673040689365734
1 0.05976968100443355 0.06400000000000022 0.1195393620088671 0.010213910603195018
1 0.6407140443203607 0.22000000000000022 0.1134280886407214 0.0072956504308535845
0 0.584 0.22000000000000022 0.10416666515224278 0.0072956504308535845