1 0.7853260016184113 0.7700000000000072 0.34665200323682255 0.046692162757462935
0 0.6119999999999995 0.7700000000000072 0.20833333030448647 0.046692162757462935
0 0.9863333339391024 0.17000000000000728 0.02733333212179514 0.037937382240445
1 0.2913467529358995 0.44399999999999273 0.582693505871799 0.036478252154265645
1 0.833 0.2620000000000073 0.334 0.027723471637247712
0 0.6660000000000005 0.2620000000000073 0.12499999818269225 0.027723471637247712
1 0.25465250959587094 0.344 0.34930501919174184 0.02480521146490355
0 0.09208333257612139 0.344 0.18416666515224278 0.02480521146490355
1 0.4376508011726355 0.96 0.323301602345271 0.018968691120215226
0 0.2759999999999995 0.96 0.18749999727403793 0.018968691120215226
1 0.974 0.3360000000000073 0.052 0.017509561034050422
0 0.9062916676510417 0.3360000000000073 0.18741666469791654 0.017509561034050422
1 0.37018389588874834 0.8360000000000073 0.4283677917774967 0.017509561034050422
0 0.15599999999999956 0.8360000000000073 0.16666666424358936 0.017509561034050422
1 0.29407624857168185 0.38799999999999274 0.2321524971433637 0.016050430947871064
0 0.17800000000000046 0.38799999999999274 0.14583333121314082 0.016050430947871064
1 0.778 0.9919873922630286 0.444 0.016025215473942808
0 0.5559999999999995 0.9919873922630286 0.16666666424358936 0.016025215473942808
1 0.3006224172413331 0.544 0.3332448344826662 0.014591300861706258
0 0.13400000000000045 0.544 0.12499999818269225 0.014591300861706258
1 0.2554914277299108 0.20399999999999271 0.3509828554598216 0.011673040689362096
0 0.08166666606089712 0.20399999999999271 0.16333333212179424 0.011673040689362096
1 0.39030234463970465 0.08 0.12060468927940929 0.010213910603197292
0 0.33000000000000046 0.08 0.08333333212179514 0.010213910603197292
1 0.941 0.548 0.118 0.010213910603197292
0 0.8820000000000005 0.548 0.08333333212179514 0.010213910603197292
1 0.3414397615839257 0.152 0.2428795231678514 0.008754780517017934
0 0.22000000000000045 0.152 0.08333333212179514 0.008754780517017934
1 0.5434748878030478 0.3479999999999927 0.1229497756060955 0.007295650430853129
0 0.48200000000000043 0.3479999999999927 0.08333333212179514 0.007295650430853129