1 0.2936927128509151 0.096 0.5873854257018302 0.03210086189575668
1 0.3527050263475467 0.534 0.7054100526950934 0.029182601723412516
1 0.671 0.44 0.658 0.023346081378731467
0 0.342 0.44 0.22916666333493596 0.023346081378731467
1 0.21741528755839182 0.11200000000000182 0.43483057511678364 0.020427821206390945
1 0.85 0.8959999999999981 0.3 0.017509561034046783
0 0.7 0.8959999999999981 0.062499999091345675 0.017509561034046783
1 0.7142966625782947 0.016 0.20059332515658934 0.01605043094787834
0 0.6139999999999995 0.016 0.16666666424358936 0.01605043094787834
1 0.28545210846974306 0.076 0.3629042169394861 0.01605043094787834
0 0.10408333257612139 0.076 0.20816666515224277 0.01605043094787834
1 0.932 0.88 0.136 0.014591300861706258
0 0.864 0.88 0.062499999091345675 0.014591300861706258
1 0.4768936142010434 0.09000000000000181 0.37778722840208684 0.013132170775537815
0 0.28799999999999953 0.09000000000000181 0.16666666424358936 0.013132170775537815
1 0.5031707287762069 0.8340000000000019 0.36234145755241387 0.011673040689365734
0 0.32200000000000045 0.8340000000000019 0.08333333212179514 0.011673040689365734
1 0.7483017837556099 0.8459999999999982 0.2886035675112198 0.010213910603193653
0 0.6040000000000004 0.8459999999999982 0.08333333212179514 0.010213910603193653
1 0.6011776026680923 0.106 0.38635520533618456 0.008754780517025211
0 0.4080000000000005 0.106 0.08333333212179514 0.008754780517025211
1 0.948 0.372 0.104 0.008754780517025211
0 0.896 0.372 0.062499999091345675 0.008754780517025211
1 0.41622983977984906 0.14200000000000182 0.18845967955969808 0.0043773902585126055
0 0.322 0.14200000000000182 0.062499999091345675 0.0043773902585126055