1 0.6763458752416409 0.9159999999999964 0.2966917504832818 0.07441563439470338
0 0.5279999999999981 0.9159999999999964 0.1458333312131399 0.07441563439470338
1 0.4199638556840182 0.4259999999999964 0.8399277113680363 0.035019122068093565
1 0.818 0.79 0.364 0.029182601723412516
0 0.636 0.79 0.20833333030448556 0.029182601723412516
1 0.943 0.7560000000000037 0.114 0.023346081378731467
0 0.8857083341662656 0.7560000000000037 0.2285833316674689 0.023346081378731467
1 0.5 0.5839999999999964 1.0 0.020427821206387305
1 0.14257846045415318 0.638 0.26915692090830634 0.017509561034050422
0 0.05608333257612139 0.638 0.11216666515224279 0.017509561034050422
1 0.759 0.05 0.482 0.014591300861706258
0 0.5179999999999981 0.05 0.18749999727403702 0.014591300861706258
1 0.09481016100934539 0.484 0.18962032201869078 0.010213910603197292