1 0.4992635899340248 0.322 0.30652717986804967 0.029182601723412516
0 0.3460000000000009 0.322 0.2083333303044874 0.029182601723412516
1 0.933 0.502 0.134 0.01605043094787834
0 0.8660000000000009 0.502 0.16666666424359028 0.01605043094787834
1 0.885445813890632 0.166 0.1668916277812641 0.014591300861706258
0 0.8020000000000009 0.166 0.16666666424359028 0.014591300861706258
1 0.5148067300772545 0.778 0.29361346015450906 0.014591300861706258
0 0.368 0.778 0.12499999818269135 0.014591300861706258
1 0.7647616532030188 0.4620000000000018 0.2295233064060376 0.011673040689365734
0 0.65 0.4620000000000018 0.10416666515224278 0.011673040689365734
1 0.6862648101873511 0.202 0.16052962037470206 0.005836520344681048
0 0.606 0.202 0.062499999091345675 0.005836520344681048