1 0.3116225138694963 0.16399999999999637 0.21124502773899256 0.035019122068093565
0 0.206 0.16399999999999637 0.08333333212179422 0.035019122068093565
1 0.895 0.45 0.21 0.017509561034050422
0 0.79 0.45 0.10416666515224278 0.017509561034050422
1 0.901 0.19999999999999638 0.198 0.013132170775534177
0 0.802 0.19999999999999638 0.12499999818269135 0.013132170775534177
1 0.955 0.86 0.09 0.011673040689362096
0 0.91 0.86 0.12499999818269135 0.011673040689362096
1 0.659717132553179 0.24000000000000363 0.235434265106358 0.008754780517025211
0 0.542 0.24000000000000363 0.12499999818269135 0.008754780517025211
1 0.1965782605414888 0.5580000000000036 0.15715652108297765 0.008754780517025211
0 0.118 0.5580000000000036 0.062499999091345675 0.008754780517025211
1 0.31523256785496867 0.7639999999999963 0.2184651357099374 0.005836520344681048
0 0.206 0.7639999999999963 0.062499999091345675 0.005836520344681048