1 0.89 0.692 0.22 0.020427821206394584
0 0.7800000000000009 0.692 0.18749999727403882 0.020427821206394584
1 0.6713938609888128 0.812 0.41478772197762553 0.020427821206394584
0 0.4640000000000009 0.812 0.18749999727403882 0.020427821206394584
1 0.927 0.504 0.146 0.018968691120215226
0 0.8540000000000009 0.504 0.16666666424359028 0.018968691120215226
1 0.6947816894804691 0.7220000000000073 0.41756337896093826 0.017509561034050422
0 0.486 0.7220000000000073 0.10416666515224278 0.017509561034050422
1 0.22820879465971303 0.9820000000000073 0.45641758931942605 0.017509561034050422
1 0.12501410940214464 0.6459999999999927 0.25002821880428927 0.016050430947871064
0 0.02004166628806115 0.6459999999999927 0.0400833325761223 0.016050430947871064
1 0.442191751030643 0.308 0.280383502061286 0.014591300861706258
0 0.302 0.308 0.12499999818269135 0.014591300861706258
1 0.5979996583951015 0.7440000000000073 0.679999316790203 0.013132170775541454
0 0.258 0.7440000000000073 0.12499999818269135 0.013132170775541454
1 0.42750256791353697 0.8960000000000072 0.4030051358270739 0.013132170775541454
0 0.22599999999999953 0.8960000000000072 0.18749999727403793 0.013132170775541454
1 0.735535905989942 0.7519999999999927 0.28307181197988396 0.011673040689362096
0 0.5940000000000009 0.7519999999999927 0.16666666424359028 0.011673040689362096