1 0.845 0.586 0.31 0.03210086189575668
0 0.6900000000000005 0.586 0.4166666606089739 0.03210086189575668
1 0.97 0.64 0.06 0.021886951292559388
0 0.9387500004543272 0.64 0.12249999909134567 0.021886951292559388
1 0.6086239217924854 0.104 0.6412478435849708 0.014591300861706258
0 0.28799999999999953 0.104 0.16666666424358936 0.014591300861706258
1 0.41238191624198317 0.676 0.37676383248396633 0.014591300861706258
0 0.224 0.676 0.020833333030448556 0.014591300861706258
1 0.20433664591833575 0.16199999999999637 0.39667329183667155 0.013132170775534177
0 0.00820833325761214 0.16199999999999637 0.01641666651522428 0.013132170775534177
1 0.12559641548249145 0.734 0.2511928309649829 0.004377390258508967