1 0.839 0.49200000000000726 0.322 0.037937382240445
0 0.6780000000000009 0.49200000000000726 0.18749999727403882 0.037937382240445
1 0.33876729523470933 0.278 0.6415345904694186 0.029182601723412516
0 0.055874999318510164 0.278 0.11174999863702033 0.029182601723412516
1 0.845 0.8839999999999927 0.31 0.026264341551068354
0 0.69 0.8839999999999927 0.12499999818269135 0.026264341551068354
1 0.48880610688529486 0.7699999999999927 0.16161221377058974 0.021886951292559388
0 0.4080000000000009 0.7699999999999927 0.2083333303044874 0.021886951292559388
1 0.25194445517331315 0.8499999999999928 0.5038889103466263 0.021886951292559388
1 0.7283558078310616 0.86 0.48871161566212323 0.020427821206394584
0 0.48400000000000093 0.86 0.1458333312131417 0.020427821206394584
1 0.406371293054317 0.8399999999999928 0.624742586108634 0.016050430947871064
0 0.09400000000000092 0.8399999999999928 0.16666666424359028 0.016050430947871064
0 0.9121250006814907 0.9989873922630286 0.1757499986370185 0.002025215473942808