1 0.6673217554330795 0.762 0.446643510866159 0.045233032671298135
0 0.4440000000000009 0.762 0.18749999727403882 0.045233032671298135
1 0.873 0.4100000000000073 0.254 0.04231477249895397
0 0.7460000000000009 0.4100000000000073 0.2499999963653845 0.04231477249895397
1 0.7310424145262595 0.576 0.4460848290525191 0.030641731809591875
0 0.5080000000000009 0.576 0.22916666333493596 0.030641731809591875
1 0.938 0.518 0.124 0.029182601723412516
0 0.8390416681053684 0.518 0.3219166637892631 0.029182601723412516
1 0.09960158540619432 0.25000000000000727 0.19920317081238864 0.027723471637247712
1 0.57 0.32399999999999274 0.86 0.026264341551068354
0 0.13999999999999954 0.32399999999999274 0.16666666424358936 0.026264341551068354
1 0.803 0.8459999999999928 0.394 0.026264341551068354
0 0.6060000000000009 0.8459999999999928 0.2083333303044874 0.026264341551068354
1 0.057009776005536424 0.398 0.11401955201107285 0.020427821206394584
1 0.20713158276968988 0.482 0.41426316553937975 0.020427821206394584
0 0.03566666606089711 0.482 0.07133333212179423 0.020427821206394584
1 0.765 0.338 0.47 0.018968691120215226
0 0.5300000000000009 0.338 0.2499999963653845 0.018968691120215226
1 0.3136765170750159 0.5520000000000073 0.6273530341500319 0.017509561034050422
0 0.013874999318509253 0.5520000000000073 0.027749998637018505 0.017509561034050422
1 0.2726280941005025 0.06800000000000728 0.397256188201005 0.013132170775541454
0 0.07400000000000045 0.06800000000000728 0.12499999818269225 0.013132170775541454
1 0.6371402073690606 0.5079999999999927 0.15028041473812118 0.011673040689362096
0 0.562 0.5079999999999927 0.062499999091345675 0.011673040689362096
1 0.6810298010549477 0.6139999999999928 0.3020596021098954 0.011673040689362096
0 0.53 0.6139999999999928 0.10416666515224278 0.011673040689362096
1 0.17420913063814533 0.622 0.28441826127629066 0.005836520344688324
0 0.032 0.622 0.062499999091345675 0.005836520344688324