0 0.9382916676510418 0.45799999999999275 0.12341666469791653 0.026264341551068354
1 0.882 0.6599999999999927 0.236 0.026264341551068354
0 0.764 0.6599999999999927 0.16666666424358936 0.026264341551068354
1 0.7899520590825952 0.964 0.22790411816519054 0.023346081378724192
0 0.676 0.964 0.16666666424358936 0.023346081378724192
1 0.36530888078895984 0.049999999999992724 0.3306177615779197 0.021886951292559388
0 0.2 0.049999999999992724 0.16666666424358936 0.021886951292559388
1 0.3155196525439403 0.5100000000000072 0.3630393050878806 0.017509561034050422
0 0.13400000000000012 0.5100000000000072 0.2291666633349357 0.017509561034050422
1 0.6188662617309979 0.39599999999999275 0.4057325234619957 0.016050430947871064
0 0.416 0.39599999999999275 0.12499999818269225 0.016050430947871064
1 0.882 0.386 0.236 0.014591300861706258
0 0.764 0.386 0.14583333121314082 0.014591300861706258
1 0.19801906807278033 0.436 0.28003813614556067 0.014591300861706258
0 0.07587499931850948 0.436 0.15174999863701896 0.014591300861706258
1 0.22350818062225927 0.33399999999999275 0.2870163612445185 0.011673040689362096
0 0.08 0.33399999999999275 0.14583333121314082 0.011673040689362096
1 0.7971217517837422 0.5119999999999927 0.15424350356748437 0.011673040689362096
0 0.72 0.5119999999999927 0.12499999818269225 0.011673040689362096
1 0.8144784367063835 0.6979999999999927 0.168956873412767 0.011673040689362096
0 0.73 0.6979999999999927 0.12499999818269225 0.011673040689362096