1 0.882 0.9139999999999981 0.236 0.026264341551071994
0 0.7639999999999991 0.9139999999999981 0.35416666151762727 0.026264341551071994
1 0.849 0.342 0.302 0.02480521146490355
0 0.698000000000001 0.342 0.1458333312131417 0.02480521146490355
1 0.31929994949566665 0.14199999999999818 0.25859989899133323 0.017509561034046783
0 0.19 0.14199999999999818 0.10416666515224278 0.017509561034046783
1 0.806 0.97 0.388 0.01605043094787834
0 0.6120000000000009 0.97 0.16666666424359028 0.01605043094787834
1 0.839 0.1900000000000018 0.322 0.013132170775537815
0 0.678 0.1900000000000018 0.08333333212179422 0.013132170775537815
1 0.1153124121182982 0.8900000000000018 0.2306248242365964 0.013132170775537815
1 0.757 0.2920000000000018 0.486 0.011673040689365734
0 0.5140000000000009 0.2920000000000018 0.1458333312131417 0.011673040689365734
1 0.941 0.8340000000000019 0.118 0.011673040689365734
0 0.882 0.8340000000000019 0.12499999818269135 0.011673040689365734
1 0.963 0.9600000000000019 0.074 0.011673040689365734
0 0.926 0.9600000000000019 0.08333333212179422 0.011673040689365734
1 0.7932942634888823 0.466 0.19058852697776457 0.007295650430853129
0 0.698 0.466 0.08333333212179422 0.007295650430853129
1 0.936 0.798 0.128 0.007295650430853129
0 0.872 0.798 0.062499999091345675 0.007295650430853129
1 0.4172612641719015 0.744 0.2625225283438031 0.005836520344681048
1 0.925 0.5920000000000019 0.15 0.0043773902585126055
0 0.85 0.5920000000000019 0.062499999091345675 0.0043773902585126055