1 0.735 0.356 0.53 0.03939651232660981
0 0.47 0.356 0.35416666151762727 0.03939651232660981
1 0.2468951723889468 0.692 0.4937903447778936 0.03939651232660981
1 0.42698560925113677 0.464 0.21797121850227358 0.030641731809591875
0 0.31799999999999956 0.464 0.18749999727403793 0.030641731809591875
1 0.2664893533027853 0.18800000000000727 0.11297870660557055 0.027723471637247712
0 0.21 0.18800000000000727 0.020833333030448556 0.027723471637247712
1 0.6293771421506577 0.9179999999999927 0.3387542843013152 0.026264341551068354
0 0.4599999999999995 0.9179999999999927 0.16666666424358936 0.026264341551068354
1 0.909 0.32 0.182 0.02480521146490355
0 0.818 0.32 0.29166666242628164 0.02480521146490355
1 0.5833966603363765 0.16 0.658793320672753 0.018968691120215226
0 0.254 0.16 0.22916666333493596 0.018968691120215226
1 0.735 0.268 0.53 0.018968691120215226
0 0.4700000000000005 0.268 0.1041666651522437 0.018968691120215226
1 0.751 0.268 0.498 0.018968691120215226
0 0.5020000000000004 0.268 0.1041666651522437 0.018968691120215226
1 0.16182054398097898 0.306 0.32364108796195795 0.018968691120215226
0 0.9643333339391025 0.67 0.07133333212179514 0.018968691120215226
0 0.9751250006814903 0.2600000000000073 0.04974999863701941 0.017509561034050422
1 0.24038121025627196 0.3039999999999927 0.4807624205125439 0.016050430947871064
0 0.01124999954567329 0.3039999999999927 0.02249999909134658 0.016050430947871064
1 0.903 0.4679999999999927 0.194 0.016050430947871064
0 0.8060000000000005 0.4679999999999927 0.12499999818269225 0.016050430947871064
1 0.47803596272242155 0.7979999999999927 0.32007192544484314 0.016050430947871064
0 0.31800000000000045 0.7979999999999927 0.12499999818269225 0.016050430947871064
1 0.07853558280143261 0.904 0.15707116560286521 0.014591300861706258
0 0.021874999318509253 0.904 0.043749998637018506 0.014591300861706258
1 0.2543294166192445 0.2720000000000073 0.21665883323848903 0.013132170775541454
0 0.14600000000000046 0.2720000000000073 0.12499999818269225 0.013132170775541454
1 0.25177236306701023 0.42800000000000726 0.32354472613402047 0.013132170775541454
0 0.09000000000000045 0.42800000000000726 0.12499999818269225 0.013132170775541454
1 0.4560757442712311 0.9780000000000073 0.32015148854246217 0.013132170775541454
0 0.29600000000000043 0.9780000000000073 0.14583333121314082 0.013132170775541454
1 0.13972744661180833 0.17999999999999272 0.27945489322361666 0.011673040689362096
1 0.2750423613372213 0.6219999999999927 0.32608472267444266 0.011673040689362096
0 0.11200000000000046 0.6219999999999927 0.12499999818269225 0.011673040689362096
1 0.22946904853803882 0.6759999999999927 0.45893809707607763 0.011673040689362096
0 0.01645833280328543 0.6759999999999927 0.03291666560657086 0.011673040689362096
1 0.2051162025188055 0.8739999999999927 0.31423240503761096 0.011673040689362096
0 0.05524999954567329 0.8739999999999927 0.11049999909134658 0.011673040689362096
1 0.28549991860209595 0.386 0.21499983720419186 0.008754780517017934
0 0.17800000000000046 0.386 0.14583333121314082 0.008754780517017934