1 0.7290749934175837 0.628 0.4141499868351675 0.05690607336066023
0 0.5219999999999996 0.628 0.20833333030448647 0.05690607336066023
1 0.2750147752978869 0.416 0.5020295505957738 0.021886951292559388
0 0.06929166583373399 0.416 0.13858333166746797 0.021886951292559388
1 0.2021208758180369 0.12600000000000364 0.4042417516360738 0.01605043094787834
0 0.9625416671967151 0.7380000000000037 0.07491666560656995 0.01605043094787834
1 0.961 0.7640000000000037 0.078 0.01605043094787834
0 0.922 0.7640000000000037 0.062499999091345675 0.01605043094787834
1 0.2237598664327097 0.9400000000000036 0.4475197328654194 0.01605043094787834
1 0.896 0.362 0.208 0.007295650430853129
0 0.792 0.362 0.062499999091345675 0.007295650430853129