0 0.9861250006814906 0.3039999999999927 0.027749998637018963 0.036478252154265645
1 0.8311368405186811 0.822 0.24627368103736216 0.020427821206394584
0 0.708 0.822 0.14583333121314082 0.020427821206394584
1 0.6212225823648203 0.98 0.27844516472964054 0.018968691120215226
0 0.482 0.98 0.12499999818269225 0.018968691120215226
1 0.21547758495372069 0.6560000000000072 0.27095516990744134 0.017509561034050422
0 0.08166666606089734 0.6560000000000072 0.16333333212179468 0.017509561034050422
1 0.833 0.2899999999999927 0.334 0.016050430947871064
0 0.666 0.2899999999999927 0.14583333121314082 0.016050430947871064
1 0.6349285390211816 0.44599999999999274 0.5458570780423634 0.016050430947871064
0 0.362 0.44599999999999274 0.16666666424358936 0.016050430947871064
1 0.968 0.5099999999999927 0.064 0.016050430947871064
0 0.9263333339391027 0.5099999999999927 0.1473333321217947 0.016050430947871064
1 0.5828236935174068 0.5859999999999927 0.2696473870348136 0.016050430947871064
0 0.44800000000000023 0.5859999999999927 0.20833333030448695 0.016050430947871064
1 0.28934742507651684 0.016 0.24669485015303372 0.014591300861706258
0 0.166 0.016 0.12499999818269225 0.014591300861706258
1 0.03730354930611793 0.534 0.07460709861223586 0.014591300861706258
0 0.9909583337119391 0.5019999999999927 0.01808333257612185 0.011673040689362096
1 0.1289908859195441 0.8359999999999927 0.1859817718390882 0.011673040689362096
0 0.04404166628806092 0.8359999999999927 0.08808333257612184 0.011673040689362096
1 0.8316768702570444 0.8839999999999927 0.2473537405140887 0.011673040689362096
0 0.708 0.8839999999999927 0.14583333121314082 0.011673040689362096
1 0.3799126858920133 0.762 0.16782537178402662 0.010213910603197292
0 0.296 0.762 0.14583333121314082 0.010213910603197292
1 0.7503593948335769 0.6759999999999927 0.14871878966715393 0.007295650430853129
0 0.6759999999999998 0.6759999999999927 0.10416666515224324 0.007295650430853129