1 0.966 0.082 0.068 0.0306417318095846
0 0.8826666678782054 0.082 0.23466666424358937 0.0306417318095846
1 0.949 0.322 0.102 0.0306417318095846
0 0.8604583346205932 0.322 0.27908333075881364 0.0306417318095846
1 0.26607354508864045 0.009471737823139847 0.31614709017728093 0.018943475646279694
0 0.11129166583373398 0.009471737823139847 0.22258333166746797 0.018943475646279694
1 0.4123596007291285 0.4580000000000018 0.08871920145825697 0.020427821206390945
0 0.368 0.4580000000000018 0.020833333030448556 0.020427821206390945
1 0.498565523034998 0.6160000000000018 0.08913104606999604 0.020427821206390945
0 0.45399999999999957 0.6160000000000018 0.16666666424358936 0.020427821206390945
1 0.03374847563869503 0.974 0.06749695127739005 0.01605043094787834
1 0.825 0.434 0.35 0.014591300861706258
0 0.6500000000000005 0.434 0.14583333121314082 0.014591300861706258
1 0.4258714424369982 0.6200000000000018 0.41974288487399647 0.013132170775537815
0 0.216 0.6200000000000018 0.04166666606089711 0.013132170775537815
1 0.3470271829204762 0.5940000000000019 0.4140543658409524 0.011673040689365734
0 0.14 0.5940000000000019 0.062499999091345675 0.011673040689365734
1 0.5230729615585273 0.19999999999999818 0.26614592311705476 0.010213910603193653
0 0.39000000000000046 0.19999999999999818 0.1041666651522437 0.010213910603193653
1 0.34405935087450373 0.2159999999999982 0.17211870174900742 0.010213910603193653
0 0.25800000000000045 0.2159999999999982 0.08333333212179514 0.010213910603193653
1 0.12546797349885447 0.9879999999999982 0.14293594699770892 0.010213910603193653
0 0.05399999999999977 0.9879999999999982 0.08333333212179468 0.010213910603193653
1 0.017820051538643838 0.4760000000000018 0.035640103077287676 0.0043773902585126055