1 0.36129231527037703 0.13399999999999954 0.198584630540754 0.03355999198192603
0 0.262 0.13399999999999954 0.020833333030448556 0.03355999198192603
1 0.859 0.8 0.282 0.024805211464901732
0 0.7179999999999982 0.8 0.1458333312131399 0.024805211464901732
0 0.9805000009086543 0.42800000000000044 0.03899999818269134 0.020427821206390036
1 0.7606883200441189 0.7259999999999995 0.3013766400882378 0.01605043094787743
0 0.61 0.7259999999999995 0.12499999818269135 0.01605043094787743
1 0.875 0.104 0.25 0.013132170775535997
0 0.7499999999999982 0.104 0.10416666515224278 0.013132170775535997
0 0.9745416671967141 0.052 0.05091666560657177 0.011673040689365734
1 0.7233128225476485 0.128 0.31462564509529695 0.011673040689365734
0 0.5659999999999982 0.128 0.10416666515224278 0.011673040689365734
1 0.017908410685826312 0.638 0.035816821371652624 0.011673040689365734
1 0.14967551330067272 0.5059999999999996 0.2713510266013454 0.010213910603194563
0 0.02783333303044856 0.5059999999999996 0.05566666606089712 0.010213910603194563
1 0.4712250516759759 0.6399999999999996 0.37445010335195184 0.010213910603194563
0 0.284 0.6399999999999996 0.08333333212179422 0.010213910603194563
1 0.03518166949831266 0.49000000000000044 0.07036333899662532 0.0087547805170243
1 0.8244400737894885 0.6000000000000004 0.3008801475789769 0.0087547805170243
0 0.674 0.6000000000000004 0.04166666606089711 0.0087547805170243
1 0.5875087648065473 0.31 0.39101752961309466 0.007295650430853129
0 0.392 0.31 0.08333333212179422 0.007295650430853129
1 0.41703106654854855 0.092 0.2020621330970971 0.005836520344682867
0 0.316 0.092 0.08333333212179422 0.005836520344682867
1 0.805 0.91 0.39 0.005836520344682867
0 0.61 0.91 0.08333333212179422 0.005836520344682867