1 0.3634705244049219 0.22800000000000728 0.39894104880984377 0.06711998396385752
0 0.164 0.22800000000000728 0.08333333212179422 0.06711998396385752
1 0.3848493620788795 0.852 0.26569872415775897 0.030641731809591875
0 0.2520000000000009 0.852 0.22916666333493596 0.030641731809591875
1 0.47468232211149736 0.3679999999999927 0.40136464422299467 0.026264341551068354
0 0.2740000000000009 0.3679999999999927 0.16666666424359028 0.026264341551068354
0 0.9467500004543271 0.374 0.10649999909134567 0.02480521146490355
1 0.3986482097667613 0.258 0.4012964195335226 0.023346081378724192
0 0.1980000000000009 0.258 0.29166666242628164 0.023346081378724192
1 0.7315926872120745 0.7179999999999928 0.1591853744241489 0.021886951292559388
0 0.652 0.7179999999999928 0.16666666424358845 0.021886951292559388
0 0.9633333339391029 0.7379999999999928 0.07333333212179423 0.021886951292559388
1 0.8158497289114912 0.6879999999999927 0.15169945782298236 0.016050430947871064
0 0.7399999999999982 0.6879999999999927 0.1458333312131399 0.016050430947871064
1 0.3806251053004671 0.3180000000000073 0.3012502106009342 0.013132170775541454
0 0.23 0.3180000000000073 0.10416666515224278 0.013132170775541454
1 0.2930495041591712 0.178 0.2980990083183424 0.010213910603197292
0 0.144 0.178 0.08333333212179422 0.010213910603197292
1 0.06876475149144971 0.37 0.13752950298289943 0.010213910603197292
1 0.1204923475802343 0.414 0.2409846951604686 0.010213910603197292
1 0.910511195781537 0.768 0.16902239156307405 0.010213910603197292
0 0.8259999999999982 0.768 0.10416666515224278 0.010213910603197292