0 0.9553333339391029 0.7759999999999927 0.08933333212179423 0.026264341551068354
1 0.6949391552262733 0.608 0.4858783104525464 0.018968691120215226
0 0.4519999999999982 0.608 0.1458333312131399 0.018968691120215226
1 0.666 0.9440000000000073 0.668 0.017509561034050422
0 0.332 0.9440000000000073 0.16666666424358845 0.017509561034050422
1 0.742 0.9079999999999927 0.516 0.016050430947871064
0 0.484 0.9079999999999927 0.12499999818269135 0.016050430947871064
1 0.6918276870779718 0.746 0.5236553741559438 0.014591300861706258
0 0.43 0.746 0.12499999818269135 0.014591300861706258
1 0.5 0.926 1.0 0.014591300861706258
1 0.964 0.29600000000000726 0.072 0.013132170775541454
0 0.928 0.29600000000000726 0.08333333212179422 0.013132170775541454
1 0.5 0.9399999999999927 1.0 0.011673040689362096
1 0.4266104038823723 0.924 0.14522080776474466 0.010213910603197292
0 0.3539999999999982 0.924 0.020833333030448556 0.010213910603197292
1 0.905 0.318 0.19 0.005836520344688324
0 0.8099999999999982 0.318 0.062499999091345675 0.005836520344688324