1 0.14470502969558494 0.484 0.28941005939116987 0.026264341551071994
1 0.986 0.836 0.028 0.023346081378731467
0 0.9443333339391029 0.836 0.11133333212179423 0.023346081378731467
1 0.6219170367538281 0.212 0.2958340735076563 0.018968691120218865
0 0.474 0.212 0.062499999091345675 0.018968691120218865
1 0.775 0.036 0.45 0.01605043094787834
0 0.5500000000000009 0.036 0.1458333312131417 0.01605043094787834
1 0.921 0.618 0.158 0.01605043094787834
0 0.842 0.618 0.10416666515224278 0.01605043094787834
1 0.2371804138186744 0.21599999999999908 0.45836082763734887 0.013132170775535997
0 0.03524999954567284 0.21599999999999908 0.07049999909134567 0.013132170775535997
1 0.878 0.7539999999999991 0.244 0.013132170775535997
0 0.7560000000000009 0.7539999999999991 0.1458333312131417 0.013132170775535997
1 0.668901958328328 0.7659999999999991 0.3018039166566559 0.013132170775535997
0 0.518 0.7659999999999991 0.10416666515224278 0.013132170775535997
1 0.6589116312558736 0.228 0.3698232625117471 0.011673040689365734
0 0.474 0.228 0.08333333212179422 0.011673040689365734
1 0.25093785638258576 0.8120000000000009 0.13787571276517155 0.010213910603195472
0 0.182 0.8120000000000009 0.10416666515224278 0.010213910603195472
1 0.7744490817273417 0.8119999999999991 0.23289816345468353 0.008754780517023391
0 0.658 0.8119999999999991 0.062499999091345675 0.008754780517023391