1 0.77484654886005 0.10000000000000364 0.3696930977201 0.06274259370534128
0 0.5900000000000004 0.10000000000000364 0.08333333212179514 0.06274259370534128
1 0.957 0.7780000000000037 0.086 0.03355999198192876
0 0.9101250006814903 0.7780000000000037 0.1797499986370194 0.03355999198192876
1 0.8730994265967283 0.798 0.13419885319345667 0.03210086189575668
0 0.8059999999999995 0.798 0.18749999727403793 0.03210086189575668
1 0.13902819704295372 0.312 0.27805639408590743 0.021886951292559388
0 0.022083332576121394 0.312 0.04416666515224279 0.021886951292559388
1 0.2826536870878099 0.047999999999996365 0.3413073741756198 0.020427821206387305
0 0.112 0.047999999999996365 0.062499999091345675 0.020427821206387305
1 0.7440177968016078 0.05600000000000364 0.4840355936032156 0.0189686911202225
0 0.502 0.05600000000000364 0.22916666333493596 0.0189686911202225
1 0.952 0.35800000000000365 0.096 0.0189686911202225
0 0.9039999999999996 0.35800000000000365 0.16666666424358936 0.0189686911202225
1 0.18731322867559266 0.428 0.3746264573511853 0.017509561034050422
0 0.980541667196715 0.8980000000000037 0.03891666560656995 0.01605043094787834
1 0.5759029662058629 0.21399999999999636 0.47180593241172575 0.013132170775534177
0 0.34000000000000047 0.21399999999999636 0.14583333121314082 0.013132170775534177
1 0.534890892775075 0.31799999999999634 0.47778178555014983 0.013132170775534177
0 0.29599999999999954 0.31799999999999634 0.16666666424358936 0.013132170775534177
1 0.7104903324553489 0.4219999999999964 0.37298066491069765 0.013132170775534177
0 0.5239999999999996 0.4219999999999964 0.16666666424358936 0.013132170775534177
1 0.0169530160346485 0.67 0.033906032069297 0.011673040689362096
1 0.0714202541600448 0.742 0.1428405083200896 0.010213910603197292
1 0.833 0.23000000000000365 0.334 0.008754780517025211
0 0.6660000000000005 0.23000000000000365 0.08333333212179514 0.008754780517025211
1 0.822 0.07 0.356 0.007295650430853129
0 0.644 0.07 0.062499999091345675 0.007295650430853129
1 0.2484660917291794 0.8939999999999964 0.4969321834583588 0.005836520344681048