1 0.4411804265675619 0.5620000000000009 0.5583608531351237 0.03355999198192694
0 0.162 0.5620000000000009 0.16666666424358845 0.03355999198192694
1 0.933 0.168 0.134 0.0306417318095846
0 0.866 0.168 0.20833333030448556 0.0306417318095846
1 0.44161013535262283 0.2580000000000009 0.34322027070524563 0.0175095610340486
0 0.27 0.2580000000000009 0.08333333212179422 0.0175095610340486
0 0.9461250006814899 0.842 0.10774999863702032 0.01605043094787834
1 0.20846342182293665 0.282 0.1129268436458733 0.014591300861706258
0 0.1519999999999982 0.282 0.10416666515224278 0.014591300861706258
1 0.95 0.7 0.1 0.014591300861706258
0 0.8999999999999981 0.7 0.10416666515224278 0.014591300861706258
1 0.5166961302870022 0.8319999999999991 0.34139226057400446 0.013132170775535997
0 0.346 0.8319999999999991 0.16666666424358845 0.013132170775535997
1 0.2942301452650627 0.912 0.22046029053012534 0.011673040689365734
0 0.184 0.912 0.04166666606089711 0.011673040689365734
1 0.5608175381648817 0.4080000000000009 0.23363507632976324 0.010213910603195472
0 0.4439999999999982 0.4080000000000009 0.10416666515224278 0.010213910603195472
1 0.8495711966013296 0.2259999999999991 0.24714239320265916 0.008754780517023391
0 0.726 0.2259999999999991 0.08333333212179422 0.008754780517023391
1 0.53182344491217 0.3379999999999991 0.34764688982434017 0.008754780517023391
0 0.3579999999999982 0.3379999999999991 0.062499999091345675 0.008754780517023391
1 0.22088436274929882 0.38399999999999906 0.33376872549859765 0.008754780517023391
0 0.05399999999999818 0.38399999999999906 0.062499999091345675 0.008754780517023391
1 0.1428787914661025 0.4019999999999991 0.22175758293220496 0.008754780517023391
0 0.036833333030448556 0.4019999999999991 0.07366666606089711 0.008754780517023391
1 0.27347914655148814 0.874 0.3309582931029763 0.007295650430853129
0 0.10799999999999818 0.874 0.062499999091345675 0.007295650430853129
1 0.2953567146275491 0.846 0.33071342925509817 0.0043773902585126055