1 0.39550516576533434 0.9380000000000036 0.35901033153066875 0.03355999198192876
0 0.21599999999999955 0.9380000000000036 0.18749999727403793 0.03355999198192876
1 0.46672115449902596 0.806 0.1534423089980519 0.014591300861706258
0 0.39000000000000046 0.806 0.1041666651522437 0.014591300861706258
1 0.4397277302658099 0.124 0.2114554605316198 0.011673040689362096
0 0.33400000000000046 0.124 0.12499999818269225 0.011673040689362096
1 0.6058258557296212 0.274 0.1516517114592425 0.011673040689362096
0 0.5300000000000005 0.274 0.12499999818269225 0.011673040689362096
1 0.12427047209791181 0.908 0.24854094419582362 0.011673040689362096
1 0.18909178642954522 0.22000000000000364 0.20618357285909042 0.008754780517025211
0 0.08599999999999977 0.22000000000000364 0.10416666515224324 0.008754780517025211
1 0.4393436162883227 0.10799999999999636 0.21068723257664532 0.005836520344681048