1 0.5243405960255186 0.7399999999999991 0.7326811920510372 0.06711998396385206
0 0.23524999772836508 0.7399999999999991 0.47049999545673016 0.06711998396385206
1 0.769 0.9060000000000009 0.462 0.03355999198192694
0 0.5380000000000009 0.9060000000000009 0.1458333312131417 0.03355999198192694
1 0.661 0.03800000000000091 0.678 0.029182601723414338
0 0.3220000000000009 0.03800000000000091 0.2083333303044874 0.029182601723414338
1 0.131932969181963 0.014 0.16386593836392604 0.023346081378731467
0 0.05 0.014 0.04166666606089711 0.023346081378731467
1 0.834 0.884 0.332 0.023346081378731467
0 0.6680000000000009 0.884 0.22916666333493596 0.023346081378731467
1 0.736 0.3880000000000009 0.528 0.021886951292561206
0 0.4720000000000009 0.3880000000000009 0.16666666424359028 0.021886951292561206
1 0.1944274020299872 0.2799999999999991 0.3328548040599744 0.020427821206389127
0 0.06087499931851016 0.2799999999999991 0.12174999863702032 0.020427821206389127
1 0.34811144033779784 0.256 0.6962228806755957 0.018968691120218865
1 0.899 0.916 0.202 0.018968691120218865
0 0.7980000000000009 0.916 0.1458333312131417 0.018968691120218865
1 0.8390425409481923 0.4420000000000009 0.1900850818963845 0.0175095610340486
0 0.7440000000000009 0.4420000000000009 0.18749999727403882 0.0175095610340486
1 0.21392159088992138 0.39199999999999907 0.3478431817798428 0.013132170775535997
0 0.05124999954567284 0.39199999999999907 0.10249999909134568 0.013132170775535997
1 0.07259637876682064 0.5299999999999991 0.14519275753364128 0.008754780517023391