1 0.785 0.428 0.43 0.030641731809591875
0 0.5700000000000005 0.428 0.14583333121314082 0.030641731809591875
1 0.7147662380714788 0.444 0.2895324761429574 0.030641731809591875
0 0.5700000000000005 0.444 0.14583333121314082 0.030641731809591875
1 0.48389156224603996 0.10599999999999273 0.2837831244920799 0.026264341551068354
0 0.34200000000000047 0.10599999999999273 0.12499999818269225 0.026264341551068354
1 0.7954236512293551 0.646 0.21084730245871014 0.02480521146490355
0 0.6899999999999995 0.646 0.16666666424358936 0.02480521146490355
1 0.1190783045989051 0.044000000000007276 0.2381566091978102 0.017509561034050422
1 0.5284644669776472 0.009999999999992725 0.5649289339552943 0.016050430947871064
0 0.246 0.009999999999992725 0.22916666333493596 0.016050430947871064
1 0.665181398299434 0.21799999999999273 0.47036279659886804 0.016050430947871064
0 0.43000000000000044 0.21799999999999273 0.1041666651522437 0.016050430947871064
1 0.7755236347811975 0.4119999999999927 0.19504726956239482 0.016050430947871064
0 0.6779999999999995 0.4119999999999927 0.16666666424358936 0.016050430947871064
1 0.4271791843124738 0.312 0.5383583686249476 0.014591300861706258
0 0.15800000000000045 0.312 0.08333333212179514 0.014591300861706258
1 0.18054100363999806 0.43000000000000727 0.3610820072799961 0.013132170775541454
1 0.6695140076477687 0.07799999999999273 0.19902801529553743 0.011673040689362096
0 0.5700000000000005 0.07799999999999273 0.12499999818269225 0.011673040689362096
1 0.3408071585525722 0.18799999999999273 0.27761431710514445 0.011673040689362096
0 0.20200000000000046 0.18799999999999273 0.1041666651522437 0.011673040689362096
1 0.06520565451101902 0.31399999999999273 0.13041130902203804 0.007295650430853129
1 0.25953354614481894 0.32799999999999274 0.3550670922896379 0.007295650430853129
0 0.08200000000000046 0.32799999999999274 0.1041666651522437 0.007295650430853129
0 0.9657500004543271 0.4719999999999927 0.06849999909134567 0.007295650430853129