0 0.9869166674238786 0.7420000000000037 0.026166665152242786 0.02626434155107563
1 0.2774711571286243 0.326 0.45894231425724863 0.02480521146490355
0 0.055249999545672834 0.326 0.11049999909134567 0.02480521146490355
1 0.18422902221309415 0.005471737823139847 0.3684580444261883 0.010943475646279694
0 0.9799583337119384 0.088 0.04008333257612321 0.021886951292559388
1 0.20919975966027413 0.21799999999999636 0.41839951932054825 0.020427821206387305
0 0.011458332803284066 0.21799999999999636 0.022916665606568132 0.020427821206387305
1 0.06611338546059596 0.12599999999999636 0.13222677092119192 0.013132170775534177
1 0.784 0.442 0.432 0.010213910603197292
0 0.5679999999999982 0.442 0.062499999091345675 0.010213910603197292
1 0.6519786251527876 0.742 0.2959572503055751 0.010213910603197292
0 0.5039999999999982 0.742 0.1458333312131399 0.010213910603197292
1 0.5111714790232945 0.064 0.16634295804658905 0.007295650430853129
0 0.428 0.064 0.08333333212179422 0.007295650430853129