1 0.5858484668161263 0.22 0.2916969336322527 0.033559991981921486
0 0.44 0.22 0.08333333212179422 0.033559991981921486
0 0.9720833343934301 0.5199999999999927 0.0558333312131399 0.021886951292559388
1 0.798259062383525 0.466 0.15251812476704982 0.020427821206394584
0 0.7220000000000009 0.466 0.1458333312131417 0.020427821206394584
1 0.3506321199642698 0.83 0.16926423992853962 0.020427821206394584
0 0.266 0.83 0.08333333212179422 0.020427821206394584
1 0.6116934206935976 0.232 0.1473868413871951 0.018968691120215226
0 0.538 0.232 0.04166666606089711 0.018968691120215226
1 0.715 0.298 0.57 0.018968691120215226
0 0.43000000000000094 0.298 0.1458333312131417 0.018968691120215226
1 0.915 0.74 0.17 0.018968691120215226
0 0.83 0.74 0.020833333030448556 0.018968691120215226
1 0.3115139818608568 0.08800000000000728 0.4350279637217136 0.017509561034050422
0 0.0990833325761223 0.08800000000000728 0.1981666651522446 0.017509561034050422
1 0.06529883158919711 0.9259999999999927 0.13059766317839422 0.016050430947871064
1 0.6986388215905872 0.186 0.14927764318117442 0.014591300861706258
0 0.6240000000000009 0.186 0.18749999727403882 0.014591300861706258
1 0.41725933617836564 0.9977169573061183 0.17051867235673127 0.004566085387763451
0 0.3320000000000009 0.9977169573061183 0.1458333312131417 0.004566085387763451
1 0.8187148188408683 0.33599999999999275 0.1494296376817365 0.011673040689362096
0 0.7440000000000009 0.33599999999999275 0.1458333312131417 0.011673040689362096
1 0.969 0.6479999999999927 0.062 0.011673040689362096
0 0.938 0.6479999999999927 0.10416666515224278 0.011673040689362096
1 0.731 0.7999999999999927 0.538 0.011673040689362096
0 0.4620000000000009 0.7999999999999927 0.1458333312131417 0.011673040689362096
1 0.915 0.142 0.17 0.010213910603197292
0 0.83 0.142 0.12499999818269135 0.010213910603197292
1 0.520327293691943 0.254 0.2886545873838859 0.010213910603197292
0 0.3760000000000009 0.254 0.1458333312131417 0.010213910603197292
1 0.23891193976094383 0.326 0.47782387952188765 0.010213910603197292
1 0.19968459731180518 0.76 0.16736919462361038 0.005836520344688324
0 0.116 0.76 0.04166666606089711 0.005836520344688324