1 0.5197844092064761 0.30000000000000043 0.15156881841295217 0.020427821206390036
0 0.4440000000000009 0.30000000000000043 0.18749999727403882 0.020427821206390036
1 0.4280929330839208 0.5780000000000004 0.5761858661678416 0.020427821206390036
0 0.14000000000000046 0.5780000000000004 0.08333333212179514 0.020427821206390036
1 0.5789503637485641 0.34000000000000047 0.44590072749712817 0.014591300861707169
0 0.356 0.34000000000000047 0.10416666515224278 0.014591300861707169
0 0.9879583337119393 0.012000000000000455 0.024083332576121393 0.0087547805170243
1 0.716 0.12000000000000045 0.568 0.0087547805170243
0 0.432 0.12000000000000045 0.062499999091345675 0.0087547805170243
1 0.742921806518325 0.9560000000000004 0.2978436130366499 0.0087547805170243
0 0.594 0.9560000000000004 0.062499999091345675 0.0087547805170243