1 0.7766827966317532 0.8600000000000002 0.12136559326350653 0.040855642412779614
0 0.7159999999999997 0.8600000000000002 0.08333333212179468 0.040855642412779614
1 0.3474448623979515 0.12799999999999978 0.258889724795903 0.023346081378731013
0 0.21799999999999978 0.12799999999999978 0.2291666633349355 0.023346081378731013
1 0.45521782939565447 0.2579999999999998 0.2584356587913089 0.023346081378731013
0 0.32600000000000023 0.2579999999999998 0.18749999727403838 0.023346081378731013
1 0.913 0.326 0.174 0.018968691120218865
0 0.8259999999999997 0.326 0.2291666633349355 0.018968691120218865
1 0.04712678703201482 0.7099999999999997 0.09425357406402964 0.017509561034048146
1 0.3227092694868327 0.834 0.20941853897366536 0.011673040689365734
0 0.21799999999999978 0.834 0.08333333212179468 0.011673040689365734
0 0.9787500004543269 0.21600000000000022 0.04249999909134613 0.010213910603195018
1 0.6952669084017257 0.6180000000000002 0.23853381680345137 0.010213910603195018
0 0.576 0.6180000000000002 0.12499999818269225 0.010213910603195018
1 0.8795590575363019 0.928 0.06311811507260381 0.0087547805170243
0 0.8479999999999998 0.928 0.08333333212179468 0.0087547805170243
1 0.5548939620315089 0.766 0.17378792406301774 0.005836520344682867
0 0.46799999999999975 0.766 0.08333333212179468 0.005836520344682867