1 0.819 0.7539999999999963 0.362 0.0306417318095846
0 0.6380000000000005 0.7539999999999963 0.3958333275785253 0.0306417318095846
1 0.922 0.39 0.156 0.029182601723412516
0 0.8439999999999995 0.39 0.16666666424358936 0.029182601723412516
1 0.12641775654072898 0.3639999999999964 0.25283551308145796 0.027723471637240437
1 0.7087323489118625 0.6340000000000037 0.48946469782372515 0.023346081378731467
0 0.46400000000000047 0.6340000000000037 0.08333333212179514 0.023346081378731467
0 0.972541667196715 0.25 0.05491666560656995 0.021886951292559388
1 0.80803398041937 0.474 0.25206796083873995 0.021886951292559388
0 0.6819999999999995 0.474 0.16666666424358936 0.021886951292559388
1 0.982 0.592 0.036 0.021886951292559388
0 0.9507500004543271 0.592 0.09849999909134567 0.021886951292559388
1 0.911 0.614 0.178 0.014591300861706258
0 0.8220000000000005 0.614 0.12499999818269225 0.014591300861706258
1 0.5461662092265961 0.38599999999999635 0.3123324184531921 0.013132170775534177
0 0.39 0.38599999999999635 0.062499999091345675 0.013132170775534177
1 0.19323498948621273 0.6119999999999963 0.15046997897242545 0.013132170775534177
0 0.11799999999999977 0.6119999999999963 0.10416666515224324 0.013132170775534177
1 0.982 0.654 0.036 0.011673040689362096
0 0.9559583337119393 0.654 0.08808333257612139 0.011673040689362096
1 0.03664454552735901 0.954 0.07328909105471802 0.011673040689362096
1 0.03286791604550558 0.3920000000000036 0.06573583209101116 0.008754780517025211
1 0.846 0.27799999999999636 0.308 0.005836520344681048
0 0.692 0.27799999999999636 0.062499999091345675 0.005836520344681048
1 0.8449523592719138 0.6479999999999964 0.17390471854382758 0.005836520344681048
0 0.758 0.6479999999999964 0.062499999091345675 0.005836520344681048