1 0.3450211416835209 0.09599999999999637 0.6900422833670418 0.03793738224043773
0 0.0401666651522446 0.09599999999999637 0.0803333303044892 0.03793738224043773
1 0.831 0.0042013028662258875 0.338 0.008402605732451775
0 0.6619999999999981 0.0042013028662258875 0.1458333312131399 0.008402605732451775
1 0.058306190950712336 0.356 0.11661238190142467 0.017509561034050422
1 0.7096359889623909 0.18600000000000363 0.3552719779247818 0.01605043094787834
0 0.532 0.18600000000000363 0.12499999818269135 0.01605043094787834
1 0.02913699631101008 0.958 0.05827399262202016 0.014591300861706258
1 0.8286401356059542 0.722 0.18128027121190826 0.011673040689362096
0 0.7379999999999982 0.722 0.062499999091345675 0.011673040689362096
1 0.47295484176963876 0.7260000000000036 0.6819096835392775 0.008754780517025211
0 0.13199999999999817 0.7260000000000036 0.10416666515224278 0.008754780517025211