1 0.1557263982530021 0.33399999999999275 0.3114527965060042 0.05106955301597191
1 0.5350123856531845 0.8460000000000073 0.4980247713063691 0.03210086189575668
0 0.2860000000000018 0.8460000000000073 0.37499999454807764 0.03210086189575668
1 0.20002508998715712 0.352 0.40005017997431425 0.029182601723412516
1 0.12147389229827422 0.9419999999999927 0.24294778459654845 0.026264341551068354
1 0.21658878344535332 0.192 0.43317756689070663 0.018968691120215226
1 0.979 0.7720000000000072 0.042 0.017509561034050422
0 0.9477500004543271 0.7720000000000072 0.10449999909134568 0.017509561034050422
0 0.9761250006814899 0.9160000000000073 0.04774999863702033 0.017509561034050422
1 0.26692047425876264 0.9139999999999927 0.32984094851752527 0.016050430947871064
0 0.10199999999999818 0.9139999999999927 0.062499999091345675 0.016050430947871064
0 0.9753333339391029 0.009999999999992725 0.04933333212179423 0.011673040689362096
1 0.48188181759573856 0.008 0.4757636351914771 0.010213910603197292
0 0.2439999999999982 0.008 0.10416666515224278 0.010213910603197292