1 0.903 0.9519999999999982 0.194 0.026264341551071994
0 0.806 0.9519999999999982 0.3124999954567302 0.026264341551071994
1 0.03507772514324415 0.5600000000000018 0.0701554502864883 0.020427821206390945
1 0.656037590735074 0.5419999999999981 0.500075181470148 0.017509561034046783
0 0.40599999999999953 0.5419999999999981 0.16666666424358936 0.017509561034046783
1 0.6538666426367663 0.244 0.2597332852735326 0.01605043094787834
0 0.524 0.244 0.22916666333493596 0.01605043094787834
1 0.881 0.816 0.238 0.01605043094787834
0 0.7620000000000005 0.816 0.14583333121314082 0.01605043094787834
0 0.9593333339391025 0.828 0.08133333212179514 0.01605043094787834
1 0.881 0.7980000000000018 0.238 0.011673040689365734
0 0.7620000000000005 0.7980000000000018 0.08333333212179514 0.011673040689365734
1 0.963 0.04200000000000091 0.074 0.010213910603195472
0 0.9260000000000005 0.04200000000000091 0.12499999818269225 0.010213910603195472
1 0.17435637856752373 0.1960000000000009 0.34871275713504746 0.010213910603195472
1 0.09296573234473408 0.9759999999999982 0.11393146468946816 0.010213910603193653
0 0.036 0.9759999999999982 0.062499999091345675 0.010213910603193653
1 0.8185544035372213 0.696 0.13310880707444267 0.008754780517025211
0 0.7520000000000004 0.696 0.1041666651522437 0.008754780517025211