1 0.37378881281732357 0.8920000000000009 0.2875776256346471 0.03647825215426746
0 0.23 0.8920000000000009 0.08333333212179422 0.03647825215426746
1 0.12343980801060753 0.006930867909310564 0.24687961602121505 0.013861735818621128
1 0.5796149711297421 0.795999999999999 0.3952299422594842 0.020427821206389127
0 0.382 0.795999999999999 0.12499999818269135 0.020427821206389127
1 0.7910957999137427 0.386 0.21019159982748534 0.018968691120218865
0 0.686 0.386 0.08333333212179422 0.018968691120218865
1 0.7013974208340733 0.522 0.40279484166814655 0.018968691120218865
0 0.5 0.522 0.12499999818269135 0.018968691120218865
1 0.5649084604737509 0.568000000000001 0.5818169209475018 0.0175095610340486
0 0.274 0.568000000000001 0.12499999818269135 0.0175095610340486
1 0.1176487420270887 0.718 0.1872974840541774 0.01605043094787834
0 0.027624999772836417 0.718 0.055249999545672834 0.01605043094787834
1 0.3834755150803012 0.852 0.28695103016060236 0.01605043094787834
0 0.24 0.852 0.062499999091345675 0.01605043094787834
1 0.3274657260055792 0.2740000000000009 0.1949314520111584 0.010213910603195472
0 0.23 0.2740000000000009 0.08333333212179422 0.010213910603195472
0 0.9951666669695515 0.4019999999999991 0.009666666060897115 0.008754780517023391
1 0.5717020432492008 0.543999999999999 0.4874040864984017 0.008754780517023391
0 0.328 0.543999999999999 0.08333333212179422 0.008754780517023391