1 0.2898652902627273 0.028 0.2917305805254546 0.018968691120215226
0 0.1440000000000009 0.028 0.22916666333493596 0.018968691120215226
0 0.9363333339391029 0.112 0.12733333212179423 0.018968691120215226
1 0.756 0.44599999999999274 0.488 0.016050430947871064
0 0.512 0.44599999999999274 0.16666666424358845 0.016050430947871064
1 0.5533590829054974 0.344 0.2987181658109948 0.014591300861706258
0 0.4040000000000009 0.344 0.18749999727403882 0.014591300861706258
1 0.935 0.25000000000000727 0.13 0.013132170775541454
0 0.87 0.25000000000000727 0.08333333212179422 0.013132170775541454
0 0.9627500004543271 0.258 0.07449999909134566 0.010213910603197292
1 0.87 0.752 0.26 0.010213910603197292
0 0.7399999999999982 0.752 0.10416666515224278 0.010213910603197292
1 0.12938545680138394 0.056 0.2587709136027679 0.008754780517017934
1 0.8895866409603713 0.228 0.10717328192074274 0.008754780517017934
0 0.8359999999999982 0.228 0.10416666515224278 0.008754780517017934
1 0.864 0.788 0.272 0.008754780517017934
1 0.962 0.14199999999999272 0.076 0.007295650430853129
0 0.9239999999999982 0.14199999999999272 0.10416666515224278 0.007295650430853129