1 0.2692716792272495 0.584 0.38654335845449894 0.02480521146490355
0 0.10049999909134658 0.584 0.20099999818269315 0.02480521146490355
1 0.928 0.5500000000000036 0.144 0.023346081378731467
0 0.856 0.5500000000000036 0.12499999818269135 0.023346081378731467
1 0.933 0.3039999999999964 0.134 0.020427821206387305
0 0.8660000000000009 0.3039999999999964 0.22916666333493596 0.020427821206387305
0 0.9463333339391029 0.26 0.10733333212179423 0.017509561034050422
1 0.043407044680044235 0.9929873922630322 0.08681408936008847 0.014025215473935532
1 0.1812440421454494 0.266 0.19048808429089878 0.010213910603197292
0 0.086 0.266 0.10416666515224278 0.010213910603197292
1 0.868 0.25000000000000366 0.264 0.008754780517025211
0 0.736 0.25000000000000366 0.12499999818269135 0.008754780517025211