0 0.9695000009086538 0.2099999999999991 0.06099999818269225 0.043773902585120594
1 0.3811936713966647 0.08399999999999909 0.3903873427933295 0.013132170775535997
0 0.18600000000000044 0.08399999999999909 0.12499999818269225 0.013132170775535997
1 0.04632093555588017 0.21 0.09264187111176034 0.011673040689365734
1 0.913 0.266 0.174 0.011673040689365734
0 0.8260000000000004 0.266 0.12499999818269225 0.011673040689365734
1 0.81 0.2420000000000009 0.38 0.010213910603195472
0 0.6200000000000004 0.2420000000000009 0.1041666651522437 0.010213910603195472
1 0.7209239817110288 0.202 0.2698479634220575 0.007295650430853129
0 0.5860000000000004 0.202 0.08333333212179514 0.007295650430853129
1 0.7226777876440774 0.1780000000000009 0.4013555752881548 0.005836520344682867