1 0.05580708471344724 0.5340000000000036 0.11161416942689448 0.023346081378731467
1 0.24106027858048218 0.7659999999999964 0.48212055716096436 0.020427821206387305
0 0.04949999909134613 0.7659999999999964 0.09899999818269226 0.020427821206387305
1 0.0599863209928767 0.832 0.1199726419857534 0.017509561034050422
0 0.0072499995456732904 0.832 0.014499999091346581 0.017509561034050422
1 0.4096741490311415 0.792 0.09134829806228299 0.014591300861706258
0 0.364 0.792 0.062499999091345675 0.014591300861706258
1 0.47732626034591746 0.8199999999999964 0.182652520691835 0.013132170775534177
0 0.38600000000000045 0.8199999999999964 0.12499999818269225 0.013132170775534177
1 0.5692980629716958 0.648 0.2785961259433916 0.011673040689362096
0 0.43000000000000044 0.648 0.1041666651522437 0.011673040689362096
1 0.07636003089234555 0.17 0.0967200617846911 0.010213910603197292
0 0.02962499977283642 0.17 0.05924999954567284 0.010213910603197292
1 0.861 0.47 0.278 0.010213910603197292
0 0.7220000000000004 0.47 0.1041666651522437 0.010213910603197292