1 0.708 0.462 0.584 0.0496104229298071
0 0.4160000000000005 0.462 0.12499999818269225 0.0496104229298071
1 0.5 0.882 1.0 0.035019122068100844
0 0.0639166656065704 0.882 0.1278333312131408 0.035019122068100844
1 0.32804263030032416 0.374 0.6560852606006483 0.033559991981921486
1 0.573 0.5240000000000072 0.854 0.03210086189575668
0 0.146 0.5240000000000072 0.22916666333493596 0.03210086189575668
1 0.2305284939215935 0.5700000000000073 0.461056987843187 0.03210086189575668
1 0.22762320618070772 0.9460000000000073 0.45524641236141544 0.027723471637247712
1 0.18004444937367042 0.93 0.36008889874734085 0.023346081378724192
1 0.93 0.8219999999999927 0.14 0.021886951292559388
0 0.8599999999999995 0.8219999999999927 0.18749999727403793 0.021886951292559388
1 0.941 0.764 0.118 0.020427821206394584
0 0.8819999999999996 0.764 0.16666666424358936 0.020427821206394584
1 0.058949026404161484 0.45 0.11789805280832297 0.018968691120215226
0 0.015499999091346126 0.45 0.03099999818269225 0.018968691120215226
1 0.5235445212278591 0.968 0.2350890424557183 0.018968691120215226
0 0.40599999999999953 0.968 0.18749999727403793 0.018968691120215226
1 0.936 0.41600000000000725 0.128 0.017509561034050422
0 0.8719999999999996 0.41600000000000725 0.16666666424358936 0.017509561034050422
1 0.05202885107105385 0.8060000000000073 0.1040577021421077 0.017509561034050422
1 0.5478311119202167 0.746 0.4596622238404334 0.014591300861706258
0 0.31799999999999956 0.746 0.16666666424358936 0.014591300861706258
1 0.07968719001897762 0.728 0.15937438003795523 0.010213910603197292