1 0.6511669103979256 0.7819999999999927 0.30633382079585136 0.055446943274480874
0 0.4979999999999991 0.7819999999999927 0.3333333284871787 0.055446943274480874
1 0.06037634191802226 0.8040000000000073 0.12075268383604452 0.04231477249895397
1 0.5983139389852967 0.854 0.30862787797059354 0.033559991981921486
0 0.4439999999999991 0.854 0.35416666151762727 0.033559991981921486
1 0.19309695324650966 0.782 0.3861939064930193 0.029182601723412516
0 0.035291665833733984 0.782 0.07058333166746797 0.029182601723412516
1 0.14654950943763742 0.488 0.29309901887527484 0.02480521146490355
1 0.13747686069207612 0.792 0.27495372138415225 0.023346081378724192
1 0.6516051353793646 0.872 0.15521027075872917 0.023346081378724192
0 0.574000000000001 0.872 0.1458333312131417 0.023346081378724192
1 0.2857829185786377 0.96 0.5715658371572754 0.023346081378724192
1 0.10938268555421927 0.7019999999999927 0.21876537110843855 0.021886951292559388
0 0.008666666060897114 0.7019999999999927 0.017333332121794227 0.021886951292559388
1 0.5 0.9819999999999928 1.0 0.021886951292559388
1 0.521 0.952 0.958 0.020427821206394584
0 0.07829166583373398 0.952 0.15658333166746796 0.020427821206394584
1 0.35434512579919103 0.54 0.42869025159838203 0.018968691120215226
0 0.13999999999999954 0.54 0.16666666424358936 0.018968691120215226
1 0.22090035537351196 0.748 0.2938007107470239 0.018968691120215226
0 0.07400000000000045 0.748 0.08333333212179514 0.018968691120215226
1 0.927 0.5160000000000072 0.146 0.017509561034050422
0 0.854 0.5160000000000072 0.10416666515224278 0.017509561034050422
1 0.5027000374629488 0.4199999999999927 0.2934000749258976 0.016050430947871064
0 0.356 0.4199999999999927 0.08333333212179422 0.016050430947871064
1 0.24545437647231483 0.4939999999999927 0.49090875294462966 0.016050430947871064
0 0.013874999318509253 0.4939999999999927 0.027749998637018505 0.016050430947871064
1 0.6297854976708268 0.9279999999999927 0.15557099534165356 0.016050430947871064
0 0.5520000000000009 0.9279999999999927 0.1458333312131417 0.016050430947871064
1 0.35254073400838204 0.726 0.2970814680167641 0.014591300861706258
0 0.20399999999999954 0.726 0.16666666424358936 0.014591300861706258
1 0.19182926413668702 0.848 0.14765852827337403 0.014591300861706258
0 0.11800000000000045 0.848 0.08333333212179514 0.014591300861706258
1 0.10114260105031918 0.368 0.20228520210063836 0.010213910603197292
1 0.4022154417638603 0.9978113048707455 0.15643088352772067 0.004377390258508967
0 0.324 0.9978113048707455 0.10416666515224278 0.004377390258508967
1 0.03043367899547593 0.3739999999999927 0.06086735799095186 0.007295650430853129