1 0.2578295075034562 0.32599999999999635 0.49565901500691234 0.035019122068093565
0 0.01020833325761214 0.32599999999999635 0.02041666651522428 0.035019122068093565
1 0.7258052427700945 0.376 0.3476104855401891 0.02480521146490355
0 0.552 0.376 0.020833333030448556 0.02480521146490355
1 0.14266279600478537 0.3079999999999964 0.28532559200957075 0.020427821206387305
0 0.004624999772836645 0.3079999999999964 0.00924999954567329 0.020427821206387305
1 0.09024639793316419 0.4919999999999964 0.18049279586632838 0.020427821206387305
0 0.025041666288060697 0.4919999999999964 0.050083332576121395 0.020427821206387305
1 0.09167747227943256 0.6640000000000036 0.1833549445588651 0.01605043094787834
0 0.05108333257612185 0.6640000000000036 0.1021666651522437 0.01605043094787834
1 0.61237595931844 0.192 0.14475191863687997 0.010213910603197292
0 0.5400000000000005 0.192 0.1041666651522437 0.010213910603197292
1 0.911 0.274 0.178 0.002918260172344162