1 0.975 0.332 0.05 0.029182601723414338
0 0.9437500004543271 0.332 0.11249999909134567 0.029182601723414338
1 0.6610288144189471 0.928 0.2860576288378943 0.024805211464901732
0 0.5180000000000009 0.928 0.18749999727403882 0.024805211464901732
1 0.8540429996898693 0.946 0.1520859993797385 0.018968691120218865
0 0.7780000000000009 0.946 0.1458333312131417 0.018968691120218865
1 0.06388242357466424 0.4659999999999995 0.12776484714932848 0.01605043094787743
1 0.03859702025440674 0.826 0.07719404050881348 0.013132170775535997
1 0.937 0.754 0.126 0.011673040689365734
0 0.874 0.754 0.08333333212179422 0.011673040689365734
0 0.9711666669695515 0.7620000000000005 0.05766666606089711 0.0087547805170243