1 0.345312966686643 0.8800000000000004 0.282625933373286 0.020427821206390036
0 0.204 0.8800000000000004 0.2499999963653845 0.020427821206390036
1 0.2678427549733542 0.16399999999999954 0.2116855099467084 0.01605043094787743
0 0.16200000000000023 0.16399999999999954 0.16666666424358983 0.01605043094787743
1 0.2537483571381113 0.8079999999999995 0.1394967142762225 0.01605043094787743
0 0.184 0.8079999999999995 0.020833333030448556 0.01605043094787743
1 0.1291173764210803 0.344 0.2582347528421606 0.013132170775535997
0 0.030249999545673062 0.344 0.060499999091346124 0.013132170775535997
1 0.14063670457486432 0.394 0.19727340914972866 0.013132170775535997
0 0.06787499931850971 0.394 0.13574999863701942 0.013132170775535997
0 0.9723333339391025 0.774 0.055333332121795135 0.013132170775535997
1 0.5080234765789946 0.7 0.3480469531579893 0.011673040689365734
0 0.334 0.7 0.04166666606089711 0.011673040689365734
1 0.20063678485793615 0.13 0.20927356971587233 0.007295650430853129
0 0.09599999999999977 0.13 0.08333333212179468 0.007295650430853129
1 0.612663489577295 0.598 0.14532697915458995 0.005836520344682867
0 0.5400000000000005 0.598 0.08333333212179514 0.005836520344682867
1 0.852 0.6399999999999996 0.296 0.004377390258511696