1 0.2635595574972049 0.57 0.5271191149944098 0.0306417318095846
1 0.2926604706420439 0.406 0.3253209412840879 0.02480521146490355
0 0.13791666560657176 0.406 0.2758333312131435 0.02480521146490355
1 0.5915698938018632 0.8159999999999982 0.3591397876037263 0.017509561034046783
0 0.412 0.8159999999999982 0.08333333212179422 0.017509561034046783
1 0.45634506953452364 0.001012607736969585 0.4566901390690473 0.00202521547393917
0 0.228 0.001012607736969585 0.08333333212179422 0.00202521547393917
1 0.042853792893980426 0.816 0.08570758578796085 0.01605043094787834
0 0.9723750002271627 0.238 0.05524999954567465 0.014591300861706258
1 0.44897638769213155 0.5100000000000018 0.3339527753842631 0.013132170775537815
0 0.2819999999999982 0.5100000000000018 0.1458333312131399 0.013132170775537815
1 0.868 0.6340000000000018 0.264 0.013132170775537815
0 0.7359999999999982 0.6340000000000018 0.1458333312131399 0.013132170775537815
1 0.5289344438957924 0.13600000000000181 0.3418688877915847 0.011673040689365734
0 0.3579999999999982 0.13600000000000181 0.10416666515224278 0.011673040689365734
1 0.971 0.25600000000000184 0.058 0.011673040689365734
0 0.9419999999999982 0.25600000000000184 0.062499999091345675 0.011673040689365734
1 0.732916213491184 0.752 0.3618324269823679 0.005836520344681048
0 0.5519999999999982 0.752 0.062499999091345675 0.005836520344681048