1 0.3743517786922057 0.29999999999999816 0.5487035573844113 0.03355999198192512
0 0.1 0.29999999999999816 0.16666666424358845 0.03355999198192512
1 0.16886830930279392 0.5940000000000019 0.33773661860558785 0.020427821206390945
0 0.042083332576121395 0.5940000000000019 0.08416666515224279 0.020427821206390945
1 0.05632809078552782 0.49199999999999816 0.11265618157105564 0.017509561034046783
1 0.7079831455280491 0.952 0.3519662910560983 0.01605043094787834
0 0.532 0.952 0.16666666424358845 0.01605043094787834
1 0.5726198922192616 0.444 0.1892397844385232 0.014591300861706258
0 0.478 0.444 0.2499999963653827 0.014591300861706258
1 0.5106569606581215 0.4880000000000018 0.3693139213162431 0.013132170775537815
0 0.3259999999999982 0.4880000000000018 0.1458333312131399 0.013132170775537815
1 0.47709616587192066 0.3300000000000018 0.19019233174384134 0.011673040689365734
0 0.3819999999999982 0.3300000000000018 0.1458333312131399 0.011673040689365734
1 0.13431660778242077 0.7400000000000018 0.26863321556484154 0.011673040689365734
1 0.04907733285281938 0.722 0.09815466570563876 0.008754780517025211
1 0.25558085858283813 0.268 0.18316171716567622 0.005836520344681048
1 0.0644407166824676 0.468 0.1288814333649352 0.005836520344681048