1 0.04654453052715417 0.5760000000000073 0.09308906105430834 0.037937382240445
1 0.0409934504611756 0.8019999999999927 0.0819869009223512 0.026264341551068354
1 0.14807413934289526 0.7399999999999928 0.2961482786857905 0.021886951292559388
0 0.04849999909134658 0.7399999999999928 0.09699999818269316 0.021886951292559388
1 0.23633409163766284 0.25 0.16066818327532564 0.020427821206394584
0 0.15600000000000092 0.25 0.18749999727403882 0.020427821206394584
1 0.0538653302985822 0.5519999999999927 0.1077306605971644 0.016050430947871064
1 0.19900517714659507 0.476 0.15001035429319018 0.010213910603197292
0 0.12400000000000092 0.476 0.1458333312131417 0.010213910603197292
1 0.18976326515988784 0.396 0.3795265303197757 0.008754780517017934
1 0.1408192478167257 0.776 0.2816384956334514 0.005836520344688324