1 0.957 0.422 0.086 0.030641731809591875
0 0.8684583346205932 0.422 0.2630833307588136 0.030641731809591875
1 0.669073390520432 0.072 0.37414678104086396 0.02480521146490355
0 0.48200000000000043 0.072 0.14583333121314082 0.02480521146490355
0 0.9492916676510418 0.388 0.10141666469791653 0.023346081378724192
1 0.795 0.656 0.41 0.023346081378724192
0 0.59 0.656 0.27083332939583304 0.023346081378724192
1 0.1699726403554482 0.8399999999999928 0.3399452807108964 0.021886951292559388
1 0.811 0.03800000000000728 0.378 0.017509561034050422
0 0.6220000000000004 0.03800000000000728 0.12499999818269225 0.017509561034050422
1 0.941 0.4899999999999927 0.118 0.016050430947871064
0 0.8820000000000005 0.4899999999999927 0.12499999818269225 0.016050430947871064
1 0.827 0.192 0.346 0.014591300861706258
0 0.6540000000000005 0.192 0.14583333121314082 0.014591300861706258
1 0.36673744167190353 0.226 0.46547488334380704 0.014591300861706258
0 0.13399999999999954 0.226 0.16666666424358936 0.014591300861706258
1 0.04359836571827191 0.282 0.08719673143654381 0.014591300861706258
1 0.876 0.318 0.248 0.014591300861706258
0 0.7519999999999996 0.318 0.16666666424358936 0.014591300861706258
0 0.9371250006814903 0.754 0.1257499986370194 0.014591300861706258
1 0.14958697530390372 0.86 0.29917395060780744 0.014591300861706258
1 0.43612188474954794 0.974 0.7122437694990958 0.014591300861706258
0 0.08166666606089712 0.974 0.16333333212179424 0.014591300861706258
1 0.2036735297321925 0.3739999999999927 0.407347059464385 0.011673040689362096
1 0.936 0.6079999999999928 0.128 0.011673040689362096
0 0.8720000000000004 0.6079999999999928 0.14583333121314082 0.011673040689362096
1 0.4475531682426295 0.6219999999999927 0.1271063364852589 0.011673040689362096
0 0.38400000000000045 0.6219999999999927 0.14583333121314082 0.011673040689362096
1 0.17317088293234836 0.652 0.3463417658646967 0.005836520344688324