1 0.2720067206966878 0.738 0.4920134413933756 0.05398781318831607
0 0.08070833234895826 0.738 0.16141666469791652 0.05398781318831607
1 0.865 0.6680000000000036 0.27 0.023346081378731467
0 0.73 0.6680000000000036 0.3124999954567302 0.023346081378731467
1 0.2650329930256721 0.5060000000000037 0.3700659860513442 0.0189686911202225
0 0.08000000000000046 0.5060000000000037 0.14583333121314082 0.0189686911202225
1 0.968 0.7880000000000036 0.064 0.0189686911202225
0 0.931541667196715 0.7880000000000036 0.13691666560656995 0.0189686911202225
1 0.968 0.372 0.064 0.017509561034050422
0 0.931541667196715 0.372 0.13691666560656995 0.017509561034050422
1 0.17096199238131704 0.3860000000000036 0.3419239847626341 0.01605043094787834
0 0.02224999954567329 0.3860000000000036 0.04449999909134658 0.01605043094787834
1 0.8009595847061778 0.9640000000000036 0.3579191694123556 0.01605043094787834
0 0.6219999999999996 0.9640000000000036 0.18749999727403793 0.01605043094787834
1 0.0882217492838463 0.29 0.1764434985676926 0.014591300861706258
0 0.012624999772836418 0.29 0.025249999545672835 0.014591300861706258
1 0.963 0.16999999999999635 0.074 0.013132170775534177
0 0.9260000000000005 0.16999999999999635 0.1041666651522437 0.013132170775534177
1 0.795 0.6539999999999964 0.41 0.013132170775534177
0 0.5899999999999995 0.6539999999999964 0.16666666424358936 0.013132170775534177
1 0.47567141944522656 0.948 0.2273428388904531 0.011673040689362096
0 0.36200000000000043 0.948 0.1041666651522437 0.011673040689362096
1 0.86 0.6300000000000037 0.28 0.008754780517025211
0 0.7200000000000004 0.6300000000000037 0.1041666651522437 0.008754780517025211