1 0.03048340575000657 0.9299999999999964 0.06096681150001314 0.03793738224043773
1 0.925 0.01999999999999636 0.15 0.035019122068093565
0 0.8500000000000009 0.01999999999999636 0.2083333303044874 0.035019122068093565
0 0.8866250015901441 0.6400000000000037 0.22674999681971167 0.03355999198192876
1 0.5902632603910979 0.6 0.1965265207821958 0.02480521146490355
0 0.49200000000000094 0.6 0.2499999963653845 0.02480521146490355
0 0.980541667196715 0.16400000000000364 0.03891666560656995 0.023346081378731467
1 0.7824092084626182 0.7880000000000036 0.2088184169252363 0.0189686911202225
0 0.6780000000000009 0.7880000000000036 0.18749999727403882 0.0189686911202225
1 0.10978988452753037 0.06400000000000364 0.21957976905506074 0.01605043094787834
1 0.736 0.22200000000000364 0.528 0.01605043094787834
0 0.472 0.22200000000000364 0.12499999818269135 0.01605043094787834
0 0.9653333339391029 0.802 0.06933333212179423 0.014591300861706258
1 0.681 0.538 0.638 0.004377390258508967
0 0.362 0.538 0.062499999091345675 0.004377390258508967