1 0.848 0.008295650430853129 0.304 0.016591300861706258
0 0.6959999999999982 0.008295650430853129 0.10416666515224278 0.016591300861706258
1 0.12050184649018138 0.8140000000000018 0.24100369298036275 0.027723471637244073
1 0.54190672008619 0.05400000000000182 0.62381344017238 0.020427821206390945
0 0.23 0.05400000000000182 0.12499999818269135 0.020427821206390945
1 0.788 0.1960000000000018 0.424 0.020427821206390945
0 0.576 0.1960000000000018 0.12499999818269135 0.020427821206390945
1 0.03731203783623096 0.11199999999999818 0.07462407567246192 0.018968691120218865
0 0.9895833334847757 0.884 0.020833333030448556 0.014591300861706258
1 0.201933126600361 0.124 0.403866253200722 0.005836520344681048
1 0.902 0.432 0.196 0.005836520344681048
0 0.8039999999999982 0.432 0.062499999091345675 0.005836520344681048
1 0.14237412862178006 0.962 0.19274825724356015 0.005836520344681048
0 0.046 0.962 0.062499999091345675 0.005836520344681048
1 0.918 0.31800000000000184 0.164 0.0043773902585126055
0 0.8359999999999982 0.31800000000000184 0.062499999091345675 0.0043773902585126055