1 0.551 0.36200000000000726 0.898 0.027723471637247712
0 0.10199999999999818 0.36200000000000726 0.18749999727403702 0.027723471637247712
1 0.941 0.644 0.118 0.023346081378724192
0 0.8819999999999982 0.644 0.1458333312131399 0.023346081378724192
1 0.790579471985824 0.4020000000000073 0.16115894397164812 0.017509561034050422
0 0.7099999999999982 0.4020000000000073 0.10416666515224278 0.017509561034050422
1 0.888124171652089 0.7300000000000073 0.16424834330417798 0.017509561034050422
0 0.8059999999999982 0.7300000000000073 0.062499999091345675 0.017509561034050422
1 0.662449736307637 0.632 0.46889947261527415 0.014591300861706258
0 0.42799999999999816 0.632 0.10416666515224278 0.014591300861706258
1 0.25165749956001854 0.562 0.2993149991200371 0.010213910603197292
0 0.102 0.562 0.12499999818269135 0.010213910603197292