1 0.847 0.6380000000000009 0.306 0.03355999198192694
0 0.694 0.6380000000000009 0.20833333030448556 0.03355999198192694
1 0.776 0.4380000000000009 0.448 0.021886951292561206
0 0.5519999999999982 0.4380000000000009 0.1458333312131399 0.021886951292561206
1 0.6597482783237774 0.2720000000000009 0.4754965566475548 0.0175095610340486
0 0.42199999999999815 0.2720000000000009 0.18749999727403702 0.0175095610340486
1 0.803 0.3360000000000009 0.394 0.0175095610340486
0 0.6059999999999982 0.3360000000000009 0.22916666333493413 0.0175095610340486
1 0.0680280791411642 0.4780000000000009 0.1360561582823284 0.0175095610340486
1 0.966 0.5140000000000009 0.068 0.0175095610340486
0 0.9087083341662655 0.5140000000000009 0.18258333166746887 0.0175095610340486
1 0.722 0.238 0.556 0.01605043094787834
0 0.4439999999999982 0.238 0.18749999727403702 0.01605043094787834
1 0.1422712623877578 0.702 0.2845425247755156 0.014591300861706258
1 0.933 0.006283042693883544 0.134 0.012566085387767089
0 0.866 0.006283042693883544 0.08333333212179422 0.012566085387767089
1 0.642868414845214 0.3999999999999991 0.5057368296904279 0.013132170775535997
0 0.3899999999999982 0.3999999999999991 0.062499999091345675 0.013132170775535997
1 0.02175121315119577 0.83 0.04350242630239154 0.011673040689365734
1 0.836 0.946 0.328 0.011673040689365734
0 0.672 0.946 0.08333333212179422 0.011673040689365734
1 0.5544615045511455 0.2560000000000009 0.35292300910229096 0.010213910603195472
0 0.37799999999999817 0.2560000000000009 0.1458333312131399 0.010213910603195472
1 0.10692165251306505 0.4600000000000009 0.2138433050261301 0.010213910603195472
1 0.40794773935682316 0.2219999999999991 0.5558954787136463 0.008754780517023391
0 0.12999999999999817 0.2219999999999991 0.062499999091345675 0.008754780517023391
1 0.1746386467242628 0.24599999999999908 0.11327729344852559 0.008754780517023391
0 0.118 0.24599999999999908 0.04166666606089711 0.008754780517023391
1 0.477666061452368 0.5639999999999991 0.719332122904736 0.008754780517023391
0 0.118 0.5639999999999991 0.12499999818269135 0.008754780517023391
1 0.21751417631888945 0.832 0.23902835263777888 0.007295650430853129
0 0.098 0.832 0.08333333212179422 0.007295650430853129
1 0.8657089741945074 0.608 0.2594179483890148 0.0043773902585126055
1 0.28909508118585836 0.89 0.36219016237171675 0.0043773902585126055