1 0.5 0.21600000000000727 1.0 0.03210086189575668
1 0.859 0.24799999999999273 0.282 0.026264341551068354
0 0.7179999999999982 0.24799999999999273 0.22916666333493413 0.026264341551068354
1 0.75 0.872 0.5 0.023346081378724192
0 0.5000000000000009 0.872 0.27083332939583304 0.023346081378724192
1 0.6212099201256915 0.10599999999999273 0.458419840251383 0.021886951292559388
0 0.392 0.10599999999999273 0.2499999963653827 0.021886951292559388
1 0.11355988780849748 0.146 0.22711977561699495 0.020427821206394584
1 0.5197657987392067 0.674 0.49153159747841346 0.020427821206394584
0 0.274 0.674 0.2499999963653827 0.020427821206394584
1 0.07439625246775358 0.718 0.14879250493550716 0.020427821206394584
1 0.27534692244326836 0.8 0.3306938448865367 0.020427821206394584
0 0.11749999909134658 0.8 0.23499999818269315 0.020427821206394584
1 0.059302382436757395 0.18200000000000727 0.11860476487351479 0.017509561034050422
0 0.9581250006814899 0.7559999999999927 0.08374999863702033 0.016050430947871064
0 0.9577500004543271 0.8239999999999927 0.08449999909134567 0.016050430947871064
1 0.1925440812973893 0.934 0.2930881625947786 0.014591300861706258
0 0.059458332803285885 0.934 0.11891666560657177 0.014591300861706258
1 0.8026263605210261 0.9539999999999927 0.32125272104205216 0.011673040689362096
0 0.6419999999999981 0.9539999999999927 0.1458333312131399 0.011673040689362096
0 0.9681666669695514 0.856 0.06366666606089712 0.010213910603197292
1 0.843 0.896 0.314 0.010213910603197292
0 0.6859999999999982 0.896 0.10416666515224278 0.010213910603197292
1 0.0562272727263371 0.74 0.1124545454526742 0.008754780517017934
1 0.47205710973987697 0.784 0.11611421947975395 0.008754780517017934
0 0.4140000000000009 0.784 0.10416666515224461 0.008754780517017934
1 0.559759639008118 0.6959999999999927 0.48751927801623607 0.007295650430853129
0 0.316 0.6959999999999927 0.04166666606089711 0.007295650430853129
1 0.48078134783131826 0.8199999999999927 0.11356269566263655 0.007295650430853129
0 0.42399999999999816 0.8199999999999927 0.062499999091345675 0.007295650430853129