1 0.807 0.766 0.386 0.03939651232660981
0 0.6139999999999991 0.766 0.3124999954567302 0.03939651232660981
1 0.06768123347921665 0.26199999999999635 0.1353624669584333 0.027723471637240437
1 0.13029720904626083 0.18800000000000364 0.26059441809252165 0.0189686911202225
1 0.899 0.2620000000000036 0.202 0.01605043094787834
0 0.7980000000000009 0.2620000000000036 0.2083333303044874 0.01605043094787834
1 0.5666067145161297 0.5300000000000037 0.3612134290322592 0.01605043094787834
0 0.3860000000000009 0.5300000000000037 0.2083333303044874 0.01605043094787834
1 0.932 0.8020000000000036 0.136 0.01605043094787834
0 0.8640000000000009 0.8020000000000036 0.1458333312131417 0.01605043094787834
1 0.785 0.068 0.43 0.014591300861706258
0 0.57 0.068 0.12499999818269135 0.014591300861706258
1 0.2755074529217627 0.06600000000000364 0.1710149058435254 0.008754780517025211
0 0.19 0.06600000000000364 0.12499999818269135 0.008754780517025211
1 0.1580553597226608 0.3200000000000036 0.17211071944532158 0.008754780517025211
0 0.072 0.3200000000000036 0.08333333212179422 0.008754780517025211
1 0.28969197011246794 0.44 0.17538394022493595 0.002918260172344162