1 0.906 0.056 0.188 0.05398781318831607
0 0.812 0.056 0.020833333030448556 0.05398781318831607
1 0.23547666323546945 0.6399999999999927 0.32295332647093894 0.036478252154265645
0 0.07400000000000045 0.6399999999999927 0.08333333212179514 0.036478252154265645
0 0.9636666678782049 0.024 0.07266666424359028 0.033559991981921486
1 0.4889527677048827 0.26599999999999274 0.9139055354097654 0.026264341551068354
0 0.06287499931850925 0.26599999999999274 0.1257499986370185 0.026264341551068354
1 0.6745741032055703 0.086 0.6371482064111406 0.020427821206394584
0 0.3560000000000009 0.086 0.18749999727403882 0.020427821206394584
1 0.03398456470704514 0.868 0.06796912941409028 0.020427821206394584
1 0.694 0.036000000000007276 0.612 0.017509561034050422
0 0.3880000000000009 0.036000000000007276 0.2499999963653845 0.017509561034050422
1 0.808 0.7500000000000073 0.384 0.017509561034050422
0 0.616 0.7500000000000073 0.12499999818269135 0.017509561034050422
1 0.971 0.4580000000000073 0.058 0.013132170775541454
0 0.942 0.4580000000000073 0.062499999091345675 0.013132170775541454
1 0.1431132756985935 0.6019999999999928 0.158226551397187 0.011673040689362096
0 0.064 0.6019999999999928 0.020833333030448556 0.011673040689362096
1 0.5066540337102587 0.6539999999999927 0.16930806742051754 0.011673040689362096
0 0.422 0.6539999999999927 0.12499999818269135 0.011673040689362096