1 0.739753199691244 0.414 0.35950639938248785 0.0306417318095846
0 0.5600000000000009 0.414 0.16666666424359028 0.0306417318095846
1 0.31979803854245803 0.2660000000000009 0.579596077084916 0.021886951292561206
0 0.0670833325761223 0.2660000000000009 0.1341666651522446 0.021886951292561206
1 0.932 0.03199999999999909 0.136 0.020427821206389127
0 0.8640000000000009 0.03199999999999909 0.2499999963653845 0.020427821206389127
1 0.44555619111960004 0.2839999999999991 0.6591123822392001 0.020427821206389127
0 0.11600000000000091 0.2839999999999991 0.16666666424359028 0.020427821206389127
1 0.17834506286785473 0.2859999999999991 0.35669012573570946 0.020427821206389127
1 0.5041780106700007 0.1 0.3443560213400015 0.018968691120218865
0 0.3320000000000009 0.1 0.16666666424359028 0.018968691120218865
1 0.921 0.366 0.158 0.018968691120218865
0 0.842 0.366 0.12499999818269135 0.018968691120218865
1 0.22344667767762985 0.9926226097414883 0.3028933553552597 0.014754780517023391
0 0.072 0.9926226097414883 0.04166666606089711 0.014754780517023391
1 0.7525072923241478 0.9939873922630305 0.2770145846482956 0.01202521547393917
0 0.6140000000000009 0.9939873922630305 0.16666666424359028 0.01202521547393917
1 0.867 0.828 0.266 0.014591300861706258
0 0.734 0.828 0.12499999818269135 0.014591300861706258
1 0.704 0.83 0.592 0.011673040689365734
0 0.408 0.83 0.12499999818269135 0.011673040689365734
1 0.97 0.0820000000000009 0.06 0.010213910603195472
0 0.94 0.0820000000000009 0.10416666515224278 0.010213910603195472
1 0.932 0.3860000000000009 0.136 0.010213910603195472
0 0.864 0.3860000000000009 0.10416666515224278 0.010213910603195472
1 0.959 0.7759999999999991 0.082 0.008754780517023391
0 0.918 0.7759999999999991 0.08333333212179422 0.008754780517023391