1 0.5034312187937321 0.142 0.11486243758746423 0.018968691120215226
0 0.446 0.142 0.12499999818269135 0.018968691120215226
1 0.908 0.7239999999999928 0.184 0.016050430947871064
0 0.816000000000001 0.7239999999999928 0.16666666424359028 0.016050430947871064
1 0.924 0.8620000000000073 0.152 0.013132170775541454
0 0.8480000000000009 0.8620000000000073 0.16666666424359028 0.013132170775541454
1 0.3382911702813144 0.2919999999999927 0.2365823405626288 0.011673040689362096
0 0.22 0.2919999999999927 0.10416666515224278 0.011673040689362096
1 0.009730156258589886 0.6539999999999927 0.01946031251717977 0.011673040689362096
1 0.09184259501469932 0.7159999999999928 0.17968519002939864 0.011673040689362096
0 0.037458332803285886 0.7159999999999928 0.07491666560657177 0.011673040689362096
1 0.7891433950796791 0.8419999999999928 0.20628679015935814 0.011673040689362096
0 0.686 0.8419999999999928 0.10416666515224278 0.011673040689362096
1 0.5980878752294957 0.6399999999999927 0.19217575045899138 0.007295650430853129
0 0.502 0.6399999999999927 0.10416666515224278 0.007295650430853129
1 0.550860972882595 0.11 0.22972194576518995 0.004377390258508967