1 0.23594649930550257 0.216 0.47189299861100514 0.03647825215426746
1 0.5410657679852329 0.038 0.8301315359704659 0.03210086189575532
0 0.12600000000000092 0.038 0.2499999963653845 0.03210086189575532
1 0.26180265427174254 0.982 0.5236053085434851 0.029182601723413883
0 0.04949999909134658 0.982 0.09899999818269316 0.029182601723413883
1 0.7251234304977279 0.794 0.3742468609954558 0.026264341551072448
0 0.5380000000000009 0.794 0.1458333312131417 0.026264341551072448
1 0.24945454311182674 0.3480000000000001 0.3349090862236535 0.024805211464901958
0 0.08266666606089802 0.3480000000000001 0.16533333212179604 0.024805211464901958
1 0.2600498892796022 0.8260000000000001 0.5200997785592044 0.023346081378731242
0 0.0450833325761223 0.8260000000000001 0.0901666651522446 0.023346081378731242
1 0.19390616240522832 0.07200000000000012 0.38781232481045663 0.021886951292560526
1 0.12147923268110754 0.5300000000000001 0.24295846536221508 0.020427821206389807
0 0.012291665833734441 0.5300000000000001 0.024583331667468882 0.020427821206389807
1 0.49179223026874114 0.7720000000000001 0.3635844605374823 0.020427821206389807
0 0.3100000000000009 0.7720000000000001 0.22916666333493596 0.020427821206389807
0 0.9499166674238786 0.014 0.10016666515224279 0.01605043094787766
1 0.2836542243669228 0.46799999999999986 0.5673084487338456 0.01605043094787766
1 0.40659188115019335 0.2499999999999999 0.6691837623003867 0.014591300861706942
0 0.072 0.2499999999999999 0.12499999818269135 0.014591300861706942
1 0.2818384810797452 0.15199999999999989 0.3316769621594904 0.013132170775536224
0 0.116 0.15199999999999989 0.020833333030448556 0.013132170775536224
1 0.91 0.27999999999999986 0.18 0.011673040689365506
0 0.82 0.27999999999999986 0.062499999091345675 0.011673040689365506
1 0.30022086276638127 0.9439999999999998 0.36844172553276255 0.01021391060319479
0 0.116 0.9439999999999998 0.12499999818269135 0.01021391060319479
1 0.7023913204376194 0.5019999999999999 0.3527826408752389 0.008754780517024073