0 0.906875001135817 0.5359999999999964 0.186249997728366 0.03793738224043773
1 0.11732493317599074 0.79 0.23464986635198148 0.029182601723412516
1 0.1742992216228722 0.7560000000000037 0.3485984432457444 0.023346081378731467
1 0.893 0.9699999999999963 0.214 0.020427821206387305
0 0.7859999999999981 0.9699999999999963 0.22916666333493413 0.020427821206387305
1 0.29191035853186986 0.8500000000000036 0.46782071706373973 0.0189686911202225
0 0.05799999999999818 0.8500000000000036 0.10416666515224278 0.0189686911202225
1 0.6727391857346539 0.9540000000000036 0.1654783714693076 0.0189686911202225
0 0.59 0.9540000000000036 0.08333333212179422 0.0189686911202225
1 0.882 0.6400000000000037 0.236 0.01605043094787834
0 0.7639999999999982 0.6400000000000037 0.1458333312131399 0.01605043094787834
1 0.486050611662904 0.124 0.35610122332580796 0.014591300861706258
0 0.308 0.124 0.20833333030448556 0.014591300861706258
1 0.6283545973909131 0.492 0.31670919478182624 0.010213910603197292
0 0.4699999999999982 0.492 0.062499999091345675 0.010213910603197292
1 0.4856615685899542 0.612 0.15932313717990837 0.007295650430853129
0 0.4059999999999982 0.612 0.062499999091345675 0.007295650430853129