1 0.709420998466594 0.062 0.22684199693318804 0.029182601723412516
0 0.596 0.062 0.12499999818269135 0.029182601723412516
1 0.49323476009138906 0.024 0.16246952018277808 0.023346081378724192
0 0.4120000000000009 0.024 0.2083333303044874 0.023346081378724192
1 0.33867309896219466 0.2740000000000073 0.20134619792438935 0.013132170775541454
0 0.2380000000000009 0.2740000000000073 0.18749999727403882 0.013132170775541454
1 0.982 0.6860000000000073 0.036 0.013132170775541454
0 0.9559583337119393 0.6860000000000073 0.08808333257612139 0.013132170775541454
1 0.4134272943456399 0.244 0.1548545886912798 0.010213910603197292
0 0.336 0.244 0.08333333212179422 0.010213910603197292
1 0.21098475521941418 0.306 0.09796951043882837 0.010213910603197292
0 0.162 0.306 0.08333333212179422 0.010213910603197292
1 0.5813912405997116 0.466 0.21078248119942328 0.010213910603197292
0 0.476 0.466 0.08333333212179422 0.010213910603197292