1 0.1472264684780257 0.4960000000000009 0.2944529369560514 0.029182601723414338
1 0.08140918274869728 0.18 0.16281836549739456 0.027723471637244073
1 0.97 0.4460000000000009 0.06 0.021886951292561206
0 0.9231250006814898 0.4460000000000009 0.15374999863702032 0.021886951292561206
1 0.932 0.5180000000000009 0.136 0.021886951292561206
0 0.853875001135817 0.5180000000000009 0.292249997728366 0.021886951292561206
1 0.883 0.1899999999999991 0.234 0.020427821206389127
0 0.7659999999999981 0.1899999999999991 0.27083332939583127 0.020427821206389127
1 0.10401121126618819 0.4399999999999991 0.20802242253237638 0.020427821206389127
1 0.3102300047720637 0.8919999999999991 0.5204600095441274 0.020427821206389127
0 0.05 0.8919999999999991 0.08333333212179422 0.020427821206389127
1 0.10636417137738136 0.9898930446984022 0.2127283427547627 0.02021391060319547
1 0.905 0.46 0.19 0.018968691120218865
0 0.81 0.46 0.2499999963653827 0.018968691120218865
1 0.6703822529666759 0.5560000000000009 0.41676450593335174 0.0175095610340486
0 0.4619999999999982 0.5560000000000009 0.1458333312131399 0.0175095610340486
1 0.883 0.8520000000000009 0.234 0.0175095610340486
0 0.766 0.8520000000000009 0.16666666424358845 0.0175095610340486
1 0.937 0.9620000000000009 0.126 0.0175095610340486
0 0.8739999999999982 0.9620000000000009 0.22916666333493413 0.0175095610340486
1 0.38465818251193923 0.314 0.40931636502387847 0.014591300861706258
0 0.18 0.314 0.20833333030448556 0.014591300861706258
1 0.802 0.408 0.396 0.014591300861706258
0 0.604 0.408 0.16666666424358845 0.014591300861706258
1 0.8371550487826244 0.894 0.14231009756524873 0.014591300861706258
0 0.7659999999999981 0.894 0.1458333312131399 0.014591300861706258
1 0.5805922348465938 0.38399999999999906 0.27718446969318755 0.013132170775535997
0 0.44199999999999817 0.38399999999999906 0.10416666515224278 0.013132170775535997
1 0.569175403015639 0.262 0.5583508060312778 0.011673040689365734
0 0.2899999999999982 0.262 0.10416666515224278 0.011673040689365734
0 0.9715416671967141 0.688 0.05691666560657177 0.011673040689365734
1 0.6403356627582362 0.3420000000000009 0.4206713255164723 0.010213910603195472
0 0.42999999999999816 0.3420000000000009 0.10416666515224278 0.010213910603195472
1 0.028854265854366533 0.6140000000000009 0.057708531708733066 0.010213910603195472
1 0.759 0.8700000000000009 0.482 0.010213910603195472
0 0.5179999999999981 0.8700000000000009 0.10416666515224278 0.010213910603195472
1 0.08550335879052 0.9099999999999991 0.17100671758104 0.008754780517023391
1 0.17759837308452553 0.304 0.35519674616905106 0.0043773902585126055