0 0.8540000018173086 0.4819999999999982 0.2919999963653827 0.05690607336065659
1 0.638 0.958 0.724 0.03793738224043773
0 0.276 0.958 0.20833333030448556 0.03793738224043773
1 0.958 0.884 0.084 0.036478252154265645
0 0.8694583346205927 0.884 0.26108333075881457 0.036478252154265645
1 0.24462868338881164 0.26200000000000184 0.48925736677762327 0.0350191220680972
0 0.9662916676510412 0.9739999999999982 0.06741666469791743 0.03355999198192512
1 0.08103857949156917 0.4059999999999982 0.16207715898313835 0.026264341551071994
1 0.10575412428510754 0.792 0.21150824857021508 0.021886951292559388
1 0.4500424911704304 0.2780000000000018 0.7600849823408607 0.020427821206390945
0 0.07145833280328406 0.2780000000000018 0.14291666560656813 0.020427821206390945
1 0.009229132544933237 0.978 0.018458265089866473 0.014591300861706258
1 0.2139162690904377 0.6820000000000018 0.3118325381808754 0.013132170775537815
0 0.05799999999999818 0.6820000000000018 0.10416666515224278 0.013132170775537815
1 0.24689546210364097 0.7540000000000018 0.15779092420728194 0.013132170775537815
0 0.16799999999999818 0.7540000000000018 0.1458333312131399 0.013132170775537815
1 0.3083107003174646 0.8780000000000018 0.6166214006349292 0.013132170775537815
0 0.018041666288059786 0.8780000000000018 0.03608333257611957 0.013132170775537815
1 0.4665518718191943 0.9240000000000018 0.9331037436383885 0.011673040689365734
0 0.018041666288059786 0.9240000000000018 0.03608333257611957 0.011673040689365734
1 0.5656474997908953 0.9300000000000018 0.16729499958179075 0.011673040689365734
0 0.482 0.9300000000000018 0.08333333212179422 0.011673040689365734