1 0.7515299292166401 0.1980000000000009 0.30705985843328015 0.029182601723414338
0 0.598 0.1980000000000009 0.20833333030448556 0.029182601723414338
1 0.10662367052165155 0.714 0.2132473410433031 0.027723471637244073
1 0.25274425933872774 0.788 0.5054885186774555 0.027723471637244073
1 0.417700388435238 0.042 0.28740077687047594 0.023346081378731467
0 0.274 0.042 0.062499999091345675 0.023346081378731467
1 0.24979572550792728 0.7980000000000009 0.49959145101585456 0.021886951292561206
1 0.897 0.4780000000000009 0.206 0.0175095610340486
0 0.7939999999999982 0.4780000000000009 0.1458333312131399 0.0175095610340486
1 0.3886622552096287 0.092 0.46932451041925743 0.01605043094787834
0 0.15400000000000091 0.092 0.2083333303044874 0.01605043094787834
1 0.913 0.702 0.174 0.014591300861706258
0 0.8259999999999982 0.702 0.1458333312131399 0.014591300861706258
1 0.1799958297182675 0.73 0.359991659436535 0.014591300861706258
1 0.25980997292776464 0.762 0.10361994585552929 0.014591300861706258
0 0.208 0.762 0.12499999818269135 0.014591300861706258
1 0.897 0.2399999999999991 0.206 0.013132170775535997
0 0.794 0.2399999999999991 0.20833333030448556 0.013132170775535997
1 0.11585917426108426 0.686 0.23171834852216852 0.011673040689365734
1 0.06057824332592463 0.744 0.12115648665184926 0.011673040689365734
1 0.853 0.83 0.294 0.011673040689365734
0 0.706 0.83 0.08333333212179422 0.011673040689365734
1 0.25311289613651206 0.88 0.3062257922730241 0.011673040689365734
0 0.10000000000000091 0.88 0.16666666424359028 0.011673040689365734
1 0.6934746684447455 0.1820000000000009 0.49494933688949094 0.010213910603195472
0 0.446 0.1820000000000009 0.12499999818269135 0.010213910603195472
1 0.16565264135197413 0.2380000000000009 0.33130528270394827 0.010213910603195472
1 0.88 0.4600000000000009 0.24 0.010213910603195472
0 0.76 0.4600000000000009 0.12499999818269135 0.010213910603195472
1 0.06910970882215588 0.9120000000000009 0.13821941764431175 0.010213910603195472
1 0.4123197317912891 0.4119999999999991 0.21263946358257818 0.008754780517023391
0 0.306 0.4119999999999991 0.10416666515224278 0.008754780517023391
1 0.04631077415517666 0.929999999999999 0.09262154831035332 0.008754780517023391