1 0.6076362533223437 0.694 0.5272725066446874 0.027723471637244073
0 0.3439999999999991 0.694 0.3124999954567302 0.027723471637244073
1 0.975 0.182 0.05 0.018968691120218865
0 0.95 0.182 0.08333333212179422 0.018968691120218865
0 0.987541667196715 0.6560000000000009 0.02491666560656995 0.0175095610340486
1 0.11766475590770642 0.7160000000000009 0.23532951181541284 0.010213910603195472
0 0.029249999545672836 0.7160000000000009 0.05849999909134567 0.010213910603195472
1 0.8422152347817028 0.7260000000000009 0.2164304695634055 0.010213910603195472
0 0.734 0.7260000000000009 0.10416666515224278 0.010213910603195472
1 0.916 0.3180000000000009 0.168 0.005836520344682867
0 0.832 0.3180000000000009 0.062499999091345675 0.005836520344682867
1 0.927 0.7940000000000009 0.146 0.005836520344682867
0 0.854 0.7940000000000009 0.04166666606089711 0.005836520344682867
1 0.97 0.04599999999999955 0.06 0.004377390258511696
0 0.94 0.04599999999999955 0.062499999091345675 0.004377390258511696