1 0.897 0.57 0.206 0.0306417318095846
0 0.794 0.57 0.312499995456732 0.0306417318095846
1 0.5376756860555343 0.8719999999999982 0.7033513721110685 0.026264341551071994
0 0.18600000000000091 0.8719999999999982 0.1458333312131417 0.026264341551071994
1 0.6486874799112302 0.854 0.3173749598224604 0.023346081378731467
0 0.49 0.854 0.16666666424358845 0.023346081378731467
1 0.2023382176918376 0.384 0.1846764353836752 0.021886951292559388
0 0.1100000000000009 0.384 0.16666666424359028 0.021886951292559388
1 0.6585123251819696 0.2639999999999982 0.29302465036393915 0.018968691120218865
0 0.5119999999999982 0.2639999999999982 0.18749999727403702 0.018968691120218865
1 0.8527090299068696 0.3879999999999982 0.2054180598137391 0.018968691120218865
0 0.7499999999999982 0.3879999999999982 0.062499999091345675 0.018968691120218865
1 0.030465632707951953 0.5399999999999981 0.06093126541590391 0.017509561034046783
1 0.88 0.816 0.24 0.01605043094787834
0 0.76 0.816 0.16666666424358845 0.01605043094787834
1 0.10015079002725179 0.8880000000000018 0.19630158005450357 0.013132170775537815
0 0.032249999545672835 0.8880000000000018 0.06449999909134567 0.013132170775537815
1 0.06296979342975374 0.3360000000000018 0.12593958685950749 0.011673040689365734
1 0.0589632375865076 0.8659999999999982 0.1179264751730152 0.010213910603193653