0 0.9721250006814908 0.97 0.05574999863701851 0.05398781318831607
1 0.883 0.042 0.234 0.029182601723412516
0 0.7659999999999991 0.042 0.35416666151762727 0.029182601723412516
1 0.09628954474245893 0.10800000000000727 0.19257908948491786 0.017509561034050422
0 0.024249999545672835 0.10800000000000727 0.04849999909134567 0.017509561034050422
1 0.937 0.8480000000000073 0.126 0.017509561034050422
0 0.8740000000000009 0.8480000000000073 0.16666666424359028 0.017509561034050422
1 0.5417639141132213 0.019999999999992725 0.22352782822644257 0.016050430947871064
0 0.43000000000000094 0.019999999999992725 0.1458333312131417 0.016050430947871064
1 0.91 0.308 0.18 0.010213910603197292
0 0.82 0.308 0.12499999818269135 0.010213910603197292
1 0.6825050434100831 0.736 0.3290100868201662 0.008754780517017934
0 0.518 0.736 0.10416666515224278 0.008754780517017934
1 0.981 0.986 0.038 0.008754780517017934
0 0.962 0.986 0.062499999091345675 0.008754780517017934