1 0.932 0.22599999999999637 0.136 0.03793738224043773
0 0.8486666678782049 0.22599999999999637 0.3026666642435903 0.03793738224043773
1 0.742 0.4899999999999964 0.516 0.027723471637240437
0 0.4839999999999991 0.4899999999999964 0.3333333284871787 0.027723471637240437
1 0.839 0.376 0.322 0.02480521146490355
0 0.6780000000000009 0.376 0.2499999963653845 0.02480521146490355
1 0.5358568437584472 0.6579999999999964 0.3437136875168944 0.020427821206387305
0 0.36400000000000093 0.6579999999999964 0.2083333303044874 0.020427821206387305
1 0.3316074508128886 0.378 0.1712149016257772 0.017509561034050422
0 0.2460000000000009 0.378 0.2083333303044874 0.017509561034050422
1 0.5 0.738 1.0 0.017509561034050422
0 0.028291665833734443 0.738 0.056583331667468886 0.017509561034050422
1 0.801 0.744 0.398 0.014591300861706258
0 0.6020000000000009 0.744 0.1458333312131417 0.014591300861706258
1 0.32024466786035466 0.11599999999999636 0.5204893357207093 0.013132170775534177
0 0.06124999954567283 0.11599999999999636 0.12249999909134567 0.013132170775534177
1 0.34733058901200636 0.41399999999999637 0.6946611780240127 0.013132170775534177
0 0.976541667196715 0.244 0.04691666560656995 0.011673040689362096
1 0.24322715873459946 0.364 0.17045431746919895 0.010213910603197292
0 0.158 0.364 0.08333333212179422 0.010213910603197292