1 0.13999486106491257 0.5100000000000037 0.27998972212982515 0.04085564241278189
1 0.841 0.618 0.318 0.03210086189575668
0 0.682 0.618 0.29166666242628164 0.03210086189575668
1 0.933 0.8000000000000036 0.134 0.02626434155107563
0 0.8660000000000004 0.8000000000000036 0.14583333121314082 0.02626434155107563
1 0.09606730777603979 0.8620000000000037 0.19213461555207959 0.023346081378731467
1 0.46376906531419626 0.404 0.32353813062839254 0.021886951292559388
0 0.302 0.404 0.2499999963653845 0.021886951292559388
1 0.5836390796298706 0.95 0.2392781592597412 0.021886951292559388
0 0.46400000000000047 0.95 0.1041666651522437 0.021886951292559388
1 0.8793628223795058 0.1 0.22272564475901163 0.017509561034050422
0 0.768 0.1 0.062499999091345675 0.017509561034050422
1 0.5947468559577905 0.7680000000000037 0.1494937119155811 0.01605043094787834
0 0.5199999999999996 0.7680000000000037 0.16666666424358936 0.01605043094787834
0 0.9771666669695515 0.432 0.045666666060897115 0.014591300861706258
1 0.4100452708858911 0.742 0.2800905417717822 0.014591300861706258
0 0.2699999999999995 0.742 0.16666666424358936 0.014591300861706258
0 0.9893333339391024 0.764 0.021333332121795136 0.014591300861706258
1 0.5667644994161456 0.812 0.2255289988322911 0.011673040689362096
0 0.45400000000000046 0.812 0.14583333121314082 0.011673040689362096
1 0.1940428797001955 0.89 0.216085759400391 0.010213910603197292
0 0.08599999999999977 0.89 0.08333333212179468 0.010213910603197292
1 0.906 0.16000000000000364 0.188 0.008754780517025211
0 0.8120000000000005 0.16000000000000364 0.08333333212179514 0.008754780517025211