1 0.775 0.30600000000000044 0.45 0.03210086189575577
0 0.5500000000000009 0.30600000000000044 0.18749999727403882 0.03210086189575577
1 0.948 0.06599999999999977 0.104 0.026264341551072448
0 0.8960000000000009 0.06599999999999977 0.18749999727403882 0.026264341551072448
1 0.4807396079138607 0.232 0.4894792158277214 0.024805211464901732
0 0.2360000000000009 0.232 0.18749999727403882 0.024805211464901732
1 0.937 0.312 0.126 0.0175095610340486
0 0.8740000000000009 0.312 0.1458333312131417 0.0175095610340486
1 0.2743281089092079 0.284 0.2726562178184158 0.011673040689365734
0 0.138 0.284 0.10416666515224278 0.011673040689365734
1 0.25048029511626735 0.30999999999999955 0.20496059023253474 0.010213910603194563
0 0.148 0.30999999999999955 0.12499999818269135 0.010213910603194563
1 0.6257137849484979 0.38400000000000045 0.1514275698969959 0.0087547805170243
0 0.55 0.38400000000000045 0.062499999091345675 0.0087547805170243