1 0.621482506177042 0.5300000000000018 0.4069650123540841 0.04231477249895033
0 0.41799999999999954 0.5300000000000018 0.4791666597003195 0.04231477249895033
1 0.012117202314297628 0.57 0.024234404628595257 0.021886951292559388
0 0.9881250006814903 0.8059999999999982 0.023749998637019418 0.018968691120218865
1 0.932 0.8499999999999982 0.136 0.018968691120218865
0 0.864 0.8499999999999982 0.2499999963653845 0.018968691120218865
1 0.7481138189105545 0.5099999999999982 0.31222763782110907 0.017509561034046783
0 0.5919999999999995 0.5099999999999982 0.16666666424358936 0.017509561034046783
1 0.5925434006945552 0.676 0.30508680138911043 0.01605043094787834
0 0.43999999999999956 0.676 0.18749999727403793 0.01605043094787834
1 0.34792146810710894 0.636 0.29184293621421786 0.014591300861706258
0 0.20200000000000046 0.636 0.12499999818269225 0.014591300861706258
1 0.607796632552127 0.8600000000000019 0.311593265104254 0.013132170775537815
0 0.45200000000000046 0.8600000000000019 0.1041666651522437 0.013132170775537815
1 0.6573897198517907 0.8500000000000019 0.10677943970358138 0.011673040689365734
0 0.6040000000000004 0.8500000000000019 0.14583333121314082 0.011673040689365734