1 0.5562918435443298 0.6540000000000072 0.33258368708865965 0.03210086189575668
0 0.39 0.6540000000000072 0.16666666424358845 0.03210086189575668
0 0.941875001135817 0.718 0.116249997728366 0.029182601723412516
1 0.32864914726616734 0.948 0.4412982945323347 0.023346081378724192
0 0.10799999999999818 0.948 0.1458333312131399 0.023346081378724192
1 0.19346083503458614 0.04 0.36692167006917226 0.018968691120215226
0 0.06229166583373262 0.04 0.12458333166746524 0.018968691120215226
1 0.2788863153600487 0.196 0.36177263072009735 0.018968691120215226
0 0.10629166583373262 0.196 0.21258333166746524 0.018968691120215226
0 0.9833333339391029 0.5240000000000072 0.03333333212179423 0.017509561034050422
1 0.11784348663684067 0.6219999999999927 0.23568697327368135 0.016050430947871064
0 0.9671666669695514 0.6779999999999927 0.06566666606089712 0.016050430947871064
1 0.912 0.93 0.176 0.014591300861706258
0 0.824 0.93 0.12499999818269135 0.014591300861706258
1 0.16361431246774918 0.08000000000000727 0.32722862493549837 0.013132170775541454
0 0.014249999545672836 0.08000000000000727 0.028499999091345672 0.013132170775541454
1 0.6638332006593173 0.754 0.11566640131863459 0.010213910603197292
0 0.606 0.754 0.12499999818269135 0.010213910603197292