1 0.9227389328505269 0.128 0.1494778657010538 0.01605043094787834
0 0.8480000000000009 0.128 0.18749999727403882 0.01605043094787834
1 0.973 0.3639999999999991 0.054 0.013132170775535997
0 0.946 0.3639999999999991 0.10416666515224278 0.013132170775535997
1 0.5945024837040637 0.4159999999999982 0.16500496740812742 0.010213910603193653
0 0.512 0.4159999999999982 0.10416666515224278 0.010213910603193653
1 0.10282284083475406 0.42399999999999816 0.15764568166950813 0.010213910603193653
0 0.04324999954567284 0.42399999999999816 0.08649999909134568 0.010213910603193653
1 0.20604840995736776 0.5579999999999982 0.16809681991473555 0.010213910603193653
0 0.122 0.5579999999999982 0.08333333212179422 0.010213910603193653
1 0.973 0.756 0.054 0.008754780517025211
0 0.946 0.756 0.10416666515224278 0.008754780517025211