1 0.6807776465672559 0.7680000000000018 0.5295552931345119 0.027723471637244073
0 0.416 0.7680000000000018 0.04166666606089711 0.027723471637244073
1 0.21505204478704945 0.42799999999999816 0.4301040895740989 0.026264341551071994
1 0.936 0.274 0.128 0.014591300861706258
0 0.872 0.274 0.08333333212179422 0.014591300861706258
1 0.931 0.23800000000000182 0.138 0.013132170775537815
0 0.862 0.23800000000000182 0.12499999818269135 0.013132170775537815
1 0.07500961523896785 0.9240000000000018 0.1500192304779357 0.013132170775537815
1 0.0662303612706637 0.6559999999999981 0.1324607225413274 0.010213910603193653
1 0.871 0.7499999999999982 0.258 0.010213910603193653
0 0.7420000000000009 0.7499999999999982 0.1458333312131417 0.010213910603193653
0 0.9913750002271636 0.846 0.017249999545672835 0.005836520344681048