1 0.16633812217870764 0.16000000000000728 0.3326762443574153 0.06711998396385752
1 0.05442721806555164 0.738 0.10885443613110328 0.033559991981921486
1 0.3519511384764883 0.37799999999999273 0.14790227695297653 0.021886951292559388
0 0.278 0.37799999999999273 0.20833333030448556 0.021886951292559388
1 0.40995398552270673 0.914 0.30790797104541345 0.018968691120215226
0 0.256 0.914 0.20833333030448556 0.018968691120215226
0 0.9347083341662655 0.9922578272199462 0.13058333166746888 0.015484345560107613
1 0.4055734038788341 0.17000000000000728 0.2991468077576683 0.017509561034050422
0 0.256 0.17000000000000728 0.2499999963653827 0.017509561034050422
1 0.13281948894106063 0.4060000000000073 0.26563897788212126 0.017509561034050422
1 0.4956164704114508 0.4620000000000073 0.1512329408229016 0.017509561034050422
0 0.4199999999999982 0.4620000000000073 0.18749999727403702 0.017509561034050422
1 0.46276604853364367 0.09599999999999273 0.1535320970672874 0.011673040689362096
0 0.3859999999999982 0.09599999999999273 0.10416666515224278 0.011673040689362096
1 0.7459762933396632 0.206 0.1559525866793265 0.010213910603197292
0 0.6679999999999982 0.206 0.10416666515224278 0.010213910603197292