0 0.937875001135817 0.05 0.124249997728366 0.0306417318095846
1 0.799 0.9975282621768602 0.402 0.004943475646279694
0 0.598 0.9975282621768602 0.12499999818269135 0.004943475646279694
1 0.7189109866485287 0.48799999999999816 0.4138219732970574 0.017509561034046783
0 0.512 0.48799999999999816 0.20833333030448556 0.017509561034046783
1 0.783 0.6180000000000018 0.434 0.013132170775537815
0 0.5659999999999982 0.6180000000000018 0.062499999091345675 0.013132170775537815
1 0.12282423758161985 0.4000000000000018 0.2456484751632397 0.011673040689365734
1 0.44008429740710925 0.832 0.6161685948142185 0.008754780517025211
0 0.132 0.832 0.062499999091345675 0.008754780517025211
1 0.7798867249805972 0.906 0.23177344996119428 0.008754780517025211
0 0.664 0.906 0.12499999818269135 0.008754780517025211
1 0.0840797359303724 0.966 0.1681594718607448 0.007295650430853129
1 0.44467308231841707 0.896 0.42934616463683417 0.005836520344681048
0 0.23 0.896 0.08333333212179422 0.005836520344681048