1 0.844 0.09599999999999637 0.312 0.03793738224043773
0 0.6880000000000018 0.09599999999999637 0.4166666606089748 0.03793738224043773
1 0.35804924687624223 0.154 0.7160984937524845 0.03210086189575668
0 0.06433333212179605 0.154 0.1286666642435921 0.03210086189575668
1 0.6913061909507123 0.356 0.4826123819014247 0.017509561034050422
0 0.45 0.356 0.16666666424358845 0.017509561034050422
1 0.20026283230919217 0.456 0.3045256646183843 0.014591300861706258
0 0.06566666606089712 0.456 0.13133333212179424 0.014591300861706258
1 0.7051369963110101 0.958 0.3382739926220202 0.014591300861706258
0 0.536 0.958 0.08333333212179422 0.014591300861706258
1 0.5444018265260329 0.5239999999999964 0.32080365305206576 0.013132170775534177
0 0.3839999999999982 0.5239999999999964 0.10416666515224278 0.013132170775534177
1 0.052461326351785825 0.634 0.10492265270357165 0.010213910603197292
0 0.9479583337119384 0.7260000000000036 0.1040833325761232 0.008754780517025211