1 0.06858180782877389 0.7379999999999982 0.13716361565754778 0.026264341551071994
0 0.007416666515224279 0.7379999999999982 0.014833333030448557 0.026264341551071994
1 0.893 0.9100000000000018 0.214 0.020427821206390945
0 0.786 0.9100000000000018 0.08333333212179422 0.020427821206390945
1 0.4020084041730734 0.6399999999999981 0.4480168083461467 0.018968691120218865
0 0.178 0.6399999999999981 0.12499999818269135 0.018968691120218865
1 0.817 0.007377390258510786 0.366 0.014754780517021572
0 0.634 0.007377390258510786 0.08333333212179422 0.014754780517021572
1 0.14745613134358793 0.5539999999999982 0.29491226268717585 0.017509561034046783
1 0.4836574371341831 0.814 0.43931487426836613 0.01605043094787834
0 0.2639999999999982 0.814 0.10416666515224278 0.01605043094787834
1 0.3094985197184997 0.536 0.30699703943699935 0.014591300861706258
0 0.156 0.536 0.12499999818269135 0.014591300861706258
1 0.10646555592222103 0.914 0.21293111184444205 0.014591300861706258
1 0.5334263262836958 0.4860000000000018 0.3188526525673915 0.013132170775537815
0 0.374 0.4860000000000018 0.12499999818269135 0.013132170775537815
1 0.774929011246124 0.4560000000000018 0.325858022492248 0.011673040689365734
0 0.6119999999999982 0.4560000000000018 0.10416666515224278 0.011673040689365734
1 0.0616456378263756 0.378 0.1232912756527512 0.008754780517025211
1 0.3024368541902131 0.6600000000000018 0.6048737083804262 0.0043773902585126055