1 0.959 0.8980000000000072 0.082 0.03210086189575668
0 0.9180000000000005 0.8980000000000072 0.12499999818269225 0.03210086189575668
1 0.6003033491259898 0.714 0.27660669825197964 0.02480521146490355
0 0.46200000000000047 0.714 0.12499999818269225 0.02480521146490355
1 0.856 0.764 0.288 0.018968691120215226
0 0.7120000000000004 0.764 0.1041666651522437 0.018968691120215226
1 0.856 0.798 0.288 0.018968691120215226
0 0.7119999999999995 0.798 0.16666666424358936 0.018968691120215226
1 0.6338577854446321 0.10400000000000728 0.2117155708892642 0.017509561034050422
0 0.5279999999999996 0.10400000000000728 0.20833333030448647 0.017509561034050422
1 0.7090190232539962 0.29600000000000726 0.40603804650799247 0.017509561034050422
0 0.5060000000000004 0.29600000000000726 0.12499999818269225 0.017509561034050422
1 0.595335677868914 0.6159999999999928 0.634671355737828 0.016050430947871064
0 0.2779999999999995 0.6159999999999928 0.20833333030448647 0.016050430947871064
1 0.06473596410886057 0.342 0.12947192821772113 0.014591300861706258
1 0.040139960508749024 0.612 0.08027992101749805 0.014591300861706258
1 0.0326704907230228 0.628 0.0653409814460456 0.014591300861706258
1 0.6262013122904063 0.988 0.4364026245808127 0.014591300861706258
0 0.4080000000000005 0.988 0.14583333121314082 0.014591300861706258
1 0.16514785939230706 0.13000000000000728 0.3302957187846141 0.013132170775541454
1 0.37377350372745877 0.268 0.38754700745491755 0.010213910603197292
0 0.18000000000000047 0.268 0.12499999818269225 0.010213910603197292
1 0.520165733719994 0.838 0.26833146743998804 0.005836520344688324
0 0.386 0.838 0.062499999091345675 0.005836520344688324