1 0.18717574908612186 0.632 0.3743514981722437 0.029182601723412516
1 0.876 0.844 0.248 0.029182601723412516
0 0.752 0.844 0.312499995456732 0.029182601723412516
1 0.4526497069971501 0.886 0.4412994139943003 0.023346081378731467
0 0.23199999999999818 0.886 0.062499999091345675 0.023346081378731467
1 0.817 0.9986226097414874 0.366 0.0027547805170252105
0 0.634 0.9986226097414874 0.08333333212179422 0.0027547805170252105
1 0.6020203201250224 0.8140000000000018 0.15204064025004482 0.013132170775537815
0 0.5259999999999981 0.8140000000000018 0.10416666515224278 0.013132170775537815
1 0.5605579096855654 0.6600000000000018 0.3091158193711308 0.011673040689365734
0 0.4059999999999982 0.6600000000000018 0.1458333312131399 0.011673040689365734
1 0.822 0.8960000000000018 0.356 0.011673040689365734
0 0.6439999999999981 0.8960000000000018 0.1458333312131399 0.011673040689365734
1 0.36716479555217485 0.43199999999999816 0.31432959110434966 0.010213910603193653
0 0.2099999999999982 0.43199999999999816 0.10416666515224278 0.010213910603193653
1 0.2021822529313995 0.376 0.15636450586279899 0.008754780517025211
0 0.12399999999999818 0.376 0.10416666515224278 0.008754780517025211