1 0.21303657182427013 0.624 0.3460731436485403 0.043773902585118776
0 0.12416666515224278 0.624 0.24833333030448557 0.043773902585118776
1 0.6329420115524672 0.9810565243537203 0.6418840231049344 0.03788695129255939
0 0.3120000000000009 0.9810565243537203 0.18749999727403882 0.03788695129255939
1 0.5530297495811947 0.9897860893968063 0.22205949916238932 0.020427821206387305
0 0.4420000000000009 0.9897860893968063 0.16666666424359028 0.020427821206387305
1 0.1069689167552524 0.67 0.2139378335105048 0.03210086189575668
1 0.6961957665566469 0.7360000000000037 0.3363915331132939 0.02626434155107563
0 0.5280000000000009 0.7360000000000037 0.2499999963653845 0.02626434155107563
1 0.05932377125870971 0.966 0.11864754251741942 0.014591300861706258
1 0.8681984118904402 0.13 0.20439682378088037 0.010213910603197292
0 0.766 0.13 0.08333333212179422 0.010213910603197292
0 0.9709583337119393 0.25200000000000367 0.058083332576121395 0.008754780517025211
1 0.25118438878088 0.7200000000000036 0.18236877756176 0.008754780517025211
0 0.16 0.7200000000000036 0.12499999818269135 0.008754780517025211