1 0.1054235180446849 0.05600000000000727 0.2108470360893698 0.03210086189575668
1 0.32948231842472525 0.206 0.2789646368494505 0.02480521146490355
0 0.19 0.206 0.312499995456732 0.02480521146490355
1 0.28497056009953486 0.22799999999999274 0.4099411201990697 0.021886951292559388
0 0.08687499931850834 0.22799999999999274 0.17374999863701668 0.021886951292559388
1 0.29612135032303194 0.8639999999999928 0.5922427006460639 0.021886951292559388
0 0.053124998864182996 0.8639999999999928 0.10624999772836599 0.021886951292559388
1 0.7631659958193759 0.128 0.1503319916387518 0.014591300861706258
0 0.688 0.128 0.16666666424358845 0.014591300861706258
1 0.1738004303854632 0.9279999999999927 0.2716008607709264 0.007295650430853129
0 0.03983333303044856 0.9279999999999927 0.07966666606089712 0.007295650430853129