1 0.5494968813194137 0.0038365203446828673 0.3309937626388273 0.0076730406893657345
0 0.384 0.0038365203446828673 0.16666666424358845 0.0076730406893657345
1 0.903 0.92 0.194 0.023346081378731467
0 0.806 0.92 0.12499999818269135 0.023346081378731467
1 0.92 0.5800000000000018 0.16 0.020427821206390945
0 0.84 0.5800000000000018 0.16666666424358845 0.020427821206390945
1 0.4977457172049817 0.6219999999999982 0.7674914344099634 0.018968691120218865
0 0.114 0.6219999999999982 0.12499999818269135 0.018968691120218865
1 0.6686844617732022 0.6359999999999982 0.4813689235464044 0.017509561034046783
0 0.42799999999999816 0.6359999999999982 0.18749999727403702 0.017509561034046783
0 0.9425416671967141 0.894 0.11491666560657177 0.01605043094787834
1 0.7742544385643505 0.6280000000000018 0.32450887712870097 0.013132170775537815
0 0.6119999999999982 0.6280000000000018 0.10416666515224278 0.013132170775537815
1 0.2954216141969664 0.8500000000000019 0.2988432283939328 0.013132170775537815
0 0.1459999999999982 0.8500000000000019 0.18749999727403702 0.013132170775537815
0 0.9753333339391029 0.6120000000000018 0.04933333212179423 0.011673040689365734
1 0.8482972225108352 0.3279999999999982 0.16859444502167026 0.010213910603193653
0 0.764 0.3279999999999982 0.12499999818269135 0.010213910603193653