1 0.803 0.2700000000000073 0.394 0.04231477249895397
0 0.6060000000000009 0.2700000000000073 0.1458333312131417 0.04231477249895397
1 0.5695548274368293 0.498 0.23110965487365864 0.018968691120215226
0 0.4540000000000009 0.498 0.1458333312131417 0.018968691120215226
1 0.2793973206530136 0.62 0.21079464130602718 0.018968691120215226
0 0.1740000000000009 0.62 0.1458333312131417 0.018968691120215226
1 0.8634175328242308 0.9500000000000073 0.18683506564846175 0.017509561034050422
0 0.7700000000000009 0.9500000000000073 0.18749999727403882 0.017509561034050422
1 0.3885123229881419 0.958 0.21302464597628387 0.014591300861706258
0 0.282 0.958 0.08333333212179422 0.014591300861706258
1 0.928 0.8819999999999927 0.144 0.011673040689362096
0 0.856 0.8819999999999927 0.12499999818269135 0.011673040689362096