1 0.5528967199534718 0.136 0.42979343990694363 0.026264341551072563
0 0.3379999999999995 0.136 0.16666666424358936 0.026264341551072563
1 0.6925274155973934 0.9938930446984025 0.40505483119478686 0.012213910603194903
0 0.49 0.9938930446984025 0.27083332939583304 0.012213910603194903
1 0.913 0.302 0.174 0.01896869112021909
0 0.8260000000000004 0.302 0.1041666651522437 0.01896869112021909
1 0.717 0.256 0.566 0.017509561034048375
0 0.43399999999999955 0.256 0.20833333030448647 0.017509561034048375
1 0.739 0.005647825215426743 0.522 0.011295650430853486
0 0.47799999999999954 0.005647825215426743 0.20833333030448647 0.011295650430853486
1 0.804 0.792 0.392 0.014591300861706942
0 0.6080000000000004 0.792 0.1041666651522437 0.014591300861706942
1 0.15304978329332608 0.568 0.13009956658665214 0.013132170775536224
0 0.08800000000000045 0.568 0.14583333121314082 0.013132170775536224
1 0.19455612745989584 0.584 0.25711225491979167 0.013132170775536224
0 0.066 0.584 0.020833333030448556 0.013132170775536224
1 0.16678534409660187 0.326 0.26557068819320373 0.007295650430853471
0 0.04824999954567329 0.326 0.09649999909134659 0.007295650430853471