1 0.15969911510402016 0.664 0.3113982302080403 0.03647825215426746
0 0.03845833280328406 0.664 0.07691666560656812 0.03647825215426746
1 0.2164582616168864 0.788 0.4329165232337728 0.03355999198192603
1 0.92 0.25 0.16 0.02772347163724325
0 0.84 0.25 0.2499999963653827 0.02772347163724325
1 0.08715067786038162 0.534 0.17430135572076325 0.02772347163724328
1 0.1353618748775698 0.011566085387768139 0.2707237497551396 0.023132170775536278
0 0.021291665833732622 0.011566085387768139 0.042583331667465245 0.023132170775536278
1 0.41905877912252254 0.118 0.3501175582450451 0.026264341551072563
0 0.2439999999999982 0.118 0.1458333312131399 0.026264341551072563
1 0.876 0.36 0.248 0.026264341551072563
0 0.7519999999999982 0.36 0.1458333312131399 0.026264341551072563
1 0.8025917273876657 0.108 0.1851834547753315 0.021886951292560467
0 0.71 0.108 0.20833333030448556 0.021886951292560467
0 0.9643333339391029 0.222 0.07133333212179423 0.021886951292560467
1 0.2803726700802581 0.444 0.4847453401605162 0.02042782120638975
0 0.08149999909134567 0.444 0.16299999818269134 0.02042782120638975
1 0.17673047369327832 0.926 0.35346094738655665 0.020427821206389807
1 0.29403720055827764 0.694 0.47207440111655524 0.017509561034048375
0 0.058 0.694 0.08333333212179422 0.017509561034048375
1 0.719 0.544 0.562 0.01605043094787766
0 0.438 0.544 0.08333333212179422 0.01605043094787766
1 0.028470499027000187 0.76 0.05694099805400037 0.01605043094787766
1 0.909 0.284 0.182 0.014591300861706997
0 0.8179999999999982 0.284 0.10416666515224278 0.014591300861706997
1 0.5821581172159367 0.488 0.33231623443187347 0.010213910603194903
0 0.416 0.488 0.04166666606089711 0.010213910603194903
1 0.871 0.552 0.258 0.010213910603194903
0 0.7419999999999982 0.552 0.10416666515224278 0.010213910603194903
1 0.855 0.848 0.29 0.010213910603194903
0 0.71 0.848 0.08333333212179422 0.010213910603194903
1 0.3577626595580496 0.864 0.3155253191160991 0.010213910603194903
0 0.2 0.864 0.12499999818269135 0.010213910603194903
1 0.909 0.004 0.182 0.0072956504308534864
0 0.8179999999999982 0.004 0.062499999091345675 0.0072956504308534864
1 0.13657750405197475 0.316 0.2731550081039495 0.0058365203446828105
1 0.07066315456962911 0.55 0.14132630913925823 0.0043773902585120365