1 0.021428771495568072 0.854 0.042857542991136144 0.0496104229298071
1 0.16523404546606799 0.026000000000007274 0.33046809093213597 0.037937382240445
1 0.851 0.4899999999999927 0.298 0.036478252154265645
0 0.7019999999999982 0.4899999999999927 0.1458333312131399 0.036478252154265645
1 0.08103321735213104 0.042 0.16206643470426207 0.02480521146490355
1 0.6335898695622382 0.942 0.2991797391244763 0.023346081378724192
0 0.48399999999999815 0.942 0.22916666333493413 0.023346081378724192
1 0.5754088497592565 0.588 0.2668176995185131 0.020427821206394584
0 0.44200000000000184 0.588 0.2916666624262834 0.020427821206394584
1 0.21696917343260794 0.626 0.4339383468652159 0.020427821206394584
1 0.6671069872965545 0.974 0.150213974593109 0.020427821206394584
0 0.592 0.974 0.04166666606089711 0.020427821206394584
1 0.8469241468883356 0.662 0.2898482937766712 0.018968691120215226
0 0.7019999999999982 0.662 0.22916666333493413 0.018968691120215226
1 0.010175462527129638 0.534 0.020350925054259277 0.014591300861706258
1 0.2775655232679146 0.2060000000000073 0.4751310465358292 0.013132170775541454
0 0.03999999999999818 0.2060000000000073 0.062499999091345675 0.013132170775541454
0 0.9975833334847757 0.634 0.004833333030448557 0.010213910603197292