1 0.19525828072554305 0.7539999999999963 0.3905165614510861 0.0306417318095846
1 0.22629871239597377 0.39 0.45259742479194753 0.029182601723412516
1 0.964 0.5980000000000036 0.072 0.02626434155107563
0 0.8910833343934296 0.5980000000000036 0.2178333312131408 0.02626434155107563
1 0.24215428505717637 0.25 0.4483085701143527 0.021886951292559388
0 0.04545833280328543 0.25 0.09091666560657086 0.021886951292559388
1 0.08502827688999696 0.414 0.09005655377999391 0.021886951292559388
0 0.04 0.414 0.062499999091345675 0.021886951292559388
1 0.07229371110691546 0.592 0.14458742221383092 0.021886951292559388
0 0.01324999954567329 0.592 0.02649999909134658 0.021886951292559388
1 0.823 0.9359999999999964 0.354 0.020427821206387305
0 0.646 0.9359999999999964 0.22916666333493596 0.020427821206387305
1 0.7192741240321502 0.406 0.2985482480643004 0.017509561034050422
0 0.5699999999999995 0.406 0.20833333030448647 0.017509561034050422
1 0.37361663783129007 0.114 0.2792332756625801 0.014591300861706258
0 0.23399999999999954 0.114 0.18749999727403793 0.014591300861706258
1 0.043110938983188136 0.614 0.08622187796637627 0.014591300861706258
1 0.0727225749521067 0.654 0.1454451499042134 0.011673040689362096
0 0.00804166628806115 0.654 0.0160833325761223 0.011673040689362096
1 0.21754053522282493 0.094 0.27108107044564983 0.010213910603197292
0 0.08200000000000046 0.094 0.08333333212179514 0.010213910603197292
1 0.43347468598662453 0.244 0.37494937197324907 0.010213910603197292
0 0.246 0.244 0.020833333030448556 0.010213910603197292
1 0.3207079946828885 0.58 0.281415989365777 0.010213910603197292
0 0.18000000000000047 0.58 0.12499999818269225 0.010213910603197292
1 0.3878347008161927 0.20600000000000362 0.2836694016323854 0.008754780517025211
0 0.24600000000000047 0.20600000000000362 0.1041666651522437 0.008754780517025211
1 0.4377089927945517 0.6559999999999964 0.3834179855891034 0.005836520344681048
0 0.24600000000000047 0.6559999999999964 0.08333333212179514 0.005836520344681048
1 0.758 0.9059999999999964 0.484 0.005836520344681048
0 0.516 0.9059999999999964 0.062499999091345675 0.005836520344681048
1 0.812 0.578 0.376 0.004377390258508967