1 0.5168237956259382 0.204 0.5216475912518763 0.03939651232660881
0 0.2559999999999991 0.204 0.3333333284871787 0.03939651232660881
1 0.50516105524678 0.866 0.4983221104935601 0.023346081378731127
0 0.2560000000000009 0.866 0.1458333312131417 0.023346081378731127
1 0.883 0.324 0.234 0.01896869112021909
0 0.766 0.324 0.10416666515224278 0.01896869112021909
1 0.4087690850085883 0.388 0.17353817001717653 0.017509561034048375
0 0.3220000000000009 0.388 0.1458333312131417 0.017509561034048375
1 0.06862770110978363 0.684 0.13725540221956725 0.01605043094787766
1 0.883 0.2 0.234 0.01459130086170697
0 0.7660000000000009 0.2 0.16666666424359028 0.01459130086170697
1 0.8053194329177294 0.098 0.382638865835459 0.010213910603194876
0 0.6140000000000009 0.098 0.1458333312131417 0.010213910603194876