1 0.6047406480603527 0.352 0.19748129612070534 0.045233032671290856
0 0.5060000000000004 0.352 0.08333333212179514 0.045233032671290856
1 0.6122917769881551 0.83 0.28058355397631024 0.023346081378731467
0 0.47199999999999953 0.83 0.18749999727403793 0.023346081378731467
1 0.736 0.5000000000000018 0.528 0.013132170775537815
0 0.472 0.5000000000000018 0.062499999091345675 0.013132170775537815
1 0.42478502454179035 0.786 0.2735700490835807 0.008754780517025211
0 0.2880000000000005 0.786 0.1041666651522437 0.008754780517025211
1 0.751138597822779 0.408 0.1022771956455581 0.007295650430853129
0 0.7000000000000004 0.408 0.08333333212179514 0.007295650430853129
1 0.5600205764734882 0.3940000000000018 0.19604115294697658 0.0043773902585126055