1 0.605 0.78 0.79 0.030641731809591875
0 0.2099999999999982 0.78 0.27083332939583127 0.030641731809591875
1 0.3996186247616206 0.8440000000000073 0.5712372495232412 0.027723471637247712
0 0.11399999999999819 0.8440000000000073 0.1458333312131399 0.027723471637247712
1 0.09926872579241536 0.088 0.19853745158483072 0.02480521146490355
0 0.9697500004543271 0.67 0.06049999909134567 0.023346081378724192
1 0.25127679604719194 0.036 0.5025535920943839 0.020427821206394584
1 0.2222247825564682 0.9977169573061183 0.2844495651129364 0.004566085387763451
0 0.08 0.9977169573061183 0.12499999818269135 0.004566085387763451
1 0.10975366485412814 0.15199999999999272 0.2195073297082563 0.011673040689362096
1 0.968 0.27199999999999275 0.064 0.011673040689362096
0 0.9315416671967142 0.27199999999999275 0.13691666560657176 0.011673040689362096
1 0.676 0.2839999999999927 0.648 0.011673040689362096
0 0.3519999999999982 0.2839999999999927 0.062499999091345675 0.011673040689362096
1 0.817 0.35 0.366 0.010213910603197292
0 0.634 0.35 0.12499999818269135 0.010213910603197292