1 0.792 0.3360000000000073 0.416 0.03210086189575668
0 0.584 0.3360000000000073 0.4583333266698719 0.03210086189575668
1 0.4333486817231533 0.03 0.6106973634463065 0.029182601723412516
0 0.12799999999999956 0.03 0.20833333030448647 0.029182601723412516
1 0.906 0.21200000000000727 0.188 0.027723471637247712
0 0.8120000000000009 0.21200000000000727 0.2499999963653845 0.027723471637247712
0 0.9453333339391029 0.3019999999999927 0.10933333212179423 0.026264341551068354
1 0.037219973312566254 0.8999999999999927 0.07443994662513251 0.026264341551068354
1 0.5983087815687795 0.3579999999999927 0.764617563137559 0.021886951292559388
0 0.21599999999999955 0.3579999999999927 0.20833333030448647 0.021886951292559388
1 0.6576463645891291 0.504 0.319292729178258 0.020427821206394584
0 0.4980000000000009 0.504 0.18749999727403882 0.020427821206394584
1 0.4247727312804218 0.11400000000000728 0.1575454625608436 0.017509561034050422
0 0.3460000000000009 0.11400000000000728 0.1458333312131417 0.017509561034050422
1 0.45705715973841415 0.124 0.1581143194768283 0.014591300861706258
0 0.3780000000000009 0.124 0.16666666424359028 0.014591300861706258
1 0.278896413394561 0.31399999999999273 0.45379282678912203 0.011673040689362096
0 0.06245833280328543 0.31399999999999273 0.12491666560657086 0.011673040689362096
1 0.29352988122922397 0.134 0.15505976245844794 0.010213910603197292
0 0.216 0.134 0.10416666515224278 0.010213910603197292
1 0.6101311641586844 0.716 0.1602623283173689 0.010213910603197292
0 0.53 0.716 0.062499999091345675 0.010213910603197292
1 0.4022154417638603 0.0021886951292544835 0.15643088352772067 0.004377390258508967
0 0.324 0.0021886951292544835 0.10416666515224278 0.004377390258508967