1 0.5383481309538811 0.284 0.36469626190776216 0.020427821206394584
0 0.3560000000000004 0.284 0.14583333121314082 0.020427821206394584
1 0.89 0.682 0.22 0.014591300861706258
0 0.7800000000000005 0.682 0.14583333121314082 0.014591300861706258
1 0.09222995756117688 0.864 0.18445991512235377 0.014591300861706258
1 0.3920446896337876 0.5880000000000073 0.28808937926757516 0.013132170775541454
0 0.24800000000000044 0.5880000000000073 0.12499999818269225 0.013132170775541454
1 0.022723873034216694 0.5980000000000073 0.04544774606843339 0.013132170775541454
0 0.004624999772836645 0.5980000000000073 0.00924999954567329 0.013132170775541454
1 0.636947159912429 0.858 0.23389431982485803 0.010213910603197292
0 0.5200000000000005 0.858 0.12499999818269225 0.010213910603197292