1 0.6714345231485076 0.578000000000001 0.1228690462970153 0.06420172379151154
0 0.6099999999999982 0.578000000000001 0.020833333030448556 0.06420172379151154
1 0.859 0.2840000000000009 0.282 0.03355999198192694
0 0.718 0.2840000000000009 0.20833333030448556 0.03355999198192694
1 0.20924490681310362 0.42 0.11048981362620725 0.0306417318095846
0 0.154 0.42 0.020833333030448556 0.0306417318095846
1 0.26752063868314324 0.7600000000000009 0.11904127736628652 0.029182601723414338
0 0.2080000000000009 0.7600000000000009 0.16666666424359028 0.029182601723414338
1 0.2152541208945331 0.553999999999999 0.33850824178906624 0.024805211464901732
0 0.046 0.553999999999999 0.08333333212179422 0.024805211464901732
1 0.875 0.6919999999999991 0.25 0.020427821206389127
0 0.7499999999999982 0.6919999999999991 0.1458333312131399 0.020427821206389127
1 0.04161141116098861 0.02 0.08322282232197722 0.018968691120218865
1 0.799 0.06200000000000091 0.402 0.0175095610340486
0 0.5979999999999982 0.06200000000000091 0.22916666333493413 0.0175095610340486
1 0.23822902961414547 0.0800000000000009 0.47645805922829093 0.0175095610340486
1 0.756 0.4020000000000009 0.488 0.0175095610340486
0 0.5119999999999982 0.4020000000000009 0.020833333030448556 0.0175095610340486
1 0.875 0.6560000000000009 0.25 0.0175095610340486
0 0.7499999999999982 0.6560000000000009 0.10416666515224278 0.0175095610340486
1 0.3173740215176731 0.188 0.4147480430353462 0.01605043094787834
0 0.1100000000000009 0.188 0.18749999727403882 0.01605043094787834
0 0.9845416671967141 0.674 0.030916665606571768 0.01605043094787834
1 0.27388439555330113 0.172 0.4117687911066023 0.014591300861706258
0 0.07045833280328588 0.172 0.14091666560657176 0.014591300861706258
1 0.875 0.1039999999999991 0.25 0.013132170775535997
0 0.7499999999999982 0.1039999999999991 0.10416666515224278 0.013132170775535997
0 0.9779999999999982 0.3639999999999991 0.020833333030448556 0.013132170775535997
1 0.897 0.012 0.206 0.011673040689365734
0 0.794 0.012 0.16666666424358845 0.011673040689365734
1 0.891 0.92 0.218 0.011673040689365734
0 0.782 0.92 0.12499999818269135 0.011673040689365734
1 0.924 0.04200000000000091 0.152 0.010213910603195472
0 0.848 0.04200000000000091 0.12499999818269135 0.010213910603195472
1 0.18443090687913535 0.15799999999999909 0.3688618137582707 0.008754780517023391
1 0.24988204416012558 0.9839999999999991 0.3437640883202512 0.008754780517023391
1 0.12855391516862527 0.036 0.25710783033725054 0.007295650430853129
1 0.01785609119973833 0.572 0.03571218239947666 0.007295650430853129
1 0.8045581806876381 0.61 0.36911636137527604 0.007295650430853129
0 0.62 0.61 0.08333333212179422 0.007295650430853129
1 0.6790385653145004 0.732 0.24607713062900075 0.007295650430853129
0 0.556 0.732 0.08333333212179422 0.007295650430853129