1 0.857 0.14 0.286 0.029182601723412516
0 0.714 0.14 0.3333333284871787 0.029182601723412516
1 0.5804257921229282 0.06400000000000727 0.29685158424585645 0.027723471637247712
0 0.432 0.06400000000000727 0.062499999091345675 0.027723471637247712
1 0.7074977555322789 0.31799999999999273 0.22699551106455784 0.026264341551068354
0 0.5940000000000004 0.31799999999999273 0.1041666651522437 0.026264341551068354
1 0.7417878572371482 0.502 0.37957571447429655 0.02480521146490355
0 0.552 0.502 0.22916666333493596 0.02480521146490355
1 0.012387138993746931 0.27599999999999275 0.024774277987493862 0.021886951292559388
1 0.22003433289016175 0.24200000000000726 0.2680686657803235 0.017509561034050422
0 0.08599999999999977 0.24200000000000726 0.14583333121314035 0.017509561034050422
0 0.9731250006814903 0.3860000000000073 0.05374999863701942 0.017509561034050422
1 0.852 0.4700000000000073 0.296 0.017509561034050422
0 0.7040000000000004 0.4700000000000073 0.1041666651522437 0.017509561034050422
1 0.5643107675370452 0.47400000000000725 0.4366215350740904 0.017509561034050422
0 0.3460000000000005 0.47400000000000725 0.12499999818269225 0.017509561034050422
1 0.922 0.6380000000000072 0.156 0.017509561034050422
0 0.8439999999999995 0.6380000000000072 0.20833333030448647 0.017509561034050422
1 0.04158089124338903 0.6820000000000073 0.08316178248677807 0.017509561034050422
1 0.4510098106525629 0.774 0.14601962130512583 0.014591300861706258
0 0.378 0.774 0.020833333030448556 0.014591300861706258
1 0.857 0.15600000000000727 0.286 0.013132170775541454
0 0.7140000000000004 0.15600000000000727 0.12499999818269225 0.013132170775541454
1 0.7074633699234282 0.3400000000000073 0.22692673984685643 0.013132170775541454
0 0.5939999999999995 0.3400000000000073 0.16666666424358936 0.013132170775541454
1 0.976 0.8700000000000073 0.048 0.013132170775541454
0 0.9499583337119393 0.8700000000000073 0.1000833325761214 0.013132170775541454
1 0.209881059741263 0.19799999999999274 0.27176211948252604 0.011673040689362096
0 0.07399999999999977 0.19799999999999274 0.08333333212179468 0.011673040689362096
1 0.928 0.5979999999999928 0.144 0.011673040689362096
0 0.8560000000000004 0.5979999999999928 0.14583333121314082 0.011673040689362096
1 0.971 0.444 0.058 0.010213910603197292
0 0.9397500004543272 0.444 0.12049999909134568 0.010213910603197292
1 0.976 0.946 0.048 0.008754780517017934
0 0.952 0.946 0.062499999091345675 0.008754780517017934
1 0.6144657736086587 0.39199999999999274 0.14893154721731752 0.007295650430853129
0 0.5400000000000005 0.39199999999999274 0.08333333212179514 0.007295650430853129
1 0.8827649122348261 0.9919999999999928 0.16552982446965234 0.007295650430853129
0 0.8000000000000005 0.9919999999999928 0.08333333212179514 0.007295650430853129