1 0.5956352515206982 0.8700000000000018 0.4152705030413963 0.020427821206390945
0 0.388 0.8700000000000018 0.08333333212179422 0.020427821206390945
1 0.894 0.748 0.212 0.01605043094787834
0 0.788 0.748 0.08333333212179422 0.01605043094787834
1 0.7076523940641182 0.098 0.20730478812823638 0.014591300861706258
0 0.6040000000000009 0.098 0.18749999727403882 0.014591300861706258
0 0.9495416671967151 0.408 0.10091666560656995 0.014591300861706258
1 0.6961083854798544 0.37200000000000183 0.2042167709597088 0.011673040689365734
0 0.5940000000000009 0.37200000000000183 0.1458333312131417 0.011673040689365734
1 0.6106981534325214 0.01 0.2733963068650428 0.005836520344681048
0 0.474 0.01 0.062499999091345675 0.005836520344681048
1 0.627374008092891 0.246 0.26274801618578203 0.005836520344681048