1 0.03776469116626322 0.854 0.07552938233252644 0.030641731809591875
1 0.10674802005937818 0.26999999999999275 0.21349604011875636 0.021886951292559388
1 0.5074546331347137 0.436 0.15890926626942747 0.020427821206394584
0 0.428 0.436 0.16666666424358845 0.020427821206394584
1 0.0911998881028503 0.624 0.1823997762057006 0.018968691120215226
1 0.849 0.728 0.302 0.018968691120215226
0 0.698 0.728 0.2499999963653827 0.018968691120215226
0 0.9437083341662655 0.93 0.11258333166746888 0.018968691120215226
1 0.17006228669383017 0.62 0.34012457338766033 0.014591300861706258
1 0.06806473769604963 0.8100000000000073 0.13612947539209927 0.013132170775541454
1 0.92 0.1679999999999927 0.16 0.011673040689362096
0 0.8399999999999982 0.1679999999999927 0.020833333030448556 0.011673040689362096
1 0.12023511081505057 0.21599999999999273 0.16447022163010114 0.011673040689362096
0 0.03983333303044856 0.21599999999999273 0.07966666606089712 0.011673040689362096
0 0.9811250006814899 0.4839999999999927 0.037749998637020325 0.011673040689362096
1 0.10900005167193012 0.5759999999999927 0.21800010334386025 0.011673040689362096
1 0.04055321586738319 0.5959999999999928 0.08110643173476638 0.011673040689362096
1 0.5318765692333618 0.388 0.16375313846672362 0.010213910603197292
0 0.45 0.388 0.04166666606089711 0.010213910603197292
1 0.985 0.396 0.03 0.005836520344688324
0 0.9641666669695514 0.396 0.07166666606089711 0.005836520344688324
1 0.20707203862450296 0.756 0.14614407724900594 0.004377390258508967