1 0.874 0.23 0.252 0.021886951292559388
0 0.7480000000000009 0.23 0.1458333312131417 0.021886951292559388
1 0.7196102814632622 0.06999999999999817 0.1832205629265245 0.018968691120218865
0 0.628 0.06999999999999817 0.10416666515224278 0.018968691120218865
1 0.923 0.8400000000000019 0.154 0.013132170775537815
0 0.8460000000000009 0.8400000000000019 0.18749999727403882 0.013132170775537815
1 0.5425429259349739 0.9937169573061164 0.2850858518699479 0.012566085387767089
0 0.4000000000000009 0.9937169573061164 0.16666666424359028 0.012566085387767089
1 0.0429700502994483 0.3360000000000018 0.0859401005988966 0.011673040689365734
0 0.9721666669695515 0.07 0.05566666606089712 0.008754780517025211
1 0.264507740636227 0.516 0.20501548127245406 0.008754780517025211
0 0.162 0.516 0.10416666515224278 0.008754780517025211