1 0.17248318243304492 0.892 0.34496636486608984 0.04231477249895033
1 0.033360962003761416 0.21599999999999955 0.06672192400752283 0.03501912206809629
1 0.875 0.007295650430853356 0.25 0.014591300861706713
0 0.7499999999999982 0.007295650430853356 0.10416666515224278 0.014591300861706713
0 0.9361250006814898 0.146 0.12774999863702033 0.024805211464901732
1 0.2511089811514794 0.934 0.41021796230295876 0.023346081378731467
0 0.08029166583373444 0.934 0.16058333166746888 0.023346081378731467
1 0.733494123909919 0.244 0.22698824781983784 0.018968691120218865
0 0.62 0.244 0.16666666424358845 0.018968691120218865
1 0.21075052292352847 0.322 0.30950104584705695 0.018968691120218865
0 0.08529166583373445 0.322 0.1705833316674689 0.018968691120218865
1 0.924 0.372 0.152 0.018968691120218865
0 0.8479999999999982 0.372 0.1458333312131399 0.018968691120218865
1 0.3341472391393672 0.404 0.31629447827873447 0.018968691120218865
0 0.176 0.404 0.10416666515224278 0.018968691120218865
0 0.9745416671967141 0.47399999999999953 0.05091666560657177 0.01605043094787743
0 0.956 0.3460000000000005 0.08333333212179422 0.014591300861707169
1 0.013070508106260604 0.40000000000000047 0.02614101621252121 0.014591300861707169
1 0.47094024755706776 0.06 0.32988049511413553 0.011673040689365734
0 0.306 0.06 0.10416666515224278 0.011673040689365734
1 0.7879719552446149 0.88 0.2279439104892299 0.011673040689365734
0 0.6739999999999982 0.88 0.020833333030448556 0.011673040689365734
1 0.38071053884783396 0.988 0.21342107769566793 0.011673040689365734
0 0.274 0.988 0.12499999818269135 0.011673040689365734
1 0.6325372236281819 0.9039999999999996 0.4370744472563638 0.010213910603194563
0 0.414 0.9039999999999996 0.12499999818269135 0.010213910603194563
1 0.2546158119179545 0.9139999999999996 0.30923162383590896 0.010213910603194563
0 0.1 0.9139999999999996 0.10416666515224278 0.010213910603194563