1 0.952 0.044 0.096 0.030641731809591875
0 0.904 0.044 0.062499999091345675 0.030641731809591875
1 0.45197586434107595 0.046 0.41995172868215197 0.023346081378724192
0 0.242 0.046 0.27083332939583304 0.023346081378724192
1 0.08728057669295732 0.02 0.17456115338591463 0.020427821206394584
1 0.1041359905279769 0.222 0.2082719810559538 0.020427821206394584
1 0.5813405618251327 0.025999999999992723 0.33068112365026536 0.016050430947871064
0 0.4160000000000005 0.025999999999992723 0.1041666651522437 0.016050430947871064
1 0.10826613966539798 0.4839999999999927 0.21653227933079597 0.016050430947871064
1 0.551688255958873 0.8739999999999927 0.619376511917746 0.016050430947871064
0 0.242 0.8739999999999927 0.062499999091345675 0.016050430947871064
0 0.9853750002271636 0.09000000000000728 0.029249999545672836 0.013132170775541454
0 0.980541667196715 0.6259999999999927 0.03891666560656995 0.011673040689362096