1 0.7424961251718123 0.34800000000000364 0.17299225034362462 0.02626434155107563
0 0.656 0.34800000000000364 0.08333333212179422 0.02626434155107563
0 0.9122500013629815 0.374 0.175499997274037 0.02480521146490355
1 0.551 0.92 0.898 0.021886951292559388
0 0.12391666560657177 0.92 0.24783333121314355 0.021886951292559388
1 0.5314099856649864 0.40399999999999636 0.8148199713299727 0.020427821206387305
0 0.1297083323489569 0.40399999999999636 0.2594166646979138 0.020427821206387305
1 0.36138125622310874 0.67 0.32276251244621745 0.017509561034050422
0 0.2 0.67 0.12499999818269135 0.017509561034050422
1 0.2140938379677027 0.5859999999999964 0.16018767593540542 0.013132170775534177
0 0.13399999999999818 0.5859999999999964 0.062499999091345675 0.013132170775534177
1 0.2915396772117856 0.764 0.16307935442357122 0.010213910603197292
0 0.2099999999999982 0.764 0.062499999091345675 0.010213910603197292