1 0.915 0.542 0.17 0.046692162757462935
0 0.830000000000001 0.542 0.1458333312131417 0.046692162757462935
1 0.78 0.77 0.44 0.0350191220680972
0 0.5600000000000009 0.77 0.18749999727403882 0.0350191220680972
1 0.7719598212630535 0.6079999999999991 0.33991964252610707 0.024805211464901732
0 0.6020000000000009 0.6079999999999991 0.2499999963653845 0.024805211464901732
1 0.05712437780047003 0.789999999999999 0.11424875560094006 0.024805211464901732
1 0.013268798219577547 0.9399999999999991 0.026537596439155094 0.020427821206389127
1 0.07513237262205257 0.5560000000000009 0.15026474524410513 0.0175095610340486
1 0.1642956132550371 0.156 0.3285912265100742 0.01605043094787834
1 0.040779528447264055 0.3939999999999991 0.08155905689452811 0.013132170775535997
1 0.13568696287421425 0.4899999999999991 0.2713739257484285 0.013132170775535997
1 0.41165866975280735 0.236 0.31131733950561463 0.011673040689365734
0 0.256 0.236 0.062499999091345675 0.011673040689365734
1 0.731 0.352 0.538 0.011673040689365734
0 0.462 0.352 0.10416666515224278 0.011673040689365734
1 0.2872230598345741 0.10400000000000091 0.15044611966914817 0.010213910603195472
0 0.212 0.10400000000000091 0.10416666515224278 0.010213910603195472
1 0.6235630012214124 0.4440000000000009 0.17112600244282475 0.010213910603195472
0 0.538 0.4440000000000009 0.10416666515224278 0.010213910603195472
1 0.14432296999150732 0.3739999999999991 0.28864593998301463 0.008754780517023391
1 0.26077927791623917 0.156 0.5215585558324783 0.007295650430853129
1 0.3168562800399295 0.362 0.16571256007985904 0.007295650430853129
1 0.22315549060368267 0.5060000000000009 0.44631098120736534 0.005836520344682867