0 0.9695000009086538 0.19200000000000728 0.06099999818269225 0.027723471637247712
1 0.07372029871348605 0.254 0.1474405974269721 0.020427821206394584
1 0.18790464569121332 0.646 0.37580929138242664 0.018968691120215226
1 0.5125468394330506 0.9160000000000073 0.5010936788661011 0.017509561034050422
0 0.262 0.9160000000000073 0.27083332939583304 0.017509561034050422
1 0.88 0.95 0.24 0.014591300861706258
0 0.7599999999999996 0.95 0.16666666424358936 0.014591300861706258
1 0.30045476847588 0.37999999999999273 0.25290953695175994 0.011673040689362096
0 0.17399999999999954 0.37999999999999273 0.16666666424358936 0.011673040689362096
1 0.18735537633018567 0.784 0.24271075266037132 0.008754780517017934
0 0.06600000000000046 0.784 0.1041666651522437 0.008754780517017934