1 0.029828403931616777 0.73 0.05965680786323355 0.030641731809591875
1 0.10258398202992067 0.012000000000007276 0.20516796405984133 0.017509561034050422
0 0.012041666288060696 0.012000000000007276 0.024083332576121393 0.017509561034050422
1 0.26965472984091776 0.21400000000000727 0.3113094596818355 0.017509561034050422
0 0.114 0.21400000000000727 0.12499999818269135 0.017509561034050422
1 0.99 0.38799999999999274 0.02 0.011673040689362096
0 0.9535416671967151 0.38799999999999274 0.09291666560656996 0.011673040689362096
1 0.3822378184930976 0.708 0.3004756369861952 0.008754780517017934
0 0.232 0.708 0.10416666515224278 0.008754780517017934
1 0.06378337944628401 0.18399999999999272 0.12756675889256802 0.007295650430853129
1 0.6540922416361827 0.33199999999999275 0.3241844832723655 0.007295650430853129
0 0.492 0.33199999999999275 0.10416666515224278 0.007295650430853129
1 0.6985097212071287 0.198 0.08501944241425735 0.005836520344688324
0 0.656 0.198 0.062499999091345675 0.005836520344688324
1 0.4463449487172811 0.6640000000000073 0.23268989743456223 0.002918260172344162