1 0.977 0.7039999999999927 0.046 0.036478252154265645
0 0.9301250006814898 0.7039999999999927 0.13974999863702034 0.036478252154265645
0 0.9199999999999982 0.06200000000000728 0.10416666515224278 0.017509561034050422
1 0.5303612892518813 0.9199999999999927 0.38872257850376263 0.016050430947871064
0 0.336 0.9199999999999927 0.08333333212179422 0.016050430947871064
1 0.5529784873413082 0.9199999999999927 0.3899569746826164 0.016050430947871064
0 0.358 0.9199999999999927 0.08333333212179422 0.016050430947871064
1 0.28835746756455954 0.9759999999999928 0.5767149351291191 0.016050430947871064
1 0.019092520667001737 0.6980000000000073 0.038185041334003474 0.013132170775541454
1 0.1716026453393679 0.194 0.3432052906787358 0.008754780517017934
0 0.020249999545672834 0.194 0.04049999909134567 0.008754780517017934
1 0.5038172890670303 0.9978113048707455 0.6396345781340605 0.004377390258508967
0 0.184 0.9978113048707455 0.04166666606089711 0.004377390258508967