1 0.5520920608289875 0.962 0.3841841216579751 0.035019122068100844
0 0.36 0.962 0.29166666242628164 0.035019122068100844
1 0.2469755593397774 0.434 0.27395111867955485 0.030641731809591875
0 0.11 0.434 0.14583333121314082 0.030641731809591875
1 0.8021426971481633 0.112 0.34428539429632654 0.023346081378724192
0 0.63 0.112 0.27083332939583304 0.023346081378724192
0 0.9212916676510418 0.428 0.15741666469791654 0.023346081378724192
1 0.18513855836966445 0.034 0.23827711673932891 0.020427821206394584
0 0.07466666606089734 0.034 0.14933333212179467 0.020427821206394584
1 0.5141024842843301 0.578 0.2882049685686602 0.020427821206394584
0 0.37 0.578 0.14583333121314082 0.020427821206394584
1 0.858 0.212 0.284 0.014591300861706258
0 0.7160000000000002 0.212 0.18749999727403838 0.014591300861706258
1 0.907 0.34 0.186 0.008754780517017934
0 0.8139999999999997 0.34 0.10416666515224324 0.008754780517017934
1 0.6337549992694916 0.722 0.1795099985389834 0.004377390258508967