1 0.1181231012409753 0.7039999999999927 0.2362462024819506 0.036478252154265645
0 0.023874999318508346 0.7039999999999927 0.04774999863701669 0.036478252154265645
1 0.5173432903272187 0.258 0.43468658065443744 0.029182601723412516
0 0.3 0.258 0.2499999963653827 0.029182601723412516
1 0.97 0.9620000000000073 0.06 0.027723471637247712
0 0.9283333339391029 0.9620000000000073 0.14333333212179422 0.027723471637247712
1 0.97 0.9780000000000073 0.06 0.027723471637247712
0 0.9283333339391029 0.9780000000000073 0.14333333212179422 0.027723471637247712
1 0.6950509850957678 0.03 0.5741019701915356 0.02480521146490355
0 0.408 0.03 0.2499999963653827 0.02480521146490355
1 0.5089419971612406 0.298 0.43788399432248115 0.023346081378724192
0 0.2899999999999982 0.298 0.10416666515224278 0.023346081378724192
0 0.9547500004543271 0.536 0.09049999909134566 0.023346081378724192
1 0.748 0.4119999999999927 0.504 0.021886951292559388
0 0.496 0.4119999999999927 0.312499995456732 0.021886951292559388
1 0.3398188568715359 0.174 0.1436377137430718 0.020427821206394584
0 0.2679999999999982 0.174 0.18749999727403702 0.020427821206394584
1 0.5209126639679944 0.238 0.28982532793598875 0.020427821206394584
0 0.37599999999999817 0.238 0.10416666515224278 0.020427821206394584
1 0.4818001082709834 0.424 0.5796002165419668 0.020427821206394584
0 0.19199999999999817 0.424 0.22916666333493413 0.020427821206394584
1 0.932 0.916 0.136 0.020427821206394584
0 0.864 0.916 0.12499999818269135 0.020427821206394584
1 0.829 0.4 0.342 0.018968691120215226
0 0.658 0.4 0.16666666424358845 0.018968691120215226
1 0.5 0.06200000000000728 1.0 0.017509561034050422
1 0.97 0.8419999999999928 0.06 0.016050430947871064
0 0.9335416671967142 0.8419999999999928 0.13291666560657178 0.016050430947871064
1 0.6694400501978344 0.9679999999999928 0.45488010039566873 0.016050430947871064
0 0.442 0.9679999999999928 0.12499999818269135 0.016050430947871064
1 0.4682868890064492 0.32999999999999274 0.2925737780128984 0.011673040689362096
0 0.322 0.32999999999999274 0.08333333212179422 0.011673040689362096
0 0.9601666669695514 0.516 0.07966666606089712 0.010213910603197292
1 0.7354876615931425 0.678 0.1549753231862851 0.008754780517017934
0 0.658 0.678 0.08333333212179422 0.008754780517017934
1 0.6255382094321412 0.688 0.30307641886428244 0.005836520344688324
0 0.4739999999999982 0.688 0.062499999091345675 0.005836520344688324