1 0.971 0.43999999999999273 0.058 0.026264341551068354
0 0.892875001135817 0.43999999999999273 0.214249997728366 0.026264341551068354
1 0.5155705386977933 0.172 0.12314107739558676 0.02480521146490355
0 0.4539999999999982 0.172 0.062499999091345675 0.02480521146490355
1 0.19374973174906154 0.4139999999999927 0.3874994634981231 0.021886951292559388
0 0.014083332576121392 0.4139999999999927 0.028166665152242785 0.021886951292559388
1 0.7829207189671579 0.11 0.24584143793431576 0.010213910603197292
0 0.6599999999999981 0.11 0.10416666515224278 0.010213910603197292
1 0.3557564093626479 0.4839999999999927 0.1275128187252958 0.007295650430853129
0 0.2919999999999982 0.4839999999999927 0.10416666515224278 0.007295650430853129
0 0.9881666669695515 0.488 0.023666666060897113 0.005836520344688324