1 0.6442437984922527 0.536 0.5244875969845052 0.03793738224043773
0 0.382 0.536 0.4374999936394233 0.03793738224043773
1 0.7326742918183518 0.8819999999999991 0.3573485836367036 0.03210086189575486
0 0.554 0.8819999999999991 0.16666666424358845 0.03210086189575486
1 0.3327072527401815 0.666 0.337414505480363 0.027723471637244073
0 0.16399999999999818 0.666 0.10416666515224278 0.027723471637244073
1 0.5618968935580797 0.809999999999999 0.6877937871161593 0.024805211464901732
0 0.21800000000000183 0.809999999999999 0.33333332848718056 0.024805211464901732
1 0.620374251001469 0.61 0.34874850200293805 0.023346081378731467
0 0.4459999999999982 0.61 0.22916666333493413 0.023346081378731467
1 0.20971359738752654 0.4540000000000009 0.4194271947750531 0.021886951292561206
1 0.21681046442090154 0.18199999999999908 0.4336209288418031 0.020427821206389127
1 0.46518097669495184 0.17 0.31836195338990364 0.018968691120218865
0 0.306 0.17 0.20833333030448556 0.018968691120218865
1 0.229732778763424 0.007377390258512606 0.459465557526848 0.014754780517025211
1 0.6892258384287671 0.554 0.35445167685753404 0.014591300861706258
0 0.5119999999999982 0.554 0.18749999727403702 0.014591300861706258
1 0.06265706805386981 0.712 0.12531413610773962 0.014591300861706258
0 0.010249999545672836 0.712 0.020499999091345672 0.014591300861706258
1 0.08327873584108783 0.214 0.16655747168217566 0.011673040689365734