1 0.3338355736610647 0.7580000000000009 0.6676711473221294 0.0481512928436332
1 0.06895755160982117 0.4839999999999991 0.13791510321964234 0.03939651232660799
1 0.86 0.96 0.28 0.0350191220680972
0 0.7200000000000019 0.96 0.37499999454807764 0.0350191220680972
1 0.887 0.3420000000000009 0.226 0.03355999198192694
0 0.7740000000000018 0.3420000000000009 0.37499999454807764 0.03355999198192694
1 0.3949247207811259 0.6580000000000009 0.7898494415622518 0.03355999198192694
0 0.0377083323489569 0.6580000000000009 0.0754166646979138 0.03355999198192694
1 0.952 0.9780000000000009 0.096 0.029182601723414338
0 0.873875001135817 0.9780000000000009 0.252249997728366 0.029182601723414338
1 0.6428647544849191 0.476 0.3017295089698382 0.027723471637244073
0 0.49199999999999816 0.476 0.18749999727403702 0.027723471637244073
1 0.375656303806185 0.3980000000000009 0.75131260761237 0.021886951292561206
1 0.866 0.09400000000000046 0.268 0.020427821206390036
0 0.732 0.09400000000000046 0.08333333212179422 0.020427821206390036
0 0.9321250006814898 0.7639999999999991 0.13574999863702034 0.020427821206389127
1 0.7501583749494912 0.934 0.3003167498989824 0.018968691120218865
0 0.5999999999999982 0.934 0.18749999727403702 0.018968691120218865
1 0.2251866495469676 0.95 0.4183732990939352 0.01605043094787834
0 0.06008333257612139 0.95 0.12016666515224278 0.01605043094787834
1 0.15230951528638617 0.308 0.1446190305727723 0.014591300861706258
0 0.08 0.308 0.12499999818269135 0.014591300861706258
1 0.6339498412473222 0.738 0.15189968249464436 0.014591300861706258
0 0.5579999999999982 0.738 0.10416666515224278 0.014591300861706258
1 0.6476907063582857 0.5239999999999991 0.5913814127165715 0.013132170775535997
0 0.352 0.5239999999999991 0.16666666424358845 0.013132170775535997
1 0.6639489035435927 0.6119999999999991 0.29989780708718533 0.013132170775535997
0 0.5139999999999982 0.6119999999999991 0.10416666515224278 0.013132170775535997
1 0.8433963299930274 0.685999999999999 0.31079265998605476 0.013132170775535997
0 0.6879999999999982 0.685999999999999 0.10416666515224278 0.013132170775535997
1 0.11870740182752343 0.154 0.23741480365504686 0.011673040689365734
1 0.914 0.2 0.172 0.011673040689365734
0 0.8279999999999982 0.2 0.062499999091345675 0.011673040689365734
1 0.941 0.36200000000000093 0.118 0.010213910603195472
0 0.8819999999999982 0.36200000000000093 0.10416666515224278 0.010213910603195472