1 0.08931532400132437 0.944 0.17863064800264875 0.03355999198192603
1 0.4712140886733223 0.6839999999999997 0.4144281773466446 0.029182601723413883
0 0.26399999999999957 0.6839999999999997 0.20833333030448647 0.029182601723413883
1 0.027250769863459028 0.6399999999999998 0.054501539726918055 0.023346081378731013
1 0.6216671929085696 0.722 0.21533438581713926 0.021886951292560297
0 0.5139999999999996 0.722 0.18749999727403793 0.021886951292560297
1 0.06741820874074801 0.8859999999999998 0.13483641748149602 0.02042782120638958
0 0.027291665833733988 0.8859999999999998 0.054583331667467976 0.02042782120638958
1 0.871 0.578 0.258 0.018968691120218865
0 0.7419999999999995 0.578 0.18749999727403793 0.018968691120218865
1 0.919 0.19199999999999978 0.162 0.017509561034048146
0 0.8380000000000004 0.19199999999999978 0.14583333121314082 0.017509561034048146
1 0.09408902257728868 0.29999999999999977 0.18817804515457737 0.017509561034048146
1 0.6766148232395389 0.7019999999999997 0.21722964647907791 0.017509561034048146
0 0.568 0.7019999999999997 0.22916666333493596 0.017509561034048146
1 0.6756740129137997 0.226 0.49934802582759946 0.014591300861707169
0 0.42599999999999955 0.226 0.20833333030448647 0.014591300861707169
1 0.8320790745954064 0.778 0.22415814919081276 0.014591300861707169
0 0.7199999999999995 0.778 0.20833333030448647 0.014591300861707169
1 0.17400402127742245 0.29 0.23200804255484492 0.011673040689365734
0 0.058 0.29 0.020833333030448556 0.011673040689365734
1 0.5008631325944993 0.834 0.4097262651889987 0.011673040689365734
0 0.29600000000000043 0.834 0.12499999818269225 0.011673040689365734
1 0.6003545697444297 0.544 0.3247091394888594 0.0087547805170243
0 0.43800000000000044 0.544 0.08333333212179514 0.0087547805170243
1 0.03969484948820445 0.232 0.0793896989764089 0.005836520344682867
1 0.47445266171769707 0.742 0.42090532343539416 0.005836520344682867
0 0.26400000000000046 0.742 0.08333333212179514 0.005836520344682867
1 0.984 0.5100000000000002 0.032 0.00437739025851215