1 0.14035446540604654 0.098 0.2807089308120931 0.07733389456704026
1 0.829 0.628 0.342 0.035019122068100844
0 0.6580000000000005 0.628 0.37499999454807675 0.035019122068100844
1 0.4626495952651421 0.007836520344681049 0.4572991905302842 0.015673040689362098
0 0.234 0.007836520344681049 0.22916666333493596 0.015673040689362098
0 0.9707500004543271 0.26199999999999274 0.05849999909134567 0.021886951292559388
1 0.2706228790983082 0.424 0.5412457581966164 0.020427821206394584
0 0.05529166583373399 0.424 0.11058333166746798 0.020427821206394584
1 0.8743425965683405 0.5 0.21668519313668094 0.020427821206394584
0 0.7659999999999996 0.5 0.16666666424358936 0.020427821206394584
1 0.899 0.734 0.202 0.018968691120215226
0 0.7980000000000005 0.734 0.08333333212179514 0.018968691120215226
1 0.025406123392390328 0.974 0.050812246784780656 0.018968691120215226
1 0.564483760207279 0.28800000000000725 0.2929675204145578 0.017509561034050422
0 0.4180000000000005 0.28800000000000725 0.14583333121314082 0.017509561034050422
1 0.2965886440752074 0.7299999999999928 0.29717728815041483 0.016050430947871064
0 0.14800000000000046 0.7299999999999928 0.1041666651522437 0.016050430947871064
1 0.937 0.648 0.126 0.014591300861706258
0 0.8740000000000004 0.648 0.08333333212179514 0.014591300861706258
1 0.2631993012190856 0.23200000000000728 0.1863986024381711 0.013132170775541454
0 0.17000000000000046 0.23200000000000728 0.12499999818269225 0.013132170775541454
1 0.2077765444757356 0.2800000000000073 0.18355308895147118 0.013132170775541454
0 0.11600000000000045 0.2800000000000073 0.08333333212179514 0.013132170775541454
1 0.16115060949928375 0.8360000000000073 0.3223012189985675 0.013132170775541454
0 0.007458332803285429 0.8360000000000073 0.014916665606570859 0.013132170775541454
1 0.807 0.8860000000000072 0.386 0.013132170775541454
0 0.6140000000000004 0.8860000000000072 0.14583333121314082 0.013132170775541454
1 0.814500185734943 0.17199999999999271 0.20500037146988598 0.011673040689362096
0 0.7119999999999995 0.17199999999999271 0.16666666424358936 0.011673040689362096
1 0.549834561034123 0.17599999999999272 0.195669122068246 0.011673040689362096
0 0.45200000000000046 0.17599999999999272 0.08333333212179514 0.011673040689362096
1 0.05287338079005713 0.604 0.10574676158011426 0.010213910603197292
1 0.7551514189928016 0.682 0.2183028379856032 0.010213910603197292
0 0.6460000000000005 0.682 0.08333333212179514 0.010213910603197292
1 0.7989953694911228 0.808 0.10999073898224561 0.010213910603197292
0 0.7440000000000004 0.808 0.1041666651522437 0.010213910603197292
1 0.7783059819681721 0.934 0.4166119639363442 0.010213910603197292
0 0.5700000000000005 0.934 0.14583333121314082 0.010213910603197292
1 0.23901194190008893 0.346 0.09402388380017783 0.004377390258508967