1 0.5748693210671308 0.8080000000000073 0.5297386421342617 0.03210086189575668
0 0.3100000000000009 0.8080000000000073 0.18749999727403882 0.03210086189575668
1 0.20186536621398954 0.6619999999999927 0.39173073242797907 0.026264341551068354
0 0.060291665833734444 0.6619999999999927 0.12058333166746889 0.026264341551068354
1 0.964 0.41400000000000725 0.072 0.017509561034050422
0 0.928 0.41400000000000725 0.12499999818269135 0.017509561034050422
1 0.7876170452246443 0.7860000000000072 0.3712340904492885 0.017509561034050422
0 0.602 0.7860000000000072 0.12499999818269135 0.017509561034050422
1 0.932 0.033999999999992724 0.136 0.016050430947871064
0 0.8640000000000009 0.033999999999992724 0.1458333312131417 0.016050430947871064
1 0.623 0.6859999999999927 0.754 0.016050430947871064
0 0.246 0.6859999999999927 0.12499999818269135 0.016050430947871064