1 0.6668631287941721 0.1580000000000018 0.1377262575883442 0.0350191220680972
0 0.598 0.1580000000000018 0.020833333030448556 0.0350191220680972
1 0.8099137931050389 0.104 0.20782758621007769 0.03210086189575668
0 0.706 0.104 0.12499999818269225 0.03210086189575668
1 0.05779651532264779 0.2739999999999982 0.11559303064529558 0.026264341551071994
1 0.7677990104118765 0.6620000000000018 0.3395980208237529 0.020427821206390945
0 0.598 0.6620000000000018 0.12499999818269225 0.020427821206390945
1 0.918 0.13999999999999818 0.164 0.017509561034046783
0 0.836 0.13999999999999818 0.12499999818269225 0.017509561034046783
0 0.9577500004543269 0.2119999999999982 0.08449999909134613 0.017509561034046783
1 0.23575779443483566 0.422 0.29551558886967133 0.01605043094787834
0 0.08799999999999977 0.422 0.10416666515224324 0.01605043094787834
1 0.30561808533497764 0.116 0.2392361706699553 0.014591300861706258
0 0.186 0.116 0.12499999818269225 0.014591300861706258
1 0.08798998135135025 0.306 0.1759799627027005 0.014591300861706258
1 0.10801510803742122 0.06800000000000182 0.16803021607484242 0.013132170775537815
0 0.03283333303044856 0.06800000000000182 0.06566666606089712 0.013132170775537815
0 0.9789583337119391 0.12000000000000181 0.042083332576121846 0.011673040689365734
1 0.23267246734807623 0.4080000000000018 0.18134493469615245 0.011673040689365734
0 0.14200000000000024 0.4080000000000018 0.062499999091346126 0.011673040689365734
1 0.34063034048086205 0.5819999999999982 0.24526068096172413 0.010213910603193653
0 0.21799999999999978 0.5819999999999982 0.10416666515224324 0.010213910603193653
1 0.7423714623891637 0.6999999999999982 0.3327429247783275 0.010213910603193653
0 0.5760000000000002 0.6999999999999982 0.062499999091346126 0.010213910603193653
1 0.6319802456234329 0.132 0.1999604912468658 0.008754780517025211
0 0.5319999999999998 0.132 0.10416666515224324 0.008754780517025211
1 0.45598938657764554 0.152 0.19197877315529105 0.008754780517025211
0 0.36 0.152 0.12499999818269225 0.008754780517025211