1 0.5483502782585292 0.14399999999999272 0.5367005565170584 0.055446943274480874
0 0.2799999999999995 0.14399999999999272 0.22916666333493504 0.055446943274480874
0 0.9158333348477563 0.7 0.16833333030448738 0.030641731809591875
1 0.3332569586342397 0.2840000000000073 0.25851391726847944 0.027723471637247712
0 0.204 0.2840000000000073 0.10416666515224278 0.027723471637247712
1 0.17811849683837408 0.9950691320906917 0.29223699367674816 0.00986173581861658
0 0.04204166628806115 0.9950691320906917 0.0840833325761223 0.00986173581861658
1 0.03957631244200183 0.5560000000000073 0.07915262488400367 0.017509561034050422
1 0.20517974201328434 0.035999999999992725 0.37035948402656865 0.016050430947871064
0 0.051666666060897114 0.035999999999992725 0.10333333212179423 0.016050430947871064
1 0.6738072777577526 0.266 0.13561455551550533 0.014591300861706258
0 0.6060000000000009 0.266 0.1458333312131417 0.014591300861706258
1 0.857 0.85 0.286 0.014591300861706258
0 0.7140000000000009 0.85 0.1458333312131417 0.014591300861706258
1 0.22839850846888293 0.22200000000000727 0.13279701693776588 0.013132170775541454
0 0.16199999999999953 0.22200000000000727 0.18749999727403793 0.013132170775541454
1 0.9156614698116964 0.2299999999999927 0.14332293962339282 0.011673040689362096
0 0.844 0.2299999999999927 0.08333333212179422 0.011673040689362096
1 0.03766514722722331 0.492 0.07533029445444663 0.010213910603197292
1 0.80246954049352 0.392 0.13293908098704013 0.008754780517017934
0 0.736 0.392 0.12499999818269135 0.008754780517017934
1 0.2332718079878623 0.848 0.1425436159757246 0.008754780517017934