1 0.44297708164008964 0.048 0.48195416328017926 0.03210086189575668
0 0.20199999999999954 0.048 0.20833333030448647 0.03210086189575668
1 0.2747418528531143 0.712 0.5494837057062286 0.029182601723412516
1 0.5306042871665336 0.060000000000001816 0.20120857433306719 0.027723471637244073
0 0.43000000000000044 0.060000000000001816 0.14583333121314082 0.027723471637244073
1 0.6756468063584957 0.496 0.21129361271699146 0.02480521146490355
0 0.57 0.496 0.062499999091345675 0.02480521146490355
0 0.9443333339391025 0.6280000000000018 0.11133333212179514 0.020427821206390945
1 0.05036137363702892 0.6800000000000018 0.10072274727405783 0.013132170775537815
0 0.9861666669695515 0.2439999999999982 0.027666666060897113 0.010213910603193653
1 0.558305619404322 0.042 0.300611238808644 0.008754780517025211
0 0.4080000000000005 0.042 0.08333333212179514 0.008754780517025211