1 0.4436809829906457 0.926 0.051361965981291405 0.058365203446828676
0 0.4180000000000001 0.926 0.020833333030448785 0.058365203446828676
1 0.937 0.816 0.126 0.023346081378731467
0 0.874 0.816 0.12499999818269225 0.023346081378731467
1 0.959 0.09400000000000092 0.082 0.0175095610340486
0 0.918 0.09400000000000092 0.12499999818269225 0.0175095610340486
1 0.959 0.948 0.082 0.014591300861706258
0 0.918 0.948 0.12499999818269225 0.014591300861706258
0 0.9815416671967148 0.126 0.036916665606570406 0.011673040689365734
1 0.4082625289459609 0.5480000000000009 0.2605250578919217 0.005836520344682867
0 0.278 0.5480000000000009 0.062499999091346126 0.005836520344682867