0 0.9759166674238786 0.086 0.048166665152242785 0.018968691120215226
0 0.9335000009086544 0.61 0.13299999818269134 0.018968691120215226
1 0.941 0.3420000000000073 0.118 0.013132170775541454
0 0.882 0.3420000000000073 0.08333333212179422 0.013132170775541454
1 0.887 0.2839999999999927 0.226 0.011673040689362096
0 0.774 0.2839999999999927 0.12499999818269135 0.011673040689362096
1 0.01470838603881657 0.426 0.02941677207763314 0.010213910603197292
1 0.5770564415573317 0.89 0.4701128831146634 0.010213910603197292
0 0.342 0.89 0.12499999818269135 0.010213910603197292
1 0.26156877962244746 0.166 0.2511375592448949 0.005836520344688324
0 0.136 0.166 0.062499999091345675 0.005836520344688324