0 0.944875001135817 0.176 0.110249997728366 0.033559991981921486
1 0.6900104105741403 0.8179999999999927 0.5240208211482804 0.026264341551068354
0 0.42800000000000094 0.8179999999999927 0.29166666242628164 0.026264341551068354
1 0.30538824621509414 0.001012607736964128 0.2747764924301882 0.002025215473928256
0 0.168 0.001012607736964128 0.10416666515224278 0.002025215473928256
1 0.6443742233592366 0.03999999999999272 0.19674844671847314 0.016050430947871064
0 0.5460000000000009 0.03999999999999272 0.18749999727403882 0.016050430947871064
1 0.871 0.29800000000000726 0.258 0.013132170775541454
0 0.7420000000000009 0.29800000000000726 0.16666666424359028 0.013132170775541454
0 0.970541667196715 0.7759999999999927 0.05891666560656995 0.011673040689362096
1 0.6478375280110522 0.74 0.2676750560221044 0.005836520344688324
0 0.514 0.74 0.08333333212179422 0.005836520344688324