1 0.13778588227091312 0.2800000000000009 0.27557176454182625 0.03647825215426746
1 0.891 0.772 0.218 0.0350191220680972
0 0.782 0.772 0.312499995456732 0.0350191220680972
0 0.9581250006814899 0.03800000000000091 0.08374999863702033 0.029182601723414338
1 0.5452325773526608 0.118 0.41446515470532175 0.026264341551071994
0 0.3380000000000018 0.118 0.2916666624262834 0.026264341551071994
1 0.15873794363786145 0.702000000000001 0.3174758872757229 0.021886951292561206
1 0.967 0.6059999999999991 0.066 0.020427821206389127
0 0.9045000009086543 0.6059999999999991 0.19099999818269134 0.020427821206389127
0 0.9105000009086543 0.6059999999999991 0.17899999818269136 0.020427821206389127
1 0.7621989572954772 0.005742172780054716 0.11239791459095431 0.011484345560109433
0 0.7059999999999982 0.005742172780054716 0.18749999727403702 0.011484345560109433
1 0.908 0.668 0.184 0.018968691120218865
0 0.816 0.668 0.12499999818269135 0.018968691120218865
0 0.9733750002271627 0.4180000000000009 0.05324999954567466 0.0175095610340486
0 0.9479166674238786 0.162 0.10416666515224278 0.014591300861706258
1 0.14344455675357676 0.03199999999999909 0.2868891135071535 0.013132170775535997
1 0.951 0.7219999999999991 0.098 0.013132170775535997
0 0.902 0.7219999999999991 0.12499999818269135 0.013132170775535997
1 0.4407662572204008 0.048 0.3135325144408016 0.011673040689365734
0 0.284 0.048 0.08333333212179422 0.011673040689365734
1 0.7432186281983341 0.894 0.3104372563966681 0.011673040689365734
0 0.588 0.894 0.12499999818269135 0.011673040689365734
1 0.38060762560454897 0.07000000000000091 0.6052152512090979 0.010213910603195472
0 0.078 0.07000000000000091 0.062499999091345675 0.010213910603195472
1 0.37370986274261486 0.1980000000000009 0.3074197254852297 0.010213910603195472
0 0.22 0.1980000000000009 0.12499999818269135 0.010213910603195472
1 0.17128471888598779 0.4640000000000009 0.09856943777197558 0.010213910603195472
0 0.122 0.4640000000000009 0.12499999818269135 0.010213910603195472
1 0.2303206563180629 0.442 0.1966413126361258 0.007295650430853129
0 0.132 0.442 0.08333333212179422 0.007295650430853129
1 0.2635133860357946 0.748 0.5270267720715892 0.007295650430853129
1 0.7061548202828107 0.1340000000000009 0.21630964056562152 0.005836520344682867
0 0.598 0.1340000000000009 0.08333333212179422 0.005836520344682867
1 0.94 0.3700000000000009 0.12 0.005836520344682867
0 0.88 0.3700000000000009 0.04166666606089711 0.005836520344682867