1 0.976 0.628 0.048 0.02480521146490355
0 0.90308333439343 0.628 0.1938333312131399 0.02480521146490355
1 0.21726663761250983 0.9119999999999964 0.43453327522501967 0.020427821206387305
0 0.035458332803285426 0.9119999999999964 0.07091666560657085 0.020427821206387305
1 0.792 0.4480000000000036 0.416 0.0189686911202225
0 0.584 0.4480000000000036 0.12499999818269135 0.0189686911202225
1 0.911 0.196 0.178 0.017509561034050422
0 0.822 0.196 0.12499999818269135 0.017509561034050422
1 0.8668018764805738 0.598 0.15360375296114762 0.017509561034050422
0 0.79 0.598 0.10416666515224278 0.017509561034050422
0 0.9719583337119393 0.6740000000000036 0.05608333257612139 0.01605043094787834
1 0.624795042543672 0.102 0.297590085087344 0.014591300861706258
0 0.4760000000000009 0.102 0.16666666424359028 0.014591300861706258
1 0.955 0.332 0.09 0.014591300861706258
0 0.9081250006814907 0.332 0.18374999863701852 0.014591300861706258
1 0.04081311779708676 0.20999999999999636 0.08162623559417352 0.013132170775534177
1 0.35365683333598374 0.3559999999999964 0.14731366667196744 0.013132170775534177
0 0.28 0.3559999999999964 0.08333333212179422 0.013132170775534177
1 0.976 0.654 0.048 0.010213910603197292
0 0.9499583337119393 0.654 0.1000833325761214 0.010213910603197292
1 0.11330840837695177 0.656 0.22661681675390355 0.010213910603197292
1 0.15840749226925255 0.93 0.2968149845385051 0.010213910603197292
0 0.02583333303044901 0.93 0.05166666606089802 0.010213910603197292
1 0.3980339370172296 0.6560000000000037 0.14806787403445923 0.008754780517025211
0 0.324 0.6560000000000037 0.10416666515224278 0.008754780517025211
1 0.927 0.424 0.146 0.007295650430853129
0 0.854 0.424 0.10416666515224278 0.007295650430853129