1 0.2184234913558348 0.8160000000000036 0.3688469827116696 0.03355999198192876
0 0.1211666651522437 0.8160000000000036 0.2423333303044874 0.03355999198192876
1 0.2812484447072684 0.6679999999999964 0.2544968894145368 0.027723471637240437
0 0.154 0.6679999999999964 0.22916666333493596 0.027723471637240437
1 0.41574475206356876 0.9519999999999964 0.8274895041271375 0.027723471637240437
0 0.08433333212179468 0.9519999999999964 0.16866666424358936 0.027723471637240437
1 0.934 0.6020000000000036 0.132 0.023346081378731467
0 0.8679999999999995 0.6020000000000036 0.16666666424358936 0.023346081378731467
1 0.42646959079556473 0.296 0.8529391815911295 0.021886951292559388
0 0.030708332348958266 0.296 0.06141666469791653 0.021886951292559388
1 0.17828069035090494 0.742 0.35656138070180987 0.021886951292559388
1 0.8269036414008697 0.848 0.13380728280173934 0.017509561034050422
0 0.76 0.848 0.22916666333493596 0.017509561034050422
1 0.29120818377211527 0.532 0.4944163675442305 0.010213910603197292
0 0.044 0.532 0.062499999091345675 0.010213910603197292
1 0.08685852410821007 0.602 0.17371704821642014 0.010213910603197292
1 0.1218519989566803 0.622 0.2437039979133606 0.010213910603197292
1 0.7470469496090382 0.6360000000000037 0.4060938992180763 0.008754780517025211
0 0.5440000000000005 0.6360000000000037 0.08333333212179514 0.008754780517025211
1 0.755 0.6620000000000036 0.49 0.008754780517025211
0 0.5100000000000005 0.6620000000000036 0.1041666651522437 0.008754780517025211
1 0.5620238809217745 0.9680000000000036 0.49204776184354887 0.008754780517025211
0 0.31600000000000045 0.9680000000000036 0.1041666651522437 0.008754780517025211
1 0.9128203194042162 0.934 0.1336406388084324 0.007295650430853129
0 0.8460000000000004 0.934 0.1041666651522437 0.007295650430853129