1 0.5128440711545513 0.38 0.39368814230910265 0.03647825215426746
0 0.31599999999999956 0.38 0.20833333030448647 0.03647825215426746
1 0.30967162962335487 0.7799999999999998 0.6193432592467097 0.023346081378731013
1 0.38301454230276477 0.8879999999999998 0.39402908460552954 0.023346081378731013
0 0.186 0.8879999999999998 0.2499999963653845 0.023346081378731013
1 0.7258324617041744 0.006106955301597282 0.25566492340834884 0.012213910603194563
0 0.598 0.006106955301597282 0.020833333030448556 0.012213910603194563
1 0.5673110744992332 0.003742172780054716 0.6106221489984665 0.007484345560109432
0 0.262 0.003742172780054716 0.020833333030448556 0.007484345560109432
1 0.06125334791315299 0.2719999999999998 0.12250669582630598 0.017509561034048146
1 0.3880065975677771 0.282 0.5120131951355543 0.014591300861707169
0 0.13199999999999953 0.282 0.18749999727403793 0.014591300861707169
1 0.956 0.9260000000000003 0.088 0.013132170775536451
0 0.9120000000000005 0.9260000000000003 0.14583333121314082 0.013132170775536451
1 0.09867431343221915 0.438 0.1973486268644383 0.011673040689365734
0 0.01045833280328543 0.438 0.02091666560657086 0.011673040689365734
1 0.009252857225092611 0.922 0.018505714450185222 0.011673040689365734
1 0.09942952424718533 0.3680000000000002 0.19885904849437067 0.010213910603195018
1 0.842 0.4140000000000002 0.316 0.010213910603195018
0 0.6840000000000005 0.4140000000000002 0.08333333212179514 0.010213910603195018
1 0.978 0.8520000000000002 0.044 0.010213910603195018
0 0.956 0.8520000000000002 0.020833333030448556 0.010213910603195018
1 0.30487235751231945 0.9420000000000003 0.3897447150246389 0.010213910603195018
0 0.11 0.9420000000000003 0.04166666606089711 0.010213910603195018
1 0.6125894584034859 0.9720000000000002 0.13717891680697175 0.010213910603195018
0 0.544 0.9720000000000002 0.062499999091345675 0.010213910603195018
1 0.19396928325094176 0.516 0.25593856650188357 0.0087547805170243
0 0.066 0.516 0.062499999091345675 0.0087547805170243
1 0.5599633498161115 0.5660000000000003 0.39992669963222305 0.0072956504308535845
0 0.36000000000000043 0.5660000000000003 0.08333333212179514 0.0072956504308535845
1 0.891 0.6240000000000002 0.218 0.0072956504308535845
0 0.7820000000000005 0.6240000000000002 0.08333333212179514 0.0072956504308535845
1 0.8211166327783262 0.6700000000000003 0.14223326555665244 0.0072956504308535845
0 0.75 0.6700000000000003 0.04166666606089711 0.0072956504308535845
1 0.4487276841753696 0.87 0.39745536835073925 0.005836520344682867
0 0.25 0.87 0.062499999091345675 0.005836520344682867