1 0.5341538246108564 0.754 0.45630764922171285 0.029182601723412516
0 0.3060000000000002 0.754 0.20833333030448695 0.029182601723412516
1 0.1793483904760219 0.45799999999999275 0.3346967809520438 0.026264341551068354
0 0.07370833234895827 0.45799999999999275 0.14741666469791653 0.026264341551068354
1 0.06434698832504455 0.6599999999999927 0.1286939766500891 0.026264341551068354
1 0.891 0.8639999999999928 0.218 0.021886951292559388
0 0.782 0.8639999999999928 0.14583333121314082 0.021886951292559388
1 0.777 0.35400000000000725 0.446 0.017509561034050422
0 0.554 0.35400000000000725 0.16666666424358936 0.017509561034050422
1 0.03563894709369606 0.386 0.07127789418739212 0.014591300861706258
1 0.5708517109048223 0.3019999999999927 0.29370342180964465 0.007295650430853129
0 0.42399999999999977 0.3019999999999927 0.08333333212179468 0.007295650430853129