1 0.963 0.21800000000000183 0.074 0.0350191220680972
0 0.8640416681053684 0.21800000000000183 0.2719166637892631 0.0350191220680972
1 0.5355594409069763 0.516 0.36711888181395264 0.0306417318095846
0 0.352 0.516 0.20833333030448556 0.0306417318095846
1 0.898 0.166 0.204 0.029182601723412516
0 0.796 0.166 0.16666666424358845 0.029182601723412516
1 0.07911422828638934 0.346 0.15822845657277868 0.029182601723412516
1 0.876 0.11400000000000182 0.248 0.027723471637244073
0 0.752 0.11400000000000182 0.2499999963653827 0.027723471637244073
1 0.3668320248850541 0.4499999999999982 0.5296640497701083 0.018968691120218865
0 0.10199999999999818 0.4499999999999982 0.18749999727403702 0.018968691120218865
1 0.19074158528145926 0.9739999999999982 0.15348317056291852 0.017509561034046783
0 0.11399999999999819 0.9739999999999982 0.18749999727403702 0.017509561034046783
0 0.9647500004543271 0.392 0.07049999909134567 0.014591300861706258