1 0.6037954791197135 0.1840000000000009 0.531590958239427 0.0481512928436332
0 0.3379999999999982 0.1840000000000009 0.22916666333493413 0.0481512928436332
1 0.5718637107201284 0.4719999999999991 0.5757274214402569 0.024805211464901732
0 0.2839999999999982 0.4719999999999991 0.18749999727403702 0.024805211464901732
1 0.17878826776693676 0.054 0.35757653553387353 0.01605043094787834
1 0.6562322953007097 0.35 0.37646459060141935 0.01605043094787834
0 0.4679999999999982 0.35 0.1458333312131399 0.01605043094787834
1 0.580561383163209 0.408 0.37712276632641806 0.014591300861706258
0 0.392 0.408 0.16666666424358845 0.014591300861706258
1 0.18067377772243345 0.3819999999999991 0.3613475554448669 0.013132170775535997
1 0.23659882481209935 0.692000000000001 0.1891976496241987 0.010213910603195472
0 0.14199999999999818 0.692000000000001 0.10416666515224278 0.010213910603195472
1 0.6430632619247444 0.7179999999999991 0.19812652384948887 0.008754780517023391
0 0.5439999999999982 0.7179999999999991 0.10416666515224278 0.008754780517023391
1 0.691027643179883 0.9599999999999991 0.4020552863597659 0.008754780517023391
0 0.49 0.9599999999999991 0.08333333212179422 0.008754780517023391