1 0.4632490015326994 0.25199999999999273 0.20649800306539873 0.021886951292559388
0 0.36000000000000093 0.25199999999999273 0.2083333303044874 0.021886951292559388
1 0.9009006697602153 0.098 0.1698013395204307 0.014591300861706258
0 0.816000000000001 0.098 0.18749999727403882 0.014591300861706258
1 0.5818265318830299 0.1679999999999927 0.07565306376605986 0.011673040689362096
0 0.544 0.1679999999999927 0.10416666515224278 0.011673040689362096
1 0.8861584938857768 0.19199999999999273 0.2083169877715536 0.011673040689362096
0 0.782 0.19199999999999273 0.12499999818269135 0.011673040689362096
1 0.03913087901190374 0.8899999999999927 0.07826175802380748 0.011673040689362096
0 0.016249999545672834 0.8899999999999927 0.03249999909134567 0.011673040689362096
1 0.417000674987662 0.6099999999999928 0.13400134997532404 0.007295650430853129
0 0.35 0.6099999999999928 0.10416666515224278 0.007295650430853129