1 0.17126567558387068 0.214 0.34253135116774136 0.035019122068100844
1 0.16496436593025102 0.836 0.32992873186050203 0.029182601723412516
0 0.030458332803284065 0.836 0.06091666560656813 0.029182601723412516
0 0.9675416671967141 0.3900000000000073 0.06491666560657176 0.027723471637247712
1 0.5908600968481169 0.9920691320906917 0.35772019369623376 0.01586173581861658
0 0.4120000000000018 0.9920691320906917 0.2916666624262834 0.01586173581861658
1 0.917 0.614 0.166 0.02480521146490355
0 0.834 0.614 0.12499999818269135 0.02480521146490355
1 0.82 0.71 0.36 0.02480521146490355
0 0.64 0.71 0.12499999818269135 0.02480521146490355
1 0.301978911207696 0.504 0.603957822415392 0.020427821206394584
1 0.971 0.742 0.058 0.018968691120215226
0 0.9345416671967142 0.742 0.13091666560657178 0.018968691120215226
1 0.912 0.024 0.176 0.014591300861706258
0 0.8239999999999982 0.024 0.1458333312131399 0.014591300861706258
1 0.11474725172736726 0.246 0.22949450345473452 0.014591300861706258
1 0.20671250158225848 0.55 0.41342500316451697 0.014591300861706258
1 0.906 0.21000000000000726 0.188 0.013132170775541454
0 0.8119999999999982 0.21000000000000726 0.10416666515224278 0.013132170775541454
1 0.08123547454812433 0.6300000000000072 0.16247094909624865 0.013132170775541454
1 0.5067534992686579 0.9280000000000073 0.47350699853731565 0.013132170775541454
0 0.27 0.9280000000000073 0.12499999818269135 0.013132170775541454
1 0.4550531193312436 0.14999999999999272 0.47810623866248714 0.011673040689362096
0 0.2159999999999982 0.14999999999999272 0.10416666515224278 0.011673040689362096
1 0.8755743206613461 0.4859999999999927 0.12714864132269213 0.011673040689362096
0 0.8119999999999982 0.4859999999999927 0.1458333312131399 0.011673040689362096
1 0.28861394450357875 0.5219999999999927 0.5772278890071575 0.011673040689362096
1 0.8641576260874954 0.5759999999999927 0.12431525217499075 0.011673040689362096
0 0.8019999999999982 0.5759999999999927 0.062499999091345675 0.011673040689362096
1 0.939 0.8139999999999927 0.122 0.011673040689362096
0 0.8779999999999982 0.8139999999999927 0.1458333312131399 0.011673040689362096
1 0.3426337860020376 0.518 0.6852675720040752 0.010213910603197292
0 0.031249999545672837 0.518 0.062499999091345675 0.010213910603197292
1 0.3965305752145123 0.128 0.12106115042902456 0.008754780517017934
0 0.3359999999999982 0.128 0.10416666515224278 0.008754780517017934
1 0.6497181972122161 0.66 0.23943639442443237 0.008754780517017934
0 0.53 0.66 0.08333333212179422 0.008754780517017934
1 0.744700636527372 0.3639999999999927 0.4934012730547438 0.007295650430853129
0 0.49799999999999817 0.3639999999999927 0.062499999091345675 0.007295650430853129
1 0.08430661652322305 0.994 0.1686132330464461 0.005836520344688324