1 0.28270056683276745 0.486 0.3014011336655349 0.035019122068100844
0 0.132 0.486 0.08333333212179422 0.035019122068100844
1 0.929 0.36600000000000726 0.142 0.03210086189575668
0 0.8579999999999982 0.36600000000000726 0.062499999091345675 0.03210086189575668
1 0.837 0.656 0.326 0.023346081378724192
0 0.674 0.656 0.20833333030448556 0.023346081378724192
1 0.8185361478591422 0.6359999999999927 0.2250722957182843 0.021886951292559388
0 0.706 0.6359999999999927 0.08333333212179422 0.021886951292559388
1 0.967 0.638 0.066 0.014591300861706258
0 0.934 0.638 0.12499999818269135 0.014591300861706258
1 0.03192889837892653 0.23400000000000729 0.06385779675785307 0.013132170775541454
1 0.6639947442594585 0.6700000000000073 0.3279894885189169 0.013132170775541454
0 0.5 0.6700000000000073 0.12499999818269135 0.013132170775541454
1 0.37940741486182744 0.398 0.40681482972365485 0.008754780517017934
0 0.176 0.398 0.10416666515224278 0.008754780517017934
1 0.1567027085448899 0.312 0.3134054170897798 0.005836520344688324