1 0.0692269266109588 0.23599999999999818 0.1384538532219176 0.018968691120218865
1 0.852 0.5559999999999982 0.296 0.018968691120218865
0 0.704 0.5559999999999982 0.12499999818269135 0.018968691120218865
1 0.874 0.30399999999999816 0.252 0.017509561034046783
0 0.7480000000000009 0.30399999999999816 0.16666666424359028 0.017509561034046783
1 0.28394590768877787 0.7979999999999982 0.26389181537755574 0.017509561034046783
0 0.1520000000000009 0.7979999999999982 0.16666666424359028 0.017509561034046783
1 0.8670228520860482 0.8399999999999982 0.19404570417209652 0.017509561034046783
0 0.77 0.8399999999999982 0.08333333212179422 0.017509561034046783
1 0.3573087769856393 0.832 0.21861755397127855 0.014591300861706258
0 0.248 0.832 0.10416666515224278 0.014591300861706258
1 0.08490842922664797 0.3380000000000018 0.16981685845329594 0.013132170775537815
0 0.025666666060898024 0.3380000000000018 0.05133333212179605 0.013132170775537815
1 0.637506157757818 0.9780000000000019 0.23501231551563614 0.011673040689365734
0 0.52 0.9780000000000019 0.08333333212179422 0.011673040689365734
1 0.04602988201419703 0.2119999999999982 0.09205976402839405 0.010213910603193653
1 0.6712406058467232 0.29 0.06248121169344631 0.008754780517025211
0 0.64 0.29 0.062499999091345675 0.008754780517025211