1 0.5861730853683512 0.944 0.5403461707367023 0.0496104229298071
0 0.316 0.944 0.16666666424358845 0.0496104229298071
1 0.4704347248511822 0.076 0.15686944970236436 0.023346081378724192
0 0.3919999999999982 0.076 0.22916666333493413 0.023346081378724192
1 0.506940549565341 0.7419999999999928 0.5338810991306818 0.021886951292559388
0 0.2399999999999982 0.7419999999999928 0.27083332939583127 0.021886951292559388
1 0.27398102083678894 0.14 0.5479620416735779 0.018968691120215226
1 0.46797173401433245 0.4 0.30394346802866495 0.014591300861706258
0 0.316 0.4 0.16666666424358845 0.014591300861706258
1 0.859 0.3180000000000073 0.282 0.013132170775541454
0 0.718 0.3180000000000073 0.12499999818269135 0.013132170775541454
1 0.39270909244355245 0.6800000000000073 0.17341818488710486 0.013132170775541454
0 0.306 0.6800000000000073 0.12499999818269135 0.013132170775541454
1 0.3286752123170845 0.4879999999999927 0.15335042463416904 0.011673040689362096
0 0.252 0.4879999999999927 0.12499999818269135 0.011673040689362096
1 0.3107289208872007 0.364 0.2934578417744015 0.010213910603197292
0 0.164 0.364 0.08333333212179422 0.010213910603197292
1 0.2868333090812121 0.56 0.15766661816242414 0.010213910603197292
0 0.208 0.56 0.08333333212179422 0.010213910603197292
1 0.3408536275974402 0.224 0.4417072551948804 0.008754780517017934
0 0.12 0.224 0.12499999818269135 0.008754780517017934
1 0.12107340340603696 0.502 0.15014680681207393 0.008754780517017934
0 0.046 0.502 0.08333333212179422 0.008754780517017934