1 0.30156609445952565 0.676 0.36313218891905125 0.029182601723412516
0 0.12 0.676 0.20833333030448556 0.029182601723412516
1 0.049458915880511996 0.826 0.09891783176102399 0.029182601723412516
1 0.8023897563157043 0.04800000000000364 0.36477951263140856 0.02626434155107563
0 0.6199999999999982 0.04800000000000364 0.1458333312131399 0.02626434155107563
1 0.033041753375388 0.3840000000000036 0.066083506750776 0.023346081378731467
1 0.8477438243842061 0.838 0.19548764876841232 0.023346081378724192
0 0.7499999999999982 0.838 0.18749999727403702 0.023346081378724192
1 0.3625469976871809 0.308 0.6770939953743619 0.021886951292559388
0 0.07449999909134566 0.308 0.14899999818269133 0.021886951292559388
1 0.32153925993640403 0.12399999999999636 0.6430785198728081 0.020427821206387305
0 0.0527083323489569 0.12399999999999636 0.1054166646979138 0.020427821206387305
1 0.7560761336942705 0.69 0.3801522673885411 0.018968691120215226
0 0.566 0.69 0.16666666424358845 0.018968691120215226
1 0.08875403925701539 0.2660000000000036 0.17750807851403078 0.01605043094787834
1 0.3126446827651325 0.35600000000000365 0.34128936553026507 0.01605043094787834
0 0.14199999999999818 0.35600000000000365 0.18749999727403702 0.01605043094787834
1 0.6460202541600247 0.3820000000000036 0.3560405083200494 0.01605043094787834
0 0.4679999999999982 0.3820000000000036 0.10416666515224278 0.01605043094787834
1 0.5022402707078382 0.9579999999999927 0.37248054141567627 0.016050430947871064
0 0.316 0.9579999999999927 0.20833333030448556 0.016050430947871064