1 0.971 0.734 0.058 0.03210086189575668
0 0.9189166674238786 0.734 0.1621666651522428 0.03210086189575668
1 0.879 0.014660432952394331 0.242 0.029320865904788662
0 0.7579999999999991 0.014660432952394331 0.3958333275785244 0.029320865904788662
1 0.96 0.384 0.08 0.029182601723412516
0 0.92 0.384 0.062499999091345675 0.029182601723412516
1 0.64 0.38799999999999635 0.72 0.027723471637240437
0 0.2799999999999995 0.38799999999999635 0.18749999727403793 0.027723471637240437
1 0.6324031506548162 0.45799999999999635 0.44480630130963256 0.027723471637240437
0 0.41 0.45799999999999635 0.062499999091345675 0.027723471637240437
1 0.48561771248691366 0.012 0.3032354249738273 0.011673040689362096
0 0.334 0.012 0.10416666515224278 0.011673040689362096
1 0.08546886726706134 0.718 0.17093773453412267 0.011673040689362096
1 0.3747579456429121 0.8240000000000036 0.40551589128582416 0.008754780517025211
0 0.172 0.8240000000000036 0.08333333212179422 0.008754780517025211
1 0.102165585399237 0.4239999999999964 0.140331170798474 0.005836520344681048
0 0.032 0.4239999999999964 0.062499999091345675 0.005836520344681048