1 0.967 0.8679999999999928 0.066 0.021886951292559388
0 0.9339999999999997 0.8679999999999928 0.10416666515224324 0.021886951292559388
1 0.81 0.326 0.38 0.020427821206394584
0 0.62 0.326 0.14583333121314082 0.020427821206394584
0 0.9853333339391026 0.466 0.029333332121794682 0.018968691120215226
1 0.0392126935677029 0.63 0.0784253871354058 0.014591300861706258
1 0.924 0.916 0.152 0.014591300861706258
0 0.8479999999999998 0.916 0.08333333212179468 0.014591300861706258
1 0.7074724682600914 0.948 0.3709449365201826 0.014591300861706258
0 0.522 0.948 0.14583333121314082 0.014591300861706258
1 0.09554277061655307 0.034000000000007274 0.19108554123310614 0.013132170775541454
0 0.010833333030448557 0.034000000000007274 0.021666666060897115 0.013132170775541454
1 0.8824468951395884 0.06000000000000728 0.20089379027917675 0.013132170775541454
0 0.782 0.06000000000000728 0.020833333030448556 0.013132170775541454
1 0.81 0.7340000000000073 0.38 0.013132170775541454
0 0.6199999999999998 0.7340000000000073 0.10416666515224324 0.013132170775541454
1 0.21446567743267564 0.992 0.1649313548653513 0.008754780517017934