1 0.4911939306753957 0.742 0.41438786135079136 0.035019122068100844
0 0.2839999999999991 0.742 0.37499999454807587 0.035019122068100844
1 0.5269715035878325 0.324 0.5059430071756651 0.029182601723412516
0 0.2740000000000009 0.324 0.18749999727403882 0.029182601723412516
1 0.030549934482723074 0.068 0.06109986896544615 0.023346081378724192
1 0.946 0.5719999999999927 0.108 0.021886951292559388
0 0.892 0.5719999999999927 0.20833333030448556 0.021886951292559388
1 0.024046228195153164 0.5839999999999927 0.04809245639030633 0.021886951292559388
1 0.05201900486366503 0.7499999999999927 0.10403800972733006 0.021886951292559388
1 0.02053895553881557 0.528 0.04107791107763114 0.020427821206394584
1 0.853 0.25199999999999273 0.294 0.016050430947871064
0 0.706 0.25199999999999273 0.12499999818269135 0.016050430947871064
1 0.07457987816260629 0.344 0.14915975632521258 0.014591300861706258
1 0.07783374782210103 0.42000000000000726 0.15566749564420207 0.013132170775541454
1 0.8058717071158117 0.8259999999999927 0.21974341423162333 0.011673040689362096
0 0.696 0.8259999999999927 0.12499999818269135 0.011673040689362096
1 0.33815998234945255 0.536 0.3043199646989051 0.010213910603197292
0 0.186 0.536 0.12499999818269135 0.010213910603197292
1 0.6847393362713301 0.596 0.2174786725426602 0.010213910603197292
0 0.576 0.596 0.12499999818269135 0.010213910603197292