1 0.6045672097958723 0.466 0.6771344195917445 0.03939651232660981
0 0.26599999999999907 0.466 0.3124999954567302 0.03939651232660981
1 0.7721202282652248 0.8100000000000018 0.3602404565304496 0.0350191220680972
0 0.5920000000000009 0.8100000000000018 0.1458333312131417 0.0350191220680972
1 0.3521618643343645 0.5039999999999982 0.668323728668729 0.03355999198192512
0 0.09233333212179423 0.5039999999999982 0.18466666424358846 0.03355999198192512
1 0.2913357610361572 0.0032956504308531294 0.5826715220723144 0.006591300861706259
1 0.08886962593829867 0.088 0.17773925187659734 0.02480521146490355
1 0.24023908673870936 0.406 0.4804781734774187 0.021886951292559388
0 0.029458332803285886 0.406 0.05891666560657177 0.021886951292559388
1 0.10320802070128957 0.552 0.20641604140257913 0.021886951292559388
1 0.959 0.10799999999999818 0.082 0.018968691120218865
0 0.9173333339391029 0.10799999999999818 0.16533333212179424 0.018968691120218865
1 0.6491106086405952 0.6739999999999982 0.5262212172811905 0.017509561034046783
0 0.3860000000000009 0.6739999999999982 0.18749999727403882 0.017509561034046783
1 0.3037411694381808 0.6160000000000018 0.6074823388763616 0.013132170775537815
1 0.1282674212969605 0.6440000000000018 0.256534842593921 0.013132170775537815
1 0.5200118291717853 0.8980000000000018 0.3560236583435708 0.011673040689365734
0 0.3420000000000009 0.8980000000000018 0.1458333312131417 0.011673040689365734
1 0.38652082752004574 0.5199999999999981 0.17304165504009142 0.010213910603193653
0 0.3 0.5199999999999981 0.062499999091345675 0.010213910603193653
1 0.21223711767662554 0.848 0.34447423535325106 0.007295650430853129
0 0.04 0.848 0.062499999091345675 0.007295650430853129
1 0.2558971535481123 0.032 0.5117943070962246 0.005836520344681048
1 0.13972912183335665 0.732 0.2794582436667133 0.005836520344681048
1 0.5872025889561019 0.878 0.3584051779122037 0.005836520344681048
0 0.408 0.878 0.08333333212179422 0.005836520344681048