1 0.789 0.43999999999999273 0.422 0.0612834636191692
0 0.5780000000000004 0.43999999999999273 0.3958333275785253 0.0612834636191692
1 0.638 0.37400000000000727 0.724 0.03210086189575668
0 0.276 0.37400000000000727 0.27083332939583304 0.03210086189575668
0 0.9703333339391025 0.96 0.05933333212179514 0.023346081378724192
0 0.9869166674238782 0.392 0.026166665152243695 0.018968691120215226
1 0.762 0.898 0.476 0.018968691120215226
0 0.5240000000000005 0.898 0.12499999818269225 0.018968691120215226
1 0.957 0.7760000000000072 0.086 0.017509561034050422
0 0.9139999999999996 0.7760000000000072 0.16666666424358936 0.017509561034050422
1 0.03581711828282687 0.17799999999999272 0.07163423656565374 0.016050430947871064
1 0.23197959124845738 0.43999999999999273 0.21595918249691476 0.011673040689362096
0 0.12400000000000046 0.43999999999999273 0.1041666651522437 0.011673040689362096
1 0.14819257621246743 0.7279999999999928 0.29638515242493485 0.011673040689362096
0 0.01204166628806115 0.7279999999999928 0.0240833325761223 0.011673040689362096
1 0.09719347430103244 0.548 0.19438694860206487 0.010213910603197292
1 0.25466035752766764 0.776 0.32932071505533533 0.010213910603197292
0 0.09000000000000045 0.776 0.14583333121314082 0.010213910603197292
1 0.31902240970006596 0.5299999999999927 0.21804481940013193 0.007295650430853129
0 0.21000000000000046 0.5299999999999927 0.08333333212179514 0.007295650430853129