1 0.47753947498894195 0.35800000000000726 0.2590789499778839 0.037937382240445
0 0.3480000000000005 0.35800000000000726 0.1041666651522437 0.037937382240445
1 0.945 0.48 0.11 0.035019122068100844
0 0.8900000000000005 0.48 0.14583333121314082 0.035019122068100844
1 0.7294206531667128 0.43200000000000727 0.39484130633342557 0.027723471637247712
0 0.5319999999999996 0.43200000000000727 0.18749999727403793 0.027723471637247712
0 0.9679583337119393 0.294 0.0640833325761214 0.023346081378724192
1 0.4662532817482511 0.408 0.2565065634965022 0.023346081378724192
0 0.338 0.408 0.2499999963653845 0.023346081378724192
1 0.39601215570691967 0.8439999999999928 0.4000243114138393 0.021886951292559388
0 0.19600000000000045 0.8439999999999928 0.12499999818269225 0.021886951292559388
1 0.2728098644532029 0.9479999999999927 0.5456197289064058 0.021886951292559388
1 0.961 0.896 0.078 0.018968691120215226
0 0.922 0.896 0.020833333030448556 0.018968691120215226
1 0.891 0.7899999999999927 0.218 0.016050430947871064
0 0.7820000000000005 0.7899999999999927 0.1041666651522437 0.016050430947871064
1 0.967 0.922 0.066 0.010213910603197292
0 0.9340000000000005 0.922 0.1041666651522437 0.010213910603197292