1 0.886 0.3319999999999991 0.228 0.043773902585120594
0 0.772 0.3319999999999991 0.020833333030448556 0.043773902585120594
1 0.772 0.146 0.456 0.027723471637244073
0 0.544 0.146 0.16666666424358936 0.027723471637244073
1 0.8467656993726778 0.286 0.30153139874535556 0.023346081378731467
0 0.696 0.286 0.16666666424358936 0.023346081378731467
1 0.48723121991980245 0.7460000000000009 0.36246243983960497 0.021886951292561206
0 0.306 0.7460000000000009 0.12499999818269225 0.021886951292561206
1 0.924 0.038 0.152 0.018968691120218865
0 0.848 0.038 0.14583333121314082 0.018968691120218865
1 0.0784305201075531 0.922 0.1568610402151062 0.018968691120218865
1 0.27745997696964403 0.496 0.270919953939288 0.01605043094787834
0 0.142 0.496 0.14583333121314082 0.01605043094787834
1 0.0662862926947887 0.63 0.1085725853895774 0.014591300861706258
0 0.0320416662880607 0.63 0.0640833325761214 0.014591300861706258
1 0.25205505907571024 0.7 0.28411011815142045 0.014591300861706258
0 0.11 0.7 0.16666666424358936 0.014591300861706258
1 0.6031510286631379 0.4379999999999991 0.2943020573262756 0.013132170775535997
0 0.456 0.4379999999999991 0.12499999818269225 0.013132170775535997
1 0.896 0.116 0.208 0.011673040689365734
0 0.7919999999999998 0.116 0.10416666515224324 0.011673040689365734
1 0.7386641916748863 0.768 0.2613283833497726 0.011673040689365734
0 0.608 0.768 0.12499999818269225 0.011673040689365734
1 0.24537116229295589 0.784 0.2267423245859118 0.011673040689365734
0 0.13199999999999978 0.784 0.08333333212179468 0.011673040689365734
1 0.5716156314212069 0.9260000000000009 0.1872312628424138 0.010213910603195472
0 0.478 0.9260000000000009 0.12499999818269225 0.010213910603195472
1 0.231219490091486 0.9760000000000009 0.11443898018297205 0.010213910603195472
0 0.17399999999999977 0.9760000000000009 0.10416666515224324 0.010213910603195472
1 0.5709768011813262 0.556 0.18595360236265243 0.007295650430853129
0 0.4780000000000002 0.556 0.062499999091346126 0.007295650430853129