1 0.888 0.62 0.224 0.0306417318095846
0 0.776 0.62 0.2499999963653845 0.0306417318095846
1 0.5380639308356977 0.608 0.1961278616713953 0.023346081378731467
0 0.43999999999999956 0.608 0.16666666424358936 0.023346081378731467
1 0.09448047061154466 0.08999999999999954 0.18896094122308932 0.021886951292560297
1 0.08369286095112966 0.31399999999999956 0.1673857219022593 0.021886951292560297
0 0.029458332803285428 0.31399999999999956 0.058916665606570856 0.021886951292560297
1 0.24954614884583315 0.8939999999999996 0.2670922976916663 0.01605043094787743
0 0.11600000000000045 0.8939999999999996 0.1041666651522437 0.01605043094787743
1 0.1740161960608234 0.4579999999999995 0.18403239212164682 0.010213910603194563
0 0.08200000000000046 0.4579999999999995 0.08333333212179514 0.010213910603194563
1 0.12260444476515477 0.24600000000000047 0.24520888953030953 0.0087547805170243
1 0.7151414248713468 0.5720000000000005 0.20228284974269353 0.0087547805170243
0 0.6140000000000004 0.5720000000000005 0.1041666651522437 0.0087547805170243
1 0.08450206146567825 0.19 0.1690041229313565 0.007295650430853129
0 0.008624999772836418 0.19 0.017249999545672835 0.007295650430853129
1 0.20733329850356266 0.638 0.27066659700712536 0.007295650430853129
0 0.07200000000000045 0.638 0.08333333212179514 0.007295650430853129
1 0.6022336562150271 0.834 0.19246731243005433 0.007295650430853129
0 0.5060000000000004 0.834 0.1041666651522437 0.007295650430853129
1 0.024188654276958006 0.976 0.04837730855391601 0.005836520344682867