1 0.21776065750040288 0.02 0.43552131500080576 0.03939651232660981
1 0.5618817413546258 0.106 0.44776348270925154 0.035019122068100844
0 0.3380000000000009 0.106 0.18749999727403882 0.035019122068100844
1 0.729 0.03200000000000727 0.542 0.03210086189575668
0 0.458 0.03200000000000727 0.2499999963653827 0.03210086189575668
1 0.24603330341754373 0.06400000000000727 0.49206660683508746 0.03210086189575668
1 0.853 0.3820000000000073 0.294 0.03210086189575668
0 0.7059999999999982 0.3820000000000073 0.062499999091345675 0.03210086189575668
1 0.29257177330244305 0.5800000000000073 0.21314354660488607 0.03210086189575668
0 0.186 0.5800000000000073 0.020833333030448556 0.03210086189575668
1 0.39330517647076524 0.084 0.7386103529415304 0.030641731809591875
0 0.07449999909134658 0.084 0.14899999818269316 0.030641731809591875
1 0.837 0.232 0.326 0.02480521146490355
0 0.674 0.232 0.2499999963653827 0.02480521146490355
1 0.17306389249153473 0.04 0.34612778498306945 0.020427821206394584
1 0.967 0.324 0.066 0.020427821206394584
0 0.934 0.324 0.12499999818269135 0.020427821206394584
1 0.33752898943021503 0.848 0.6750579788604301 0.020427821206394584
0 0.026666666060898025 0.848 0.05333333212179605 0.020427821206394584
1 0.3836683610911987 0.204 0.21933672218239736 0.018968691120215226
0 0.2740000000000009 0.204 0.1458333312131417 0.018968691120215226
1 0.07903069061568022 0.39 0.15806138123136043 0.018968691120215226
1 0.918 0.014000000000007276 0.164 0.017509561034050422
0 0.8359999999999982 0.014000000000007276 0.1458333312131399 0.017509561034050422
0 0.9795416671967141 0.6479999999999927 0.04091666560657177 0.011673040689362096
1 0.7142902336713123 0.14 0.2325804673426246 0.010213910603197292
0 0.598 0.14 0.12499999818269135 0.010213910603197292
1 0.24805468575431042 0.714 0.32010937150862084 0.010213910603197292
0 0.088 0.714 0.08333333212179422 0.010213910603197292
1 0.17009495433185293 0.24 0.3121899086637059 0.008754780517017934
0 0.017416666515224277 0.24 0.034833333030448554 0.008754780517017934
1 0.252969795814286 0.64 0.4139395916285721 0.008754780517017934
0 0.05424999954567283 0.64 0.10849999909134567 0.008754780517017934
1 0.973 0.666 0.054 0.008754780517017934
0 0.946 0.666 0.04166666606089711 0.008754780517017934
1 0.6792579908139487 0.77 0.3345159816278974 0.008754780517017934
0 0.512 0.77 0.12499999818269135 0.008754780517017934
1 0.44636089949357666 0.6939999999999927 0.2167217989871533 0.007295650430853129
0 0.338 0.6939999999999927 0.08333333212179422 0.007295650430853129
1 0.5051259505738908 0.086 0.3342519011477816 0.005836520344688324