1 0.19634229357890262 0.94 0.23268458715780527 0.02480521146490355
0 0.08166666606089712 0.94 0.16333333212179424 0.02480521146490355
1 0.35394826184087835 0.7100000000000019 0.45989652368175665 0.020427821206390945
0 0.12449999909134613 0.7100000000000019 0.24899999818269225 0.020427821206390945
1 0.24098301841005515 0.8059999999999982 0.3419660368201103 0.018968691120218865
0 0.08187499931850925 0.8059999999999982 0.1637499986370185 0.018968691120218865
1 0.0996002768794965 0.8499999999999982 0.199200553758993 0.018968691120218865
1 0.3326716138393704 0.19799999999999818 0.33334322767874075 0.017509561034046783
0 0.16599999999999954 0.19799999999999818 0.18749999727403793 0.017509561034046783
1 0.778 0.5699999999999982 0.444 0.017509561034046783
0 0.556 0.5699999999999982 0.2499999963653845 0.017509561034046783
1 0.6287323805973096 0.6699999999999982 0.3614647611946193 0.017509561034046783
0 0.44800000000000045 0.6699999999999982 0.14583333121314082 0.017509561034046783
1 0.892 0.7139999999999982 0.216 0.017509561034046783
0 0.7840000000000005 0.7139999999999982 0.12499999818269225 0.017509561034046783
1 0.2929822571804252 0.5099999999999982 0.22996451436085044 0.010213910603193653
0 0.17800000000000046 0.5099999999999982 0.1041666651522437 0.010213910603193653
1 0.2460878447204177 0.5339999999999981 0.11617568944083541 0.010213910603193653
0 0.188 0.5339999999999981 0.062499999091345675 0.010213910603193653
0 0.985541667196715 0.7759999999999981 0.028916665606569948 0.010213910603193653