1 0.34752811897471203 0.3440000000000073 0.599056237949424 0.03210086189575668
0 0.1021249988641821 0.3440000000000073 0.2042499977283642 0.03210086189575668
0 0.9776666678782049 0.318 0.044666664243590275 0.030641731809591875
1 0.568230400360173 0.4040000000000073 0.628460800720346 0.027723471637247712
0 0.2540000000000009 0.4040000000000073 0.18749999727403882 0.027723471637247712
0 0.9593333339391029 0.196 0.08133333212179422 0.018968691120215226
1 0.844 0.628 0.312 0.018968691120215226
0 0.6880000000000009 0.628 0.22916666333493596 0.018968691120215226
1 0.034315592938388366 0.30600000000000727 0.06863118587677673 0.017509561034050422
1 0.5109556879519059 0.3639999999999927 0.44991137590381186 0.016050430947871064
0 0.2860000000000009 0.3639999999999927 0.1458333312131417 0.016050430947871064
1 0.4983888699840554 0.28600000000000725 0.27277773996811083 0.013132170775541454
0 0.362 0.28600000000000725 0.10416666515224278 0.013132170775541454
1 0.887 0.47800000000000725 0.226 0.013132170775541454
0 0.7740000000000009 0.47800000000000725 0.1458333312131417 0.013132170775541454
1 0.2051497998853156 0.6340000000000072 0.4102995997706312 0.013132170775541454
1 0.6745170594794008 0.32399999999999274 0.18903411895880162 0.011673040689362096
0 0.58 0.32399999999999274 0.10416666515224278 0.011673040689362096
1 0.904 0.5799999999999927 0.192 0.011673040689362096
0 0.8080000000000009 0.5799999999999927 0.1458333312131417 0.011673040689362096
1 0.963 0.9319999999999927 0.074 0.011673040689362096
0 0.9213333339391029 0.9319999999999927 0.15733333212179423 0.011673040689362096
1 0.947 0.11 0.106 0.010213910603197292
0 0.894 0.11 0.08333333212179422 0.010213910603197292
0 0.9587500004543271 0.24 0.08249999909134567 0.010213910603197292
1 0.5608635952794784 0.482 0.09372719055895687 0.008754780517017934
0 0.514 0.482 0.062499999091345675 0.008754780517017934
1 0.6964694626963274 0.25799999999999274 0.18893892539265472 0.007295650430853129
0 0.602 0.25799999999999274 0.10416666515224278 0.007295650430853129
1 0.871 0.3419999999999927 0.258 0.007295650430853129
0 0.742 0.3419999999999927 0.10416666515224278 0.007295650430853129
0 0.9699583337119393 0.8399999999999928 0.06008333257612139 0.007295650430853129
1 0.909 0.296 0.182 0.005836520344688324
0 0.818 0.296 0.10416666515224278 0.005836520344688324
1 0.92 0.8 0.16 0.005836520344688324
0 0.84 0.8 0.062499999091345675 0.005836520344688324