1 0.814 0.098 0.372 0.07733389456704026
0 0.6160833362107373 0.098 0.7678333275785253 0.07733389456704026
1 0.5943508556591947 0.116 0.23670171131838924 0.07733389456704026
0 0.4760000000000005 0.116 0.3958333275785253 0.07733389456704026
0 0.940708334166266 0.424 0.11858333166746797 0.020427821206394584
1 0.814 0.974 0.372 0.018968691120215226
0 0.6280000000000004 0.974 0.14583333121314082 0.018968691120215226
1 0.4052441648453969 0.5040000000000073 0.16248832969079377 0.013132170775541454
0 0.32400000000000045 0.5040000000000073 0.14583333121314082 0.013132170775541454
1 0.5401159443484344 0.6800000000000073 0.17223188869686873 0.013132170775541454
0 0.45400000000000046 0.6800000000000073 0.14583333121314082 0.013132170775541454
1 0.971 0.8360000000000073 0.058 0.013132170775541454
0 0.934541667196715 0.8360000000000073 0.13091666560656995 0.013132170775541454
1 0.96 0.604 0.08 0.010213910603197292
0 0.9200000000000005 0.604 0.08333333212179514 0.010213910603197292
1 0.37264179168486816 0.7659999999999927 0.40128358336973635 0.007295650430853129
0 0.17200000000000046 0.7659999999999927 0.08333333212179514 0.007295650430853129