0 0.9816666678782058 0.8039999999999982 0.03666666424358846 0.026264341551071994
1 0.897 0.5080000000000018 0.206 0.020427821206390945
0 0.794 0.5080000000000018 0.12499999818269135 0.020427821206390945
1 0.918 0.6879999999999982 0.164 0.017509561034046783
0 0.836 0.6879999999999982 0.08333333212179422 0.017509561034046783
1 0.7539803298927763 0.046 0.3559606597855527 0.014591300861706258
0 0.5759999999999982 0.046 0.1458333312131399 0.014591300861706258
1 0.897 0.21800000000000183 0.206 0.013132170775537815
0 0.794 0.21800000000000183 0.08333333212179422 0.013132170775537815
1 0.5076170102800297 0.5540000000000018 0.12323402056005943 0.011673040689365734
0 0.4459999999999982 0.5540000000000018 0.10416666515224278 0.011673040689365734
1 0.1934635053232323 0.6580000000000018 0.3869270106464646 0.011673040689365734
0 0.9629583337119384 0.7699999999999981 0.0740833325761232 0.010213910603193653
1 0.3362122293991142 0.8199999999999982 0.32042445879822845 0.010213910603193653
0 0.1760000000000009 0.8199999999999982 0.1458333312131417 0.010213910603193653
1 0.902 0.638 0.196 0.008754780517025211
0 0.8039999999999982 0.638 0.10416666515224278 0.008754780517025211
1 0.025307346545086148 0.8400000000000019 0.050614693090172296 0.0043773902585126055