1 0.5246101584318167 0.584 0.44522031686363334 0.08462954499790067
0 0.30199999999999955 0.584 0.18749999727403793 0.08462954499790067
1 0.44008833670590686 0.5679999999999991 0.2961766734118137 0.05544694327448633
0 0.292 0.5679999999999991 0.22916666333493596 0.05544694327448633
1 0.415442922828478 0.7119999999999991 0.07488584565695601 0.03939651232660799
0 0.378 0.7119999999999991 0.062499999091345675 0.03939651232660799
1 0.6227346077349657 0.15799999999999909 0.31746921546993145 0.03210086189575486
0 0.4639999999999995 0.15799999999999909 0.18749999727403793 0.03210086189575486
1 0.3569869751760025 0.74 0.21797395035200498 0.027723471637244073
0 0.24800000000000044 0.74 0.14583333121314082 0.027723471637244073
1 0.7649984172673694 0.446 0.3179968345347388 0.023346081378731467
0 0.6060000000000004 0.446 0.08333333212179514 0.023346081378731467
1 0.863 0.638 0.274 0.018968691120218865
0 0.7259999999999995 0.638 0.20833333030448647 0.018968691120218865
1 0.016874014504377782 0.698 0.033748029008755565 0.018968691120218865
1 0.10662390201682956 0.1140000000000009 0.21324780403365912 0.0175095610340486
0 0.014624999772836645 0.1140000000000009 0.02924999954567329 0.0175095610340486
1 0.12145435576670206 0.728 0.24290871153340413 0.01605043094787834
1 0.10414734656033989 0.2559999999999991 0.20829469312067977 0.013132170775535997
1 0.6608461270782727 0.2779999999999991 0.5416922541565454 0.013132170775535997
0 0.39000000000000046 0.2779999999999991 0.12499999818269225 0.013132170775535997
1 0.038269731323186985 0.92 0.07653946264637397 0.011673040689365734
1 0.09466315688543774 0.572000000000001 0.18932631377087547 0.010213910603195472
1 0.884 0.7380000000000009 0.232 0.010213910603195472
0 0.7680000000000005 0.7380000000000009 0.14583333121314082 0.010213910603195472
1 0.8217732312623448 0.08599999999999909 0.17154646252468955 0.008754780517023391
0 0.7360000000000004 0.08599999999999909 0.08333333212179514 0.008754780517023391
1 0.3518424753180766 0.2959999999999991 0.07568495063615319 0.008754780517023391
0 0.314 0.2959999999999991 0.062499999091345675 0.008754780517023391
1 0.018184590554486478 0.6219999999999991 0.036369181108972956 0.008754780517023391
1 0.5332152847345878 0.01800000000000091 0.1584305694691757 0.005836520344682867
0 0.454 0.01800000000000091 0.04166666606089711 0.005836520344682867
1 0.36152243253472127 0.4340000000000009 0.2910448650694425 0.005836520344682867
0 0.216 0.4340000000000009 0.062499999091345675 0.005836520344682867
1 0.7801954953478148 0.174 0.3283909906956296 0.002