1 0.08867173229674609 0.9816917418321773 0.17734346459349218 0.03661651633564543
1 0.36920745501666485 0.6839999999999982 0.7384149100333297 0.03355999198192512
0 0.804 0.006295650430853129 0.062499999091345675 0.012591300861706258
1 0.842 0.014 0.316 0.023346081378731467
0 0.6840000000000005 0.014 0.08333333212179514 0.023346081378731467
1 0.5178869276157985 0.7779999999999981 0.42777385523159683 0.017509561034046783
0 0.30399999999999955 0.7779999999999981 0.20833333030448647 0.017509561034046783
1 0.804 0.6120000000000018 0.392 0.013132170775537815
0 0.6079999999999995 0.6120000000000018 0.16666666424358936 0.013132170775537815
1 0.918 0.08600000000000182 0.164 0.011673040689365734
0 0.8360000000000004 0.08600000000000182 0.08333333212179514 0.011673040689365734
1 0.4406459165360384 0.5700000000000018 0.4212918330720768 0.011673040689365734
0 0.23000000000000045 0.5700000000000018 0.08333333212179514 0.011673040689365734