1 0.909 0.8659999999999963 0.182 0.027723471637240437
0 0.818 0.8659999999999963 0.22916666333493596 0.027723471637240437
1 0.795 0.35400000000000365 0.41 0.02626434155107563
0 0.5900000000000004 0.35400000000000365 0.12499999818269225 0.02626434155107563
1 0.919 0.7499999999999963 0.162 0.020427821206387305
0 0.838 0.7499999999999963 0.2499999963653845 0.020427821206387305
1 0.871 0.384 0.258 0.017509561034050422
0 0.7419999999999995 0.384 0.16666666424358936 0.017509561034050422
1 0.35010925453611025 0.774 0.6922185090722205 0.011673040689362096
0 0.022833333030449012 0.774 0.045666666060898024 0.011673040689362096
1 0.04523592025064363 0.418 0.09047184050128726 0.007295650430853129
0 0.958 0.8839999999999963 0.062499999091345675 0.005836520344681048