1 0.38710129928101744 0.142 0.7502025985620349 0.024805211464901732
0 0.07891666560657176 0.142 0.15783333121314352 0.024805211464901732
1 0.25776152484789056 0.6619999999999998 0.5155230496957811 0.023346081378731013
1 0.04905585013802374 0.762 0.09811170027604749 0.021886951292560297
1 0.3893839831330988 0.7099999999999997 0.31876796626619763 0.017509561034048146
0 0.23 0.7099999999999997 0.20833333030448556 0.017509561034048146
1 0.33446090405503676 0.7359999999999998 0.3169218081100735 0.017509561034048146
0 0.176 0.7359999999999998 0.08333333212179422 0.017509561034048146
1 0.8255777922194829 0.46600000000000025 0.3471555844389659 0.010213910603195018
0 0.652 0.46600000000000025 0.08333333212179422 0.010213910603195018
1 0.268650473714868 0.274 0.18530094742973596 0.0087547805170243
0 0.17599999999999819 0.274 0.10416666515224278 0.0087547805170243