1 0.944 0.9 0.112 0.033559991981921486
0 0.8554583346205927 0.9 0.28908333075881454 0.033559991981921486
1 0.5908600968481169 0.005930867909315566 0.35772019369623376 0.011861735818631132
0 0.4120000000000018 0.005930867909315566 0.2916666624262834 0.011861735818631132
1 0.6569475319196754 0.16000000000000728 0.12189506383935077 0.027723471637247712
0 0.5959999999999982 0.16000000000000728 0.062499999091345675 0.027723471637247712
1 0.6375687000330399 0.384 0.23513740006607986 0.02480521146490355
0 0.52 0.384 0.12499999818269135 0.02480521146490355
1 0.3124831421695417 0.112 0.6249662843390834 0.018968691120215226
0 0.019666666060897113 0.112 0.039333332121794226 0.018968691120215226
1 0.4109978208976245 0.192 0.34599564179524894 0.018968691120215226
0 0.23799999999999819 0.192 0.18749999727403702 0.018968691120215226
1 0.792 0.68 0.416 0.018968691120215226
0 0.584 0.68 0.12499999818269135 0.018968691120215226
1 0.5085489865248691 0.36600000000000726 0.3450979730497384 0.017509561034050422
0 0.336 0.36600000000000726 0.16666666424358845 0.017509561034050422
1 0.6502118479891087 0.7860000000000072 0.4564236959782174 0.017509561034050422
0 0.422 0.7860000000000072 0.12499999818269135 0.017509561034050422
1 0.955 0.6199999999999928 0.09 0.016050430947871064
0 0.91 0.6199999999999928 0.16666666424358845 0.016050430947871064
1 0.857 0.7759999999999927 0.286 0.016050430947871064
0 0.714 0.7759999999999927 0.12499999818269135 0.016050430947871064
1 0.09462076300869922 0.25000000000000727 0.18924152601739844 0.013132170775541454
1 0.2967446654127561 0.39599999999999275 0.3334893308255123 0.011673040689362096
0 0.13 0.39599999999999275 0.12499999818269135 0.011673040689362096
1 0.885 0.7739999999999927 0.23 0.011673040689362096
0 0.77 0.7739999999999927 0.12499999818269135 0.011673040689362096
1 0.10232656207198852 0.258 0.20465312414397704 0.010213910603197292
0 0.025249999545672835 0.258 0.05049999909134567 0.010213910603197292
1 0.6878821402318063 0.306 0.5757642804636125 0.010213910603197292
0 0.4 0.306 0.08333333212179422 0.010213910603197292
1 0.28027196971422563 0.752 0.5605439394284513 0.010213910603197292
1 0.018227276645291567 0.788 0.036454553290583135 0.008754780517017934
1 0.2382239963320608 0.14199999999999272 0.4764479926641216 0.007295650430853129