1 0.8501113591142112 0.8060000000000036 0.2002227182284223 0.03355999198192876
0 0.75 0.8060000000000036 0.16666666424358845 0.03355999198192876
1 0.5596861488072445 0.9219999999999964 0.575372297614489 0.027723471637240437
0 0.272 0.9219999999999964 0.20833333030448556 0.027723471637240437
1 0.27698246693181683 0.046000000000003635 0.35396493386363365 0.02626434155107563
0 0.11249999909134567 0.046000000000003635 0.22499999818269134 0.02626434155107563
1 0.47713304940886153 0.28000000000000363 0.3662660988177231 0.0189686911202225
0 0.294 0.28000000000000363 0.16666666424358845 0.0189686911202225
1 0.20763437207607238 0.144 0.41526874415214476 0.014591300861706258
1 0.286363733133383 0.152 0.572727466266766 0.014591300861706258
1 0.7588812666796403 0.51 0.1937625333592805 0.014591300861706258
0 0.662 0.51 0.16666666424358845 0.014591300861706258
1 0.33039447745773215 0.5479999999999964 0.5487889549154643 0.013132170775534177
0 0.06445833280328407 0.5479999999999964 0.12891666560656814 0.013132170775534177
1 0.07839336861907213 0.8919999999999964 0.15678673723814426 0.013132170775534177