1 0.933 0.9932200040090392 0.134 0.013559991981921485
0 0.8660000000000009 0.9932200040090392 0.16666666424359028 0.013559991981921485
1 0.971 0.582 0.058 0.0496104229298071
0 0.942 0.582 0.10416666515224278 0.0496104229298071
1 0.37276487684574383 0.504 0.7455297536914877 0.045233032671298135
1 0.1860200797713678 0.806 0.3720401595427356 0.033559991981921486
1 0.7904069973473524 0.19800000000000728 0.28481399469470486 0.017509561034050422
0 0.6480000000000009 0.19800000000000728 0.2083333303044874 0.017509561034050422
1 0.10394300037811172 0.9820000000000073 0.20788600075622343 0.017509561034050422
0 0.9621250006814908 0.918 0.0757499986370185 0.014591300861706258
1 0.38304927714339376 0.3479999999999927 0.14209855428678747 0.011673040689362096
0 0.312 0.3479999999999927 0.12499999818269135 0.011673040689362096