0 0.9401666687868601 0.376 0.1196666624262798 0.07587476448087546
1 0.17427531414159056 0.9139999999999981 0.3485506282831811 0.026264341551071994
1 0.788 0.148 0.424 0.02480521146490355
0 0.576 0.148 0.12499999818269135 0.02480521146490355
1 0.08732826466559528 0.342 0.17465652933119055 0.02480521146490355
1 0.832 0.276 0.336 0.023346081378731467
0 0.664 0.276 0.2499999963653827 0.023346081378731467
1 0.9060351469047874 0.32 0.11607029380957465 0.023346081378731467
0 0.8479999999999982 0.32 0.062499999091345675 0.023346081378731467
1 0.8068852629068061 0.746 0.11377052581361204 0.023346081378731467
0 0.7499999999999982 0.746 0.020833333030448556 0.023346081378731467
1 0.951 0.3600000000000018 0.098 0.020427821206390945
0 0.9019999999999981 0.3600000000000018 0.1458333312131399 0.020427821206390945
1 0.837 0.30599999999999816 0.326 0.018968691120218865
0 0.674 0.30599999999999816 0.16666666424358845 0.018968691120218865
1 0.631 0.9936226097414874 0.738 0.012754780517025211
0 0.262 0.9936226097414874 0.08333333212179422 0.012754780517025211
1 0.81 0.234 0.38 0.01605043094787834
0 0.6199999999999982 0.234 0.10416666515224278 0.01605043094787834
1 0.04469383489086249 0.97 0.08938766978172498 0.01605043094787834
1 0.3192575195538884 0.976 0.4185150391077768 0.01605043094787834
0 0.1100000000000009 0.976 0.18749999727403882 0.01605043094787834
1 0.12391986809012087 0.1900000000000018 0.24783973618024174 0.013132170775537815
1 0.761 0.6860000000000018 0.478 0.013132170775537815
0 0.5219999999999981 0.6860000000000018 0.10416666515224278 0.013132170775537815
1 0.6380055953856445 0.012000000000001818 0.42801119077128896 0.011673040689365734
0 0.42400000000000093 0.012000000000001818 0.10416666515224461 0.011673040689365734
1 0.5446602670514258 0.13800000000000182 0.21732053410285151 0.011673040689365734
0 0.436 0.13800000000000182 0.08333333212179422 0.011673040689365734
1 0.033121096664523064 0.2920000000000018 0.06624219332904613 0.011673040689365734
1 0.13832174856709661 0.8340000000000019 0.27664349713419323 0.011673040689365734
1 0.013389634830870818 0.9600000000000019 0.026779269661741635 0.011673040689365734
1 0.621571752351234 0.3999999999999982 0.3271435047024679 0.010213910603193653
0 0.458 0.3999999999999982 0.08333333212179422 0.010213910603193653
1 0.27996172501473665 0.29 0.20792345002947332 0.008754780517025211
0 0.176 0.29 0.062499999091345675 0.008754780517025211
1 0.5311573405303807 0.314 0.32231468106076133 0.007295650430853129
0 0.37 0.314 0.08333333212179422 0.007295650430853129
1 0.1810765763116078 0.798 0.3621531526232156 0.007295650430853129
1 0.891 0.856 0.218 0.005836520344681048
0 0.7819999999999981 0.856 0.062499999091345675 0.005836520344681048
1 0.07482110116317926 0.5920000000000019 0.14964220232635853 0.0043773902585126055