1 0.5285134993631946 0.15799999999999909 0.5650269987263892 0.024805211464901732
0 0.2459999999999982 0.15799999999999909 0.062499999091345675 0.024805211464901732
1 0.31109170011499193 0.708 0.5621834002299838 0.023346081378731467
0 0.030624999772835507 0.708 0.061249999545671015 0.023346081378731467
1 0.20766872036538006 0.0021069553015968267 0.13933744073076013 0.004213910603193653
0 0.138 0.0021069553015968267 0.12499999818269135 0.004213910603193653
1 0.1451969688640147 0.926 0.2903939377280294 0.018968691120218865
1 0.469966501708328 0.936 0.143933003416656 0.014591300861706258
0 0.3979999999999982 0.936 0.1458333312131399 0.014591300861706258
1 0.25560315285457547 0.9899999999999991 0.2792063057091509 0.013132170775535997
0 0.116 0.9899999999999991 0.12499999818269135 0.013132170775535997
1 0.9190297654267706 0.486 0.1540595308535412 0.011673040689365734
0 0.8419999999999982 0.486 0.1458333312131399 0.011673040689365734
1 0.677 0.26199999999999907 0.646 0.008754780517023391
0 0.3539999999999982 0.26199999999999907 0.062499999091345675 0.008754780517023391
1 0.0562819977036288 0.432 0.1125639954072576 0.007295650430853129