1 0.4207903300999196 0.3900000000000009 0.24558066019983926 0.029182601723414338
0 0.298 0.3900000000000009 0.10416666515224278 0.029182601723414338
1 0.768 0.006930867909310564 0.464 0.013861735818621128
0 0.5360000000000009 0.006930867909310564 0.1458333312131417 0.013861735818621128
1 0.08999272879088857 0.182 0.17998545758177714 0.018968691120218865
1 0.1250403394367104 0.6560000000000009 0.15408067887342078 0.0175095610340486
0 0.060458332803285886 0.6560000000000009 0.12091666560657177 0.0175095610340486
1 0.8125922384108125 0.07599999999999954 0.26918447682162516 0.01605043094787743
0 0.678 0.07599999999999954 0.12499999818269135 0.01605043094787743
0 0.9963750002271636 0.718 0.007249999545672836 0.01605043094787834
1 0.7621027869100253 0.7619999999999991 0.3442055738200506 0.013132170775535997
0 0.59 0.7619999999999991 0.10416666515224278 0.013132170775535997
1 0.7991085929506526 0.17799999999999955 0.2662171859013051 0.010213910603194563
0 0.666 0.17799999999999955 0.062499999091345675 0.010213910603194563
1 0.3351131996835711 0.36000000000000093 0.16222639936714223 0.010213910603195472
0 0.254 0.36000000000000093 0.08333333212179422 0.010213910603195472
1 0.2470412215043416 0.4160000000000009 0.15808244300868318 0.010213910603195472
0 0.168 0.4160000000000009 0.062499999091345675 0.010213910603195472
1 0.566615618618558 0.5020000000000009 0.16923123723711614 0.010213910603195472
0 0.482 0.5020000000000009 0.10416666515224278 0.010213910603195472
1 0.2578614946874577 0.7540000000000009 0.31172298937491544 0.010213910603195472
0 0.102 0.7540000000000009 0.10416666515224278 0.010213910603195472
1 0.027098879381662302 0.3180000000000009 0.054197758763324604 0.005836520344682867
1 0.07407522981493093 0.7940000000000009 0.14815045962986187 0.005836520344682867
1 0.08676026686302248 0.04599999999999955 0.17352053372604495 0.004377390258511696