1 0.936 0.8140000000000018 0.128 0.027723471637244073
0 0.872 0.8140000000000018 0.10416666515224278 0.027723471637244073
1 0.14387689171156126 0.518 0.2877537834231225 0.021886951292559388
1 0.4336963383577067 0.694 0.2513926767154135 0.021886951292559388
0 0.3080000000000009 0.694 0.16666666424359028 0.021886951292559388
1 0.763 0.11199999999999818 0.474 0.018968691120218865
0 0.5260000000000009 0.11199999999999818 0.16666666424359028 0.018968691120218865
1 0.36799750426080025 0.9619999999999982 0.24799500852160053 0.010213910603193653
0 0.2440000000000009 0.9619999999999982 0.1458333312131417 0.010213910603193653
1 0.41417231660806103 0.738 0.16834463321612203 0.008754780517025211
0 0.33 0.738 0.10416666515224278 0.008754780517025211
1 0.914 0.124 0.172 0.005836520344681048
0 0.828 0.124 0.08333333212179422 0.005836520344681048