1 0.959 0.23799999999999819 0.082 0.049610422929803465
0 0.9180000000000009 0.23799999999999819 0.1458333312131417 0.049610422929803465
1 0.6486851830455452 0.14399999999999819 0.6733703660910906 0.03355999198192512
0 0.312 0.14399999999999819 0.12499999818269135 0.03355999198192512
0 0.9447083341662664 0.2079999999999982 0.11058333166746706 0.03355999198192512
1 0.818 0.6239999999999982 0.364 0.017509561034046783
0 0.636 0.6239999999999982 0.12499999818269135 0.017509561034046783
1 0.9 0.6 0.2 0.01605043094787834
0 0.8000000000000009 0.6 0.16666666424359028 0.01605043094787834
1 0.04777699178137482 0.8940000000000037 0.09555398356274963 0.01605043094787834
1 0.862 0.666 0.276 0.014591300861706258
0 0.724 0.666 0.10416666515224278 0.014591300861706258
1 0.754480825963984 0.784 0.21296165192796798 0.010213910603197292
0 0.648 0.784 0.08333333212179422 0.010213910603197292