1 0.8637762571048333 0.94 0.22755251420966668 0.043773902585118776
0 0.7500000000000018 0.94 0.37499999454807764 0.043773902585118776
1 0.2793543174095976 0.318 0.31470863481919514 0.030641731809591875
0 0.14433333212179422 0.318 0.28866666424358844 0.030641731809591875
0 0.9700833343934301 0.846 0.0598333312131399 0.023346081378724192
1 0.7548390697267369 0.7079999999999927 0.44167813945347373 0.021886951292559388
0 0.534 0.7079999999999927 0.2499999963653827 0.021886951292559388
1 0.805 0.342 0.39 0.020427821206394584
0 0.61 0.342 0.20833333030448556 0.020427821206394584
1 0.15460155023342212 0.196 0.30520310046684423 0.018968691120215226
0 0.04266666606089802 0.196 0.08533333212179604 0.018968691120215226
1 0.22820852992607432 0.628 0.45641705985214864 0.018968691120215226
1 0.3854405311002029 0.4680000000000073 0.5268810622004058 0.017509561034050422
0 0.12200000000000091 0.4680000000000073 0.22916666333493596 0.017509561034050422
1 0.918 0.5920000000000073 0.164 0.017509561034050422
0 0.836 0.5920000000000073 0.20833333030448556 0.017509561034050422
1 0.6230318828661384 0.25000000000000727 0.3300637657322768 0.013132170775541454
0 0.4579999999999982 0.25000000000000727 0.1458333312131399 0.013132170775541454
1 0.4661170344911025 0.3960000000000073 0.5362340689822049 0.013132170775541454
0 0.1980000000000009 0.3960000000000073 0.1458333312131417 0.013132170775541454
1 0.2317849288368234 0.47800000000000725 0.4635698576736468 0.013132170775541454
1 0.7591140782358944 0.003918260172336886 0.23422815647178868 0.007836520344673772
0 0.642 0.003918260172336886 0.12499999818269135 0.007836520344673772
1 0.404792352620716 0.45799999999999275 0.10958470524143195 0.011673040689362096
0 0.3500000000000009 0.45799999999999275 0.10416666515224461 0.011673040689362096
1 0.051355555825551166 0.5799999999999927 0.10271111165110233 0.011673040689362096
1 0.16193314197859673 0.9319999999999927 0.32386628395719347 0.011673040689362096
1 0.045895815568260334 0.11 0.09179163113652067 0.010213910603197292
1 0.09088342557057058 0.24 0.18176685114114116 0.010213910603197292
0 0.021249999545672835 0.24 0.04249999909134567 0.010213910603197292
0 0.9577500004543271 0.438 0.08449999909134567 0.010213910603197292
1 0.908 0.46 0.184 0.010213910603197292
0 0.8159999999999982 0.46 0.1458333312131399 0.010213910603197292
1 0.2654810517909182 0.984 0.20296210358183633 0.008754780517017934
0 0.164 0.984 0.062499999091345675 0.008754780517017934
1 0.06774756180343774 0.3419999999999927 0.1354951236068755 0.007295650430853129
1 0.046558359521484814 0.8399999999999928 0.09311671904296963 0.007295650430853129
0 0.022041666288060695 0.8399999999999928 0.04408333257612139 0.007295650430853129
1 0.2582090127236879 0.8 0.5164180254473758 0.005836520344688324