1 0.3861311676156893 0.544 0.31226233523137853 0.020427821206394584
0 0.23 0.544 0.16666666424358936 0.020427821206394584
1 0.2939221407271818 0.866 0.3678442814543637 0.020427821206394584
0 0.10999999999999978 0.866 0.10416666515224324 0.020427821206394584
1 0.4128513724931643 0.5939999999999928 0.2577027449863285 0.016050430947871064
0 0.284 0.5939999999999928 0.12499999818269225 0.016050430947871064
1 0.36900330971233486 0.8419999999999928 0.2580066194246697 0.016050430947871064
0 0.23999999999999977 0.8419999999999928 0.10416666515224324 0.016050430947871064
1 0.929 0.088 0.142 0.014591300861706258
0 0.858 0.088 0.14583333121314082 0.014591300861706258
1 0.07884614825728385 0.3300000000000073 0.1576922965145677 0.013132170775541454
0 0.014874999318509708 0.3300000000000073 0.029749998637019416 0.013132170775541454
1 0.983 0.9740000000000073 0.034 0.013132170775541454
0 0.9621666669695512 0.9740000000000073 0.07566666606089757 0.013132170775541454
1 0.08425459689858145 0.6339999999999927 0.1685091937971629 0.011673040689362096
0 0.021041666288060697 0.6339999999999927 0.042083332576121395 0.011673040689362096
1 0.32457025974535597 0.776 0.257140519490712 0.010213910603197292
0 0.196 0.776 0.14583333121314082 0.010213910603197292
1 0.961 0.37999999999999273 0.078 0.007295650430853129
0 0.922 0.37999999999999273 0.12499999818269225 0.007295650430853129
1 0.7745342838525942 0.818 0.28906856770518835 0.005836520344688324
0 0.6300000000000002 0.818 0.062499999091346126 0.005836520344688324