1 0.7642259035931666 0.23 0.3164518071863331 0.033559991981921486
0 0.6059999999999995 0.23 0.20833333030448647 0.033559991981921486
1 0.787 0.5739999999999927 0.426 0.026264341551068354
0 0.574 0.5739999999999927 0.3124999954567302 0.026264341551068354
1 0.857 0.296 0.286 0.020427821206394584
0 0.714 0.296 0.29166666242628164 0.020427821206394584
1 0.819 0.486 0.362 0.020427821206394584
0 0.638 0.486 0.22916666333493596 0.020427821206394584
1 0.5657484492397962 0.964 0.6554968984795924 0.020427821206394584
0 0.23800000000000046 0.964 0.14583333121314082 0.020427821206394584
0 0.9939583337119393 0.12 0.012083332576121392 0.018968691120215226
1 0.7196476360794408 0.928 0.44329527215888176 0.018968691120215226
0 0.498 0.928 0.27083332939583304 0.018968691120215226
1 0.3195702421325327 0.94 0.5551404842650655 0.014591300861706258
0 0.06787499931850971 0.94 0.13574999863701942 0.014591300861706258
1 0.949 0.984 0.102 0.014591300861706258
0 0.8979999999999996 0.984 0.18749999727403793 0.014591300861706258
1 0.017850490677128617 0.9159999999999927 0.035700981354257234 0.011673040689362096
1 0.89 0.178 0.22 0.010213910603197292
0 0.7800000000000005 0.178 0.12499999818269225 0.010213910603197292
1 0.04052550443377481 0.057999999999992724 0.08105100886754962 0.007295650430853129
1 0.012716913472577517 0.7999999999999927 0.025433826945155034 0.007295650430853129