1 0.2912908807007261 0.005754780517024301 0.3145817614014522 0.011509561034048602
0 0.13399999999999818 0.005754780517024301 0.10416666515224278 0.011509561034048602
1 0.703 0.112 0.594 0.0350191220680972
0 0.4059999999999982 0.112 0.18749999727403702 0.0350191220680972
1 0.665 0.126 0.67 0.0350191220680972
0 0.3299999999999982 0.126 0.18749999727403702 0.0350191220680972
1 0.898 0.1459999999999991 0.204 0.020427821206389127
0 0.796 0.1459999999999991 0.20833333030448556 0.020427821206389127
1 0.6607282765951058 0.878 0.4894565531902117 0.018968691120218865
0 0.416 0.878 0.2499999963653827 0.018968691120218865
1 0.19281661566975164 0.904 0.15763323133950324 0.018968691120218865
0 0.114 0.904 0.20833333030448556 0.018968691120218865
1 0.8039277990185674 0.97 0.16785559803713476 0.018968691120218865
0 0.72 0.97 0.20833333030448556 0.018968691120218865
1 0.4889697882312921 0.754 0.16593957646258423 0.01605043094787834
0 0.4059999999999982 0.754 0.22916666333493413 0.01605043094787834
1 0.640420144912212 0.96 0.16484028982442397 0.01605043094787834
0 0.558 0.96 0.16666666424358845 0.01605043094787834
0 0.9909583337119384 0.414 0.018083332576123212 0.014591300861706258
1 0.5767829456876988 0.548 0.49356589137539775 0.014591300861706258
0 0.33 0.548 0.08333333212179422 0.014591300861706258
1 0.523382803860959 0.3559999999999991 0.32276560772191804 0.013132170775535997
0 0.36199999999999816 0.3559999999999991 0.1458333312131399 0.013132170775535997
1 0.849 0.8899999999999991 0.302 0.013132170775535997
0 0.6979999999999982 0.8899999999999991 0.1458333312131399 0.013132170775535997
1 0.10547553538732245 0.556 0.1589510707746449 0.011673040689365734
0 0.02599999999999818 0.556 0.020833333030448556 0.011673040689365734
1 0.5325736826923494 0.64 0.1651473653846988 0.011673040689365734
0 0.45 0.64 0.12499999818269135 0.011673040689365734
1 0.37885609992648644 0.07199999999999909 0.16171219985297283 0.008754780517023391
0 0.29799999999999816 0.07199999999999909 0.10416666515224278 0.008754780517023391
1 0.03679009572272298 0.26199999999999907 0.07358019144544596 0.008754780517023391
1 0.79 0.6939999999999991 0.42 0.008754780517023391
0 0.5799999999999982 0.6939999999999991 0.10416666515224278 0.008754780517023391
1 0.7957365276370038 0.724 0.1714730552740075 0.007295650430853129
0 0.7099999999999982 0.724 0.062499999091345675 0.007295650430853129