1 0.06984787570770913 0.096 0.13969575141541826 0.02480521146490355
1 0.4424846299680903 0.85 0.4209692599361806 0.02480521146490355
0 0.232 0.85 0.3124999954567302 0.02480521146490355
1 0.1217447041055616 0.726 0.2434894082111232 0.023346081378724192
0 0.011666666060897115 0.726 0.02333333212179423 0.023346081378724192
1 0.08695926830238931 0.842 0.10191853660477863 0.023346081378724192
0 0.05445833280328543 0.842 0.10891666560657086 0.023346081378724192
1 0.20204377450046285 0.7099999999999927 0.4040875490009257 0.021886951292559388
1 0.2855145441143336 0.228 0.1070290882286672 0.018968691120215226
0 0.23199999999999954 0.228 0.18749999727403793 0.018968691120215226
0 0.9859583337119393 0.041999999999992724 0.028083332576121393 0.016050430947871064
1 0.724 0.7499999999999927 0.552 0.016050430947871064
0 0.44800000000000045 0.7499999999999927 0.1041666651522437 0.016050430947871064
0 0.9799583337119393 0.44999999999999274 0.04008333257612139 0.011673040689362096
1 0.925 0.024 0.15 0.010213910603197292
0 0.8500000000000004 0.024 0.12499999818269225 0.010213910603197292
0 0.9911666669695515 0.492 0.017666666060897115 0.008754780517017934
1 0.957 0.694 0.086 0.008754780517017934
0 0.914 0.694 0.062499999091345675 0.008754780517017934
1 0.979 0.988 0.042 0.004377390258508967
0 0.958 0.988 0.062499999091345675 0.004377390258508967