1 0.967 0.43200000000000727 0.066 0.03210086189575668
0 0.9149166674238786 0.43200000000000727 0.1701666651522428 0.03210086189575668
1 0.837 0.24400000000000727 0.326 0.027723471637247712
0 0.674 0.24400000000000727 0.16666666424358845 0.027723471637247712
1 0.712 0.004566085387763451 0.576 0.009132170775526902
0 0.42400000000000093 0.004566085387763451 0.22916666333493596 0.009132170775526902
1 0.94 0.9640000000000073 0.12 0.017509561034050422
0 0.8799999999999982 0.9640000000000073 0.020833333030448556 0.017509561034050422
1 0.799 0.016000000000007276 0.402 0.013132170775541454
0 0.598 0.016000000000007276 0.12499999818269135 0.013132170775541454
1 0.07919383124771048 0.38799999999999274 0.15838766249542097 0.011673040689362096
0 0.026458332803285883 0.38799999999999274 0.05291666560657177 0.011673040689362096
1 0.8256564507353451 0.7559999999999927 0.1953129014706901 0.011673040689362096
0 0.7279999999999982 0.7559999999999927 0.1458333312131399 0.011673040689362096
1 0.6556544799963631 0.508 0.28730895999272615 0.008754780517017934
0 0.512 0.508 0.08333333212179422 0.008754780517017934
1 0.762945975243927 0.46 0.19789195048785405 0.005836520344688324