1 0.0720855567221406 0.072 0.1441711134442812 0.029182601723412516
1 0.5350354728941893 0.358 0.43407094578837857 0.02480521146490355
0 0.318 0.358 0.2499999963653845 0.02480521146490355
1 0.963 0.502 0.074 0.02480521146490355
0 0.9057083341662661 0.502 0.18858333166746796 0.02480521146490355
0 0.9360000000000005 0.0018365203446810484 0.12499999818269225 0.0036730406893620967
1 0.2596312685096 0.568 0.5112625370192 0.018968691120215226
0 0.048874999318509256 0.568 0.09774999863701851 0.018968691120215226
0 0.980541667196715 0.014 0.03891666560656995 0.014591300861706258
1 0.5479863196551382 0.326 0.11197263931027647 0.014591300861706258
0 0.49199999999999955 0.326 0.16666666424358936 0.014591300861706258
1 0.6731879579596153 0.758 0.34237591591923044 0.014591300861706258
0 0.5020000000000004 0.758 0.14583333121314082 0.014591300861706258
1 0.3064953954064849 0.05399999999999273 0.21299079081296987 0.011673040689362096
0 0.19999999999999954 0.05399999999999273 0.16666666424358936 0.011673040689362096
1 0.8323963004242715 0.072 0.11679260084854286 0.010213910603197292
0 0.774 0.072 0.062499999091345675 0.010213910603197292
1 0.045153355242503496 0.6 0.09030671048500699 0.010213910603197292