0 0.9515000009086538 0.576 0.09699999818269225 0.05398781318831607
1 0.09622212638563815 0.5320000000000072 0.1924442527712763 0.046692162757462935
1 0.6396821846960211 0.94 0.37136436939204215 0.03939651232660981
0 0.45399999999999957 0.94 0.18749999727403793 0.03939651232660981
1 0.6292860537356392 0.952 0.3705721074712783 0.03939651232660981
0 0.444 0.952 0.27083332939583304 0.03939651232660981
1 0.04886429963631235 0.428 0.0977285992726247 0.020427821206394584
1 0.5253338123138473 0.476 0.38266762462769477 0.018968691120215226
0 0.3339999999999995 0.476 0.20833333030448647 0.018968691120215226
1 0.933 0.6100000000000073 0.134 0.017509561034050422
0 0.8660000000000004 0.6100000000000073 0.12499999818269225 0.017509561034050422
1 0.873 0.6460000000000072 0.254 0.017509561034050422
0 0.7459999999999996 0.6460000000000072 0.18749999727403793 0.017509561034050422
1 0.868 0.8480000000000073 0.264 0.017509561034050422
0 0.736 0.8480000000000073 0.22916666333493596 0.017509561034050422
1 0.949 0.45799999999999275 0.102 0.016050430947871064
0 0.8980000000000005 0.45799999999999275 0.1041666651522437 0.016050430947871064
1 0.287953108199109 0.396 0.18790621639821803 0.014591300861706258
0 0.19400000000000045 0.396 0.1041666651522437 0.014591300861706258
1 0.3851980882411026 0.416 0.2543961764822052 0.014591300861706258
0 0.25799999999999956 0.416 0.20833333030448647 0.014591300861706258
1 0.884 0.52 0.232 0.014591300861706258
0 0.768 0.52 0.062499999091345675 0.014591300861706258
1 0.6675394463244256 0.7760000000000072 0.21107889264885124 0.013132170775541454
0 0.5620000000000005 0.7760000000000072 0.12499999818269225 0.013132170775541454
1 0.9 0.8780000000000073 0.2 0.013132170775541454
0 0.7999999999999996 0.8780000000000073 0.16666666424358936 0.013132170775541454
1 0.48442748472721453 0.9220000000000073 0.428854969454429 0.013132170775541454
0 0.27000000000000046 0.9220000000000073 0.08333333212179514 0.013132170775541454
1 0.938 0.3559999999999927 0.124 0.011673040689362096
0 0.8760000000000004 0.3559999999999927 0.08333333212179514 0.011673040689362096
1 0.917 0.8199999999999927 0.166 0.011673040689362096
0 0.8340000000000004 0.8199999999999927 0.1041666651522437 0.011673040689362096
1 0.6650246390769308 0.7579999999999927 0.2700492781538614 0.007295650430853129
0 0.5300000000000005 0.7579999999999927 0.1041666651522437 0.007295650430853129