1 0.37682775048966505 0.32 0.3856555009793301 0.05106955301597191
0 0.184 0.32 0.20833333030448556 0.05106955301597191
1 0.38271751464100273 0.52 0.7654350292820055 0.043773902585118776
0 0.013708332348956902 0.52 0.027416664697913803 0.043773902585118776
1 0.738 0.6 0.524 0.03939651232660981
0 0.4760000000000018 0.6 0.4583333266698719 0.03939651232660981
1 0.722 0.612 0.556 0.03939651232660981
0 0.44400000000000184 0.612 0.4583333266698719 0.03939651232660981
1 0.966 0.8899999999999963 0.068 0.027723471637240437
0 0.9191250006814898 0.8899999999999963 0.16174999863702033 0.027723471637240437
1 0.3362947047278176 0.41 0.6725894094556352 0.02480521146490355
1 0.608 0.058 0.784 0.021886951292559388
0 0.216 0.058 0.16666666424358845 0.021886951292559388
1 0.787 0.07 0.426 0.021886951292559388
0 0.574 0.07 0.20833333030448556 0.021886951292559388
0 0.9630833343934301 0.5119999999999963 0.0738333312131399 0.020427821206387305
1 0.5801303812400674 0.7419999999999963 0.6642607624801349 0.020427821206387305
0 0.2479999999999982 0.7419999999999963 0.1458333312131399 0.020427821206387305
1 0.8214476513682948 0.9620000000000036 0.14689530273658966 0.0189686911202225
0 0.748 0.9620000000000036 0.16666666424358845 0.0189686911202225
1 0.06073908782800936 0.324 0.12147817565601872 0.017509561034050422
0 0.9563333339391029 0.3200000000000036 0.08733333212179423 0.01605043094787834
1 0.727 0.8160000000000036 0.546 0.01605043094787834
0 0.454 0.8160000000000036 0.16666666424358845 0.01605043094787834
1 0.6384613895913972 0.794 0.28092277918279435 0.014591300861706258
0 0.498 0.794 0.12499999818269135 0.014591300861706258
1 0.12628136837075543 0.38199999999999634 0.25256273674151086 0.013132170775534177
1 0.7355674068398749 0.5239999999999964 0.41113481367974963 0.013132170775534177
0 0.5299999999999981 0.5239999999999964 0.18749999727403702 0.013132170775534177
1 0.018862118876922976 0.5599999999999964 0.03772423775384595 0.013132170775534177
1 0.6439392942502418 0.7679999999999964 0.1398785885004836 0.013132170775534177
0 0.5739999999999982 0.7679999999999964 0.020833333030448556 0.013132170775534177
1 0.7649347233497829 0.34200000000000363 0.27386944669956576 0.008754780517025211
0 0.6279999999999982 0.34200000000000363 0.10416666515224278 0.008754780517025211