1 0.09735938497635652 0.48000000000000725 0.19471876995271303 0.013132170775541454
1 0.2930686780613505 0.6140000000000073 0.586137356122701 0.013132170775541454
0 0.046874999318508345 0.6140000000000073 0.09374999863701669 0.013132170775541454
1 0.41609598413767523 0.035999999999992725 0.2481919682753505 0.011673040689362096
0 0.2919999999999982 0.035999999999992725 0.062499999091345675 0.011673040689362096
1 0.977 0.16599999999999274 0.046 0.011673040689362096
0 0.9457500004543271 0.16599999999999274 0.10849999909134567 0.011673040689362096
1 0.82 0.126 0.36 0.010213910603197292
0 0.6399999999999981 0.126 0.1458333312131399 0.010213910603197292
1 0.21861394658491007 0.142 0.24122789316982016 0.010213910603197292
0 0.09799999999999819 0.142 0.062499999091345675 0.010213910603197292
1 0.2838039607823448 0.696 0.5676079215646896 0.010213910603197292
0 0.025458332803284064 0.696 0.05091666560656813 0.010213910603197292
1 0.901 0.041999999999992724 0.198 0.007295650430853129
0 0.8019999999999982 0.041999999999992724 0.10416666515224278 0.007295650430853129