1 0.6769359521852939 0.72 0.3298719043705878 0.020427821206394584
0 0.512 0.72 0.27083332939583304 0.020427821206394584
1 0.44232807220355747 0.728 0.18865614440711487 0.020427821206394584
0 0.348 0.728 0.27083332939583304 0.020427821206394584
1 0.4494617432851328 0.762 0.3109234865702656 0.018968691120215226
0 0.29399999999999976 0.762 0.2291666633349355 0.018968691120215226
1 0.983 0.10200000000000728 0.034 0.013132170775541454
0 0.9569583337119391 0.10200000000000728 0.08608333257612184 0.013132170775541454
1 0.685197203030222 0.44999999999999274 0.198394406060444 0.011673040689362096
0 0.5859999999999997 0.44999999999999274 0.10416666515224324 0.011673040689362096
1 0.3853049852616114 0.9759999999999928 0.3106099705232227 0.011673040689362096
0 0.22999999999999976 0.9759999999999928 0.08333333212179468 0.011673040689362096
1 0.6873922684539818 0.224 0.1347845369079637 0.008754780517017934
0 0.6200000000000002 0.224 0.062499999091346126 0.008754780517017934
1 0.6525090656784389 0.284 0.2610181313568778 0.008754780517017934
0 0.5219999999999998 0.284 0.10416666515224324 0.008754780517017934
1 0.94 0.398 0.12 0.008754780517017934
0 0.8799999999999998 0.398 0.10416666515224324 0.008754780517017934