1 0.06647416352204437 0.3800000000000073 0.13294832704408874 0.017509561034050422
1 0.94 0.7760000000000072 0.12 0.017509561034050422
0 0.8800000000000009 0.7760000000000072 0.1458333312131417 0.017509561034050422
1 0.423442697390401 0.7880000000000073 0.17088539478080203 0.017509561034050422
0 0.338 0.7880000000000073 0.10416666515224278 0.017509561034050422
1 0.7512054142594888 0.37799999999999273 0.2384108285189777 0.016050430947871064
0 0.6320000000000009 0.37799999999999273 0.1458333312131417 0.016050430947871064
1 0.978 0.8640000000000073 0.044 0.013132170775541454
0 0.9311250006814907 0.8640000000000073 0.1377499986370185 0.013132170775541454
1 0.7859622241954994 0.8899999999999927 0.1999244483909988 0.011673040689362096
0 0.686 0.8899999999999927 0.10416666515224278 0.011673040689362096
1 0.5354384014061206 0.91 0.1788768028122413 0.010213910603197292
0 0.446 0.91 0.10416666515224278 0.010213910603197292
1 0.015168680131176188 0.4699999999999927 0.030337360262352377 0.007295650430853129