1 0.967 0.372 0.066 0.02480521146490355
0 0.934 0.372 0.12499999818269135 0.02480521146490355
0 0.9479166674238786 0.9599999999999927 0.10416666515224278 0.021886951292559388
1 0.8174528310730756 0.46399999999999275 0.15490566214615137 0.016050430947871064
0 0.74 0.46399999999999275 0.08333333212179422 0.016050430947871064
1 0.782801531549454 0.7420000000000073 0.129603063098908 0.013132170775541454
0 0.718 0.7420000000000073 0.12499999818269135 0.013132170775541454
1 0.4433966422667054 0.24999999999999273 0.23079328453341078 0.011673040689362096
0 0.328 0.24999999999999273 0.12499999818269135 0.011673040689362096
1 0.7210855132958932 0.39 0.22217102659178636 0.010213910603197292
0 0.61 0.39 0.12499999818269135 0.010213910603197292
1 0.8086275550015143 0.946 0.18125511000302869 0.010213910603197292
0 0.718 0.946 0.10416666515224278 0.010213910603197292