1 0.45065261009460666 0.594 0.5773052201892133 0.033559991981921486
0 0.16199999999999817 0.594 0.18749999727403702 0.033559991981921486
1 0.792 0.108 0.416 0.02480521146490355
0 0.584 0.108 0.16666666424358845 0.02480521146490355
1 0.18304067241063968 0.416 0.36608134482127935 0.02480521146490355
0 0.02391666560657177 0.416 0.04783333121314354 0.02480521146490355
1 0.6499143249371282 0.282 0.5198286498742564 0.023346081378724192
0 0.39 0.282 0.12499999818269135 0.023346081378724192
1 0.3309538431420369 0.678 0.22990768628407385 0.020427821206394584
0 0.216 0.678 0.12499999818269135 0.020427821206394584
1 0.33215357887279423 0.4 0.6643071577455885 0.018968691120215226
0 0.019666666060897113 0.4 0.039333332121794226 0.018968691120215226
1 0.12266324479309879 0.5340000000000072 0.24532648958619757 0.017509561034050422
1 0.19968014039467563 0.15799999999999273 0.37936028078935125 0.016050430947871064
0 0.05187499931850834 0.15799999999999273 0.10374999863701669 0.016050430947871064
1 0.922 0.3499999999999927 0.156 0.016050430947871064
0 0.844 0.3499999999999927 0.12499999818269135 0.016050430947871064
1 0.15590812110117622 0.37 0.31181624220235243 0.014591300861706258
0 0.009249999545672835 0.37 0.01849999909134567 0.014591300861706258
1 0.15678763877046914 0.756 0.3135752775409383 0.014591300861706258
1 0.04257964054979857 0.954 0.08515928109959714 0.014591300861706258
1 0.5102102137541897 0.2380000000000073 0.26442042750837935 0.013132170775541454
0 0.37799999999999817 0.2380000000000073 0.1458333312131399 0.013132170775541454
1 0.8425047736238648 0.6620000000000072 0.12500954724772964 0.013132170775541454
0 0.7799999999999981 0.6620000000000072 0.1458333312131399 0.013132170775541454
1 0.4090381476536895 0.8320000000000073 0.558076295307379 0.013132170775541454
0 0.13 0.8320000000000073 0.16666666424358845 0.013132170775541454
1 0.7336638457439403 0.20399999999999271 0.27532769148788067 0.011673040689362096
0 0.5959999999999982 0.20399999999999271 0.10416666515224278 0.011673040689362096
1 0.863 0.366 0.274 0.010213910603197292
0 0.7259999999999982 0.366 0.10416666515224278 0.010213910603197292
1 0.7657355876987003 0.6819999999999927 0.36347117539740065 0.007295650430853129
0 0.5839999999999982 0.6819999999999927 0.10416666515224278 0.007295650430853129
1 0.26351480236779573 0.8719999999999927 0.2230296047355914 0.007295650430853129
0 0.152 0.8719999999999927 0.04166666606089711 0.007295650430853129
1 0.8245576309355238 0.428 0.13311526187104755 0.005836520344688324
0 0.758 0.428 0.04166666606089711 0.005836520344688324