1 0.5842094118121149 0.15200000000000727 0.34041882362422987 0.037937382240445
0 0.4139999999999982 0.15200000000000727 0.22916666333493413 0.037937382240445
1 0.8014633436697459 0.536 0.19092668733949175 0.020427821206394584
0 0.7059999999999982 0.536 0.18749999727403702 0.020427821206394584
1 0.6378707008262482 0.5580000000000073 0.5557414016524963 0.017509561034050422
0 0.35999999999999815 0.5580000000000073 0.18749999727403702 0.017509561034050422
1 0.2141781113281868 0.7319999999999928 0.4283562226563736 0.016050430947871064
1 0.38976406232896627 0.19600000000000728 0.1675281246579325 0.013132170775541454
0 0.306 0.19600000000000728 0.12499999818269135 0.013132170775541454
1 0.4671730828210839 0.2820000000000073 0.17034616564216776 0.013132170775541454
0 0.3819999999999982 0.2820000000000073 0.1458333312131399 0.013132170775541454
1 0.8671770701340175 0.5 0.19035414026803482 0.010213910603197292
0 0.772 0.5 0.12499999818269135 0.010213910603197292
1 0.945 0.838 0.11 0.010213910603197292
0 0.89 0.838 0.12499999818269135 0.010213910603197292
1 0.3239229378925265 0.064 0.16784587578505306 0.008754780517017934
0 0.2399999999999982 0.064 0.10416666515224278 0.008754780517017934