1 0.6354714294045885 0.016389997995484008 0.4989428588091769 0.032779995990968015
0 0.38599999999999957 0.016389997995484008 0.43749999363942244 0.032779995990968015
1 0.0310822897423468 0.11599999999999636 0.0621645794846936 0.0306417318095846
1 0.5815544201757766 0.248 0.6711088403515533 0.021886951292559388
0 0.24599999999999955 0.248 0.16666666424358936 0.021886951292559388
1 0.4834889983091216 0.398 0.6509779966182432 0.021886951292559388
0 0.15800000000000045 0.398 0.14583333121314082 0.021886951292559388
1 0.35722272456694965 0.4259999999999964 0.37444544913389927 0.020427821206387305
0 0.17000000000000046 0.4259999999999964 0.12499999818269225 0.020427821206387305
1 0.6921084819241978 0.3220000000000036 0.3962169638483956 0.0189686911202225
0 0.49399999999999955 0.3220000000000036 0.18749999727403793 0.0189686911202225
1 0.19654518103156216 0.5920000000000036 0.3570903620631243 0.0189686911202225
0 0.03504166628806115 0.5920000000000036 0.0700833325761223 0.0189686911202225
1 0.34239627147360624 0.718 0.6287925429472125 0.017509561034050422
0 0.05045833280328543 0.718 0.10091666560657087 0.017509561034050422
1 0.942 0.6700000000000036 0.116 0.01605043094787834
0 0.8840000000000005 0.6700000000000036 0.12499999818269225 0.01605043094787834
0 0.9709583337119393 0.05 0.058083332576121395 0.014591300861706258