1 0.9 0.012320865904788661 0.2 0.024641731809577322
0 0.7437500022716349 0.012320865904788661 0.5124999954567302 0.024641731809577322
1 0.747560323593022 0.010930867909315566 0.17512064718604414 0.021861735818631132
0 0.66 0.010930867909315566 0.3124999954567302 0.021861735818631132
1 0.7149432072627073 0.5059999999999927 0.1738864145254147 0.016050430947871064
0 0.6279999999999996 0.5059999999999927 0.18749999727403793 0.016050430947871064
1 0.5568878398537386 0.056 0.24977567970747713 0.014591300861706258
0 0.43199999999999955 0.056 0.20833333030448647 0.014591300861706258
1 0.2048273521816973 0.4380000000000073 0.15365470436339457 0.013132170775541454
0 0.12799999999999978 0.4380000000000073 0.1249999981826918 0.013132170775541454
1 0.7373771246284705 0.9160000000000073 0.17475424925694097 0.013132170775541454
0 0.6500000000000005 0.9160000000000073 0.14583333121314082 0.013132170775541454
1 0.37188619611684043 0.9880000000000073 0.15977239223368087 0.013132170775541454
0 0.29199999999999954 0.9880000000000073 0.18749999727403793 0.013132170775541454