0 0.9180833343934296 0.882 0.1638333312131408 0.035019122068100844
1 0.926 0.374 0.148 0.033559991981921486
0 0.8426666678782053 0.374 0.31466666424358936 0.033559991981921486
1 0.959 0.5700000000000073 0.082 0.03210086189575668
0 0.9180000000000005 0.5700000000000073 0.14583333121314082 0.03210086189575668
1 0.91 0.9460000000000073 0.18 0.027723471637247712
0 0.8199999999999995 0.9460000000000073 0.20833333030448647 0.027723471637247712
1 0.27269563492085264 0.25399999999999273 0.5453912698417053 0.026264341551068354
1 0.077212018011076 0.274 0.154424036022152 0.023346081378724192
1 0.23887479012916582 0.316 0.47774958025833164 0.023346081378724192
0 0.01824999954567329 0.316 0.03649999909134658 0.023346081378724192
1 0.915 0.93 0.17 0.023346081378724192
0 0.8299999999999995 0.93 0.18749999727403793 0.023346081378724192
1 0.38627419103243577 0.426 0.45654838206487147 0.018968691120215226
0 0.15800000000000045 0.426 0.12499999818269225 0.018968691120215226
1 0.953 0.45 0.094 0.018968691120215226
0 0.8905000009086539 0.45 0.21899999818269225 0.018968691120215226
1 0.7800632186353686 0.2820000000000073 0.37612643727073736 0.017509561034050422
0 0.5919999999999995 0.2820000000000073 0.20833333030448647 0.017509561034050422
1 0.7421366422850901 0.3240000000000073 0.19227328457018028 0.017509561034050422
0 0.6459999999999996 0.3240000000000073 0.16666666424358936 0.017509561034050422
1 0.845 0.8060000000000073 0.31 0.017509561034050422
0 0.6899999999999995 0.8060000000000073 0.18749999727403793 0.017509561034050422
1 0.11340453077975417 0.48400000000000726 0.22680906155950833 0.013132170775541454
1 0.04334756441842319 0.5139999999999927 0.08669512883684638 0.011673040689362096
1 0.3947495969563688 0.5899999999999928 0.4734991939127376 0.011673040689362096
0 0.15800000000000045 0.5899999999999928 0.12499999818269225 0.011673040689362096
1 0.823 0.728 0.354 0.010213910603197292
0 0.6460000000000005 0.728 0.1041666651522437 0.010213910603197292
1 0.240732190708261 0.46 0.18546438141652197 0.008754780517017934
1 0.3021396388662042 0.9379999999999927 0.37227927773240843 0.007295650430853129
0 0.11600000000000045 0.9379999999999927 0.12499999818269225 0.007295650430853129