1 0.928 0.9219999999999927 0.144 0.055446943274480874
0 0.8559999999999982 0.9219999999999927 0.27083332939583127 0.055446943274480874
0 0.9175833353020844 0.33399999999999275 0.16483332939583123 0.05106955301597191
1 0.96 0.2560000000000073 0.08 0.03210086189575668
0 0.92 0.2560000000000073 0.08333333212179422 0.03210086189575668
1 0.29009204298194347 0.32 0.5801840859638869 0.030641731809591875
1 0.706 0.4939999999999927 0.588 0.026264341551068354
0 0.412 0.4939999999999927 0.2499999963653827 0.026264341551068354
1 0.5482598527326172 0.46 0.7085197054652345 0.02480521146490355
0 0.194 0.46 0.20833333030448556 0.02480521146490355
1 0.618793054031532 0.674 0.3935861080630639 0.02480521146490355
0 0.42199999999999815 0.674 0.1458333312131399 0.02480521146490355
1 0.32356579504511135 0.18199999999999272 0.47513159009022277 0.021886951292559388
0 0.0950833325761214 0.18199999999999272 0.1901666651522428 0.021886951292559388
1 0.83 0.172 0.34 0.020427821206394584
0 0.6600000000000018 0.172 0.2916666624262834 0.020427821206394584
1 0.944 0.37 0.112 0.020427821206394584
0 0.8879999999999982 0.37 0.020833333030448556 0.020427821206394584
1 0.8583740792030312 0.648 0.13674815840606244 0.018968691120215226
0 0.7899999999999981 0.648 0.10416666515224278 0.018968691120215226
1 0.36006980436111735 0.20999999999999272 0.3521396087222347 0.016050430947871064
0 0.1839999999999982 0.20999999999999272 0.10416666515224278 0.016050430947871064
1 0.25690538911412114 0.942 0.2538107782282423 0.014591300861706258
0 0.13 0.942 0.16666666424358845 0.014591300861706258
1 0.7332859608400886 0.442 0.49057192168017716 0.008754780517017934
0 0.48799999999999816 0.442 0.10416666515224278 0.008754780517017934
1 0.06964934970214016 0.24399999999999272 0.13929869940428033 0.007295650430853129
1 0.12774961914563937 0.342 0.25549923829127874 0.004377390258508967