1 0.7034068874686177 0.5300000000000072 0.14681377493723538 0.03210086189575668
0 0.63 0.5300000000000072 0.3333333284871787 0.03210086189575668
1 0.28960878889514013 0.422 0.5792175777902803 0.030641731809591875
0 0.04554166537940682 0.422 0.09108333075881364 0.030641731809591875
0 0.9691250006814903 0.26599999999999274 0.06174999863701942 0.026264341551068354
1 0.16619253979151108 0.388 0.26438507958302215 0.023346081378724192
0 0.08470833234895826 0.388 0.16941666469791652 0.023346081378724192
1 0.060053573022016284 0.656 0.12010714604403257 0.023346081378724192
1 0.956 0.868 0.088 0.020427821206394584
0 0.912 0.868 0.020833333030448556 0.020427821206394584
1 0.06707284254790466 0.03800000000000728 0.13414568509580932 0.017509561034050422
1 0.20199378607444124 0.4899999999999927 0.4039875721488825 0.016050430947871064
1 0.4441132325029089 0.7639999999999927 0.14822646500581776 0.016050430947871064
0 0.37 0.7639999999999927 0.22916666333493596 0.016050430947871064
1 0.19456973036045383 0.318 0.38913946072090766 0.014591300861706258
1 0.31924905982165 0.572 0.4184981196433 0.014591300861706258
0 0.10999999999999954 0.572 0.18749999727403793 0.014591300861706258
1 0.7503682302500274 0.63 0.15273646050005482 0.014591300861706258
0 0.674 0.63 0.020833333030448556 0.014591300861706258
1 0.2642781791264692 0.754 0.5285563582529385 0.014591300861706258
0 0.030874999318509254 0.754 0.06174999863701851 0.014591300861706258
1 0.5967436766469814 0.30200000000000726 0.2814873532939628 0.013132170775541454
0 0.45600000000000046 0.30200000000000726 0.14583333121314082 0.013132170775541454
1 0.46760470389281455 0.33199999999999275 0.4112094077856291 0.011673040689362096
0 0.26200000000000045 0.33199999999999275 0.1041666651522437 0.011673040689362096