0 0.9811250006814903 0.3920000000000018 0.037749998637019416 0.020427821206390945
1 0.21252682849584242 0.6280000000000018 0.42505365699168485 0.020427821206390945
0 0.027666666060897113 0.6280000000000018 0.055333332121794226 0.020427821206390945
1 0.5700013809296356 0.3680000000000018 0.3720027618592712 0.011673040689365734
0 0.384 0.3680000000000018 0.062499999091345675 0.011673040689365734
1 0.838 0.4600000000000018 0.324 0.011673040689365734
0 0.6760000000000005 0.4600000000000018 0.14583333121314082 0.011673040689365734
1 0.12909039389523605 0.2439999999999982 0.2301807877904721 0.010213910603193653
0 0.027833333030449013 0.2439999999999982 0.055666666060898026 0.010213910603193653
1 0.925 0.6699999999999982 0.15 0.010213910603193653
0 0.85 0.6699999999999982 0.062499999091345675 0.010213910603193653
1 0.919 0.234 0.162 0.005836520344681048
0 0.8380000000000004 0.234 0.08333333212179514 0.005836520344681048