1 0.934 0.04799999999999954 0.132 0.03501912206809629
0 0.8680000000000002 0.04799999999999954 0.062499999091346126 0.03501912206809629
0 0.9369166674238784 0.24999999999999956 0.12616666515224323 0.03355999198192603
1 0.23401630938977383 0.24400000000000047 0.22803261877954764 0.03210086189575577
0 0.12 0.24400000000000047 0.12499999818269225 0.03210086189575577
1 0.25735640122066705 0.254 0.23071280244133413 0.0306417318095846
0 0.142 0.254 0.12499999818269225 0.0306417318095846
1 0.9151669791921875 0.684 0.1343339583843749 0.018968691120218865
0 0.8480000000000002 0.684 0.062499999091346126 0.018968691120218865
0 0.9789583337119391 0.6079999999999995 0.042083332576121846 0.01605043094787743
1 0.48642737864298397 0.19800000000000045 0.36085475728596794 0.014591300861707169
0 0.306 0.19800000000000045 0.16666666424358936 0.014591300861707169
1 0.907 0.532 0.186 0.013132170775535997
0 0.814 0.532 0.14583333121314082 0.013132170775535997
1 0.5839314608106626 0.55 0.1878629216213253 0.013132170775535997
0 0.48999999999999977 0.55 0.08333333212179468 0.013132170775535997
0 0.9841666669695512 0.836 0.03166666606089757 0.013132170775535997
1 0.7060311548379395 0.04799999999999954 0.26006230967587907 0.010213910603194563
0 0.576 0.04799999999999954 0.12499999818269225 0.010213910603194563
1 0.664640430570568 0.26799999999999957 0.19728086114113602 0.010213910603194563
0 0.566 0.26799999999999957 0.12499999818269225 0.010213910603194563
1 0.8283400933589417 0.558 0.20068018671788332 0.007295650430853129
0 0.7280000000000002 0.558 0.04166666606089757 0.007295650430853129
1 0.6105819911369162 0.69 0.2411639822738325 0.007295650430853129
0 0.48999999999999977 0.69 0.08333333212179468 0.007295650430853129
1 0.04939163658460507 0.206 0.09878327316921014 0.005836520344682867
1 0.902 0.7059999999999995 0.196 0.004377390258511696
0 0.8040000000000003 0.7059999999999995 0.062499999091346126 0.004377390258511696