1 0.22608336633480575 0.9100000000000036 0.1881667326696115 0.01605043094787834
0 0.13200000000000092 0.9100000000000036 0.1458333312131417 0.01605043094787834
1 0.11848739795247001 0.828 0.14497479590494003 0.014591300861706258
0 0.06466666606089802 0.828 0.12933333212179604 0.014591300861706258
1 0.1090782348719722 0.8099999999999964 0.1701564697439444 0.013132170775534177
0 0.04324999954567284 0.8099999999999964 0.08649999909134568 0.013132170775534177
1 0.8884919500091782 0.016 0.1689839000183565 0.011673040689362096
0 0.804 0.016 0.10416666515224278 0.011673040689362096
1 0.5553935939206667 0.914 0.15078718784133344 0.011673040689362096
0 0.48 0.914 0.08333333212179422 0.011673040689362096
1 0.973 0.716 0.054 0.010213910603197292
0 0.9417500004543272 0.716 0.11649999909134567 0.010213910603197292