1 0.885 0.9580000000000073 0.23 0.05252868310215126
0 0.7700000000000009 0.9580000000000073 0.16666666424359028 0.05252868310215126
1 0.836 0.6559999999999927 0.328 0.05106955301597191
0 0.672 0.6559999999999927 0.5833333248525633 0.05106955301597191
1 0.03455302654704701 0.6879999999999927 0.06910605309409402 0.04085564241277461
1 0.22318111595364462 0.8720000000000073 0.33836223190728926 0.03210086189575668
0 0.06866666606089802 0.8720000000000073 0.13733333212179605 0.03210086189575668
1 0.2604437857369803 0.8940000000000072 0.15288757147396062 0.03210086189575668
0 0.1840000000000009 0.8940000000000072 0.16666666424359028 0.03210086189575668
0 0.9212500013629806 0.22 0.15749999727403882 0.029182601723412516
1 0.8706057062485152 0.5679999999999927 0.24521141249703032 0.026264341551068354
0 0.748 0.5679999999999927 0.12499999818269135 0.026264341551068354
1 0.17463704072147265 0.6699999999999927 0.3492740814429453 0.026264341551068354
0 0.025666666060898024 0.6699999999999927 0.05133333212179605 0.026264341551068354
1 0.8109574060190989 0.548 0.061914812038197854 0.023346081378724192
0 0.78 0.548 0.020833333030448556 0.023346081378724192
1 0.885 0.764 0.23 0.020427821206394584
0 0.7700000000000009 0.764 0.1458333312131417 0.020427821206394584
1 0.7303958285495892 0.20000000000000728 0.31279165709917833 0.017509561034050422
0 0.574 0.20000000000000728 0.12499999818269135 0.017509561034050422
0 0.9615416671967151 0.4400000000000073 0.07691666560656996 0.017509561034050422
1 0.7876530256662263 0.8800000000000072 0.29530605133245263 0.017509561034050422
0 0.64 0.8800000000000072 0.08333333212179422 0.017509561034050422
1 0.7757919235734052 0.6 0.2955838471468105 0.014591300861706258
0 0.6280000000000009 0.6 0.16666666424359028 0.014591300861706258
0 0.9615416671967151 0.7899999999999927 0.07691666560656996 0.011673040689362096
1 0.5200463178952796 0.112 0.19609263579055913 0.010213910603197292
0 0.42200000000000093 0.112 0.1458333312131417 0.010213910603197292
1 0.5183568313084815 0.426 0.21271366261696312 0.005836520344688324
0 0.412 0.426 0.04166666606089711 0.005836520344688324