1 0.9 0.789999999999999 0.2 0.024805211464901732
0 0.8 0.789999999999999 0.020833333030448556 0.024805211464901732
1 0.933 0.9399999999999991 0.134 0.020427821206389127
0 0.8660000000000009 0.9399999999999991 0.1458333312131417 0.020427821206389127
1 0.77 0.5560000000000009 0.46 0.0175095610340486
0 0.54 0.5560000000000009 0.12499999818269135 0.0175095610340486
1 0.684 0.156 0.632 0.01605043094787834
0 0.3680000000000009 0.156 0.16666666424359028 0.01605043094787834
1 0.793704632992536 0.9919873922630305 0.3114092659850721 0.01602521547393917
0 0.6380000000000009 0.9919873922630305 0.2083333303044874 0.01602521547393917
1 0.167707522699905 0.1 0.33541504539981 0.014591300861706258
1 0.96 0.3939999999999991 0.08 0.013132170775535997
0 0.9200000000000009 0.3939999999999991 0.1458333312131417 0.013132170775535997
1 0.9 0.4899999999999991 0.2 0.013132170775535997
0 0.8 0.4899999999999991 0.10416666515224278 0.013132170775535997
1 0.8146930777907655 0.8299999999999991 0.30938615558153104 0.013132170775535997
0 0.66 0.8299999999999991 0.12499999818269135 0.013132170775535997
1 0.23843714176983666 0.528 0.4768742835396733 0.011673040689365734
1 0.4958868896586564 0.07800000000000092 0.5397737793173129 0.010213910603195472
0 0.226 0.07800000000000092 0.12499999818269135 0.010213910603195472
1 0.231268864686308 0.21799999999999908 0.398537729372616 0.008754780517023391
0 0.036833333030449014 0.21799999999999908 0.07366666606089803 0.008754780517023391
1 0.982 0.3739999999999991 0.036 0.008754780517023391
0 0.9611666669695514 0.3739999999999991 0.07766666606089712 0.008754780517023391
1 0.9 0.156 0.2 0.007295650430853129
0 0.8 0.156 0.08333333212179422 0.007295650430853129
0 0.9611666669695514 0.5060000000000009 0.07766666606089712 0.005836520344682867
1 0.4522912843836421 0.912 0.3005825687672841 0.0043773902585126055