1 0.37059578803116167 0.074 0.7411915760623233 0.08317041491172858
0 0.08716666515224461 0.074 0.17433333030448922 0.08317041491172858
1 0.706 0.94 0.588 0.029182601723412516
0 0.4119999999999982 0.94 0.22916666333493413 0.029182601723412516
1 0.2259335200195983 0.092 0.4518670400391966 0.018968691120215226
1 0.933 0.8 0.134 0.018968691120215226
0 0.8659999999999982 0.8 0.1458333312131399 0.018968691120215226
0 0.9565416671967141 0.7200000000000073 0.08691666560657177 0.017509561034050422
1 0.4317368782890408 0.44799999999999274 0.45147375657808153 0.016050430947871064
0 0.206 0.44799999999999274 0.16666666424358845 0.016050430947871064
1 0.06042389999062834 0.722 0.12084779998125668 0.014591300861706258
1 0.879 0.35800000000000726 0.242 0.013132170775541454
0 0.758 0.35800000000000726 0.12499999818269135 0.013132170775541454
1 0.47167612911417744 0.9100000000000072 0.3593522582283549 0.013132170775541454
0 0.2919999999999982 0.9100000000000072 0.18749999727403702 0.013132170775541454
1 0.6429334080775152 0.25399999999999273 0.5698668161550304 0.011673040689362096
0 0.358 0.25399999999999273 0.12499999818269135 0.011673040689362096
1 0.14084871815596126 0.8399999999999928 0.2816974363119225 0.011673040689362096
1 0.6791303182672055 0.156 0.12226063653441088 0.010213910603197292
0 0.6179999999999982 0.156 0.10416666515224278 0.010213910603197292
1 0.43205900810669484 0.412 0.3441180162133896 0.010213910603197292
0 0.2599999999999982 0.412 0.020833333030448556 0.010213910603197292
1 0.44165961463462006 0.504 0.3433192292692402 0.010213910603197292
0 0.2699999999999982 0.504 0.1458333312131399 0.010213910603197292
1 0.0688556247428969 0.85 0.1377112494857938 0.010213910603197292
1 0.48699264161199246 0.88 0.23798528322398488 0.008754780517017934
0 0.36799999999999816 0.88 0.062499999091345675 0.008754780517017934
1 0.3264976884505577 0.23799999999999272 0.5449953769011153 0.007295650430853129
1 0.5675972126456381 0.166 0.35519442529127626 0.005836520344688324
0 0.39 0.166 0.04166666606089711 0.005836520344688324
1 0.933 0.55 0.134 0.005836520344688324
0 0.866 0.55 0.08333333212179422 0.005836520344688324
1 0.059447068274799675 0.15200000000000727 0.11889413654959935 0.002918260172344162