1 0.04462335535708371 0.046 0.08924671071416743 0.05836520344682503
1 0.872 0.152 0.256 0.05836520344682503
0 0.7105416690140228 0.152 0.5789166619719545 0.05836520344682503
1 0.2228560057162158 0.5759999999999927 0.4457120114324316 0.036478252154265645
1 0.6066931151046283 0.954 0.3093862302092566 0.035019122068100844
0 0.4519999999999982 0.954 0.1458333312131399 0.035019122068100844
1 0.12858598119938505 0.49200000000000726 0.2571719623987701 0.03210086189575668
1 0.6673696430554064 0.6979999999999927 0.4507392861108128 0.026264341551068354
0 0.442 0.6979999999999927 0.16666666424358845 0.026264341551068354
1 0.451210635731386 0.7639999999999927 0.15042127146277198 0.026264341551068354
0 0.37599999999999817 0.7639999999999927 0.020833333030448556 0.026264341551068354
1 0.5048479817157422 0.316 0.7136959634314844 0.023346081378724192
0 0.148 0.316 0.16666666424358845 0.023346081378724192
1 0.5204712542136057 0.010106955301598646 0.5929425084272115 0.020213910603197292
0 0.224 0.010106955301598646 0.2499999963653827 0.020213910603197292
1 0.37082641969491303 0.734 0.2936528393898261 0.018968691120215226
0 0.22399999999999817 0.734 0.18749999727403702 0.018968691120215226
1 0.6348137448592315 0.562 0.14962748971846304 0.010213910603197292
0 0.5599999999999982 0.562 0.10416666515224278 0.010213910603197292
1 0.40277308104983606 0.666 0.29354616209967205 0.008754780517017934
0 0.2559999999999982 0.666 0.10416666515224278 0.008754780517017934
1 0.2009533596250476 0.4959999999999927 0.4019067192500952 0.007295650430853129