1 0.3313858930268461 0.27 0.6627717860536922 0.02480521146490355
0 0.04870833234895872 0.27 0.09741666469791745 0.02480521146490355
1 0.8137662396559262 0.24 0.27153247931185254 0.023346081378724192
0 0.678 0.24 0.08333333212179422 0.023346081378724192
1 0.963 0.31000000000000727 0.074 0.017509561034050422
0 0.926 0.31000000000000727 0.12499999818269135 0.017509561034050422
1 0.822 0.566 0.356 0.014591300861706258
0 0.6440000000000009 0.566 0.2083333303044874 0.014591300861706258
1 0.23088055383582012 0.204 0.08176110767164027 0.010213910603197292
0 0.19 0.204 0.020833333030448556 0.010213910603197292
1 0.733569017924292 0.826 0.263138035848584 0.008754780517017934
0 0.602 0.826 0.10416666515224278 0.008754780517017934
1 0.6879110062324307 0.892 0.2598220124648615 0.008754780517017934
0 0.558 0.892 0.062499999091345675 0.008754780517017934
1 0.2033078192992989 0.898 0.15861563859859779 0.008754780517017934
0 0.124 0.898 0.12499999818269135 0.008754780517017934
1 0.3625070613788666 0.6639999999999927 0.3250141227577333 0.007295650430853129
0 0.2 0.6639999999999927 0.062499999091345675 0.007295650430853129