1 0.4399709419281226 0.552 0.1639418838562451 0.030641731809591875
0 0.358 0.552 0.062499999091345675 0.030641731809591875
1 0.040619484799528434 0.7239999999999928 0.08123896959905687 0.016050430947871064
1 0.928 0.06600000000000728 0.144 0.013132170775541454
0 0.8560000000000009 0.06600000000000728 0.1458333312131417 0.013132170775541454
1 0.011980410872925859 0.8620000000000073 0.023960821745851717 0.013132170775541454
1 0.6731301256613142 0.374 0.3942602513226284 0.010213910603197292
0 0.4760000000000009 0.374 0.1458333312131417 0.010213910603197292
1 0.6653412138775348 0.8819999999999927 0.2266824277550695 0.007295650430853129
0 0.552 0.8819999999999927 0.10416666515224278 0.007295650430853129
1 0.12855352983835475 0.068 0.14910705967670948 0.005836520344688324
0 0.054 0.068 0.08333333212179422 0.005836520344688324