1 0.944 0.22800000000000728 0.112 0.09192519542876107
0 0.8879999999999982 0.22800000000000728 0.062499999091345675 0.09192519542876107
1 0.23005837156024064 0.788 0.24411674312048126 0.06420172379151336
0 0.108 0.788 0.08333333212179422 0.06420172379151336
1 0.13064758024499132 0.03200000000000727 0.26129516048998264 0.03210086189575668
1 0.025569933379216307 0.3820000000000073 0.051139866758432614 0.03210086189575668
1 0.24509198335122345 0.232 0.4901839667024469 0.02480521146490355
1 0.27789824883889014 0.324 0.5557964976777803 0.020427821206394584
1 0.787 0.524 0.426 0.020427821206394584
0 0.5739999999999982 0.524 0.18749999727403702 0.020427821206394584
1 0.6420245942295533 0.1 0.2680491884591065 0.018968691120215226
0 0.5079999999999982 0.1 0.10416666515224278 0.018968691120215226
1 0.6318460147208261 0.104 0.26769202944165227 0.018968691120215226
0 0.49799999999999817 0.104 0.10416666515224278 0.018968691120215226
1 0.787 0.784 0.426 0.018968691120215226
0 0.574 0.784 0.16666666424358845 0.018968691120215226
1 0.4640805635772049 0.014000000000007276 0.9281611271544098 0.017509561034050422
1 0.6950403068641954 0.5480000000000073 0.39408061372839076 0.013132170775541454
0 0.49799999999999817 0.5480000000000073 0.1458333312131399 0.013132170775541454
1 0.917 0.6020000000000073 0.166 0.013132170775541454
0 0.8339999999999982 0.6020000000000073 0.10416666515224278 0.013132170775541454
1 0.27512923511187726 0.6479999999999927 0.48625847022375457 0.011673040689362096
0 0.05245833280328407 0.6479999999999927 0.10491666560656814 0.011673040689362096
1 0.868 0.7959999999999927 0.264 0.011673040689362096
0 0.736 0.7959999999999927 0.12499999818269135 0.011673040689362096
1 0.3036373471354982 0.498 0.3712746942709964 0.010213910603197292
0 0.118 0.498 0.12499999818269135 0.010213910603197292
0 0.9779583337119384 0.978 0.044083332576123214 0.010213910603197292
1 0.5038172890670303 0.0021886951292544835 0.6396345781340605 0.004377390258508967
0 0.184 0.0021886951292544835 0.04166666606089711 0.004377390258508967
1 0.879 0.05 0.242 0.008754780517017934
0 0.7579999999999982 0.05 0.10416666515224278 0.008754780517017934
1 0.1530007958816641 0.666 0.3060015917633282 0.008754780517017934
1 0.966 0.07599999999999273 0.068 0.007295650430853129
1 0.7260966715536251 0.7339999999999928 0.39219334310725024 0.007295650430853129
0 0.53 0.7339999999999928 0.12499999818269135 0.007295650430853129