1 0.872 0.28600000000000725 0.256 0.03210086189575668
0 0.744 0.28600000000000725 0.2499999963653827 0.03210086189575668
1 0.759 0.078 0.482 0.030641731809591875
0 0.5179999999999981 0.078 0.18749999727403702 0.030641731809591875
1 0.91 0.302 0.18 0.029182601723412516
0 0.8199999999999982 0.302 0.22916666333493413 0.029182601723412516
1 0.1456629505183846 0.5719999999999927 0.2913259010367692 0.021886951292559388
1 0.899 0.3280000000000073 0.202 0.017509561034050422
0 0.7979999999999982 0.3280000000000073 0.18749999727403702 0.017509561034050422
1 0.845 0.5420000000000073 0.31 0.017509561034050422
0 0.6899999999999982 0.5420000000000073 0.1458333312131399 0.017509561034050422
1 0.856 0.7500000000000073 0.288 0.017509561034050422
0 0.7119999999999982 0.7500000000000073 0.10416666515224278 0.017509561034050422
1 0.656 0.04799999999999272 0.688 0.016050430947871064
0 0.31199999999999817 0.04799999999999272 0.1458333312131399 0.016050430947871064
1 0.872 0.007999999999992725 0.256 0.011673040689362096
0 0.7439999999999982 0.007999999999992725 0.1458333312131399 0.011673040689362096
1 0.11569971316599004 0.22599999999999273 0.23139942633198007 0.011673040689362096
1 0.2082995295860128 0.278 0.2725990591720256 0.010213910603197292
0 0.072 0.278 0.12499999818269135 0.010213910603197292