1 0.20214367322838006 0.2500000000000009 0.3402873464567601 0.07149737422236467
0 0.032 0.2500000000000009 0.020833333030448556 0.07149737422236467
1 0.27126911255212555 0.5280000000000009 0.5025382251042511 0.03355999198192694
0 0.025624999772836644 0.5280000000000009 0.05124999954567329 0.03355999198192694
1 0.797 0.398 0.406 0.0306417318095846
0 0.5940000000000004 0.398 0.3958333275785253 0.0306417318095846
1 0.4624652460400339 0.4580000000000009 0.23293049208006777 0.0175095610340486
0 0.346 0.4580000000000009 0.062499999091345675 0.0175095610340486
1 0.96 0.296 0.08 0.01605043094787834
0 0.9200000000000005 0.296 0.1041666651522437 0.01605043094787834
1 0.24713950812736357 0.408 0.36627901625472714 0.01605043094787834
0 0.06845833280328498 0.408 0.13691666560656995 0.01605043094787834
1 0.08526241313532591 0.416 0.17052482627065182 0.01605043094787834
1 0.4311789311484881 0.372 0.23435786229697625 0.014591300861706258
0 0.31399999999999956 0.372 0.18749999727403793 0.014591300861706258
1 0.031452994183360033 0.682 0.06290598836672007 0.014591300861706258
1 0.08161803916585268 0.722 0.14323607833170535 0.011673040689365734
0 0.025833333030448557 0.722 0.051666666060897114 0.011673040689365734
1 0.873 0.36600000000000094 0.254 0.010213910603195472
0 0.7460000000000004 0.36600000000000094 0.08333333212179514 0.010213910603195472
1 0.808 0.2779999999999991 0.384 0.008754780517023391
0 0.616 0.2779999999999991 0.04166666606089711 0.008754780517023391
1 0.4873955402414458 0.6119999999999991 0.3067910804828916 0.008754780517023391
0 0.334 0.6119999999999991 0.062499999091345675 0.008754780517023391
1 0.44759348531083243 0.30200000000000093 0.22718697062166485 0.005836520344682867
0 0.334 0.30200000000000093 0.04166666606089711 0.005836520344682867