1 0.13008801333249903 0.78 0.26017602666499806 0.030641731809591875
1 0.5019988786790945 0.67 0.6319977573581891 0.023346081378724192
0 0.186 0.67 0.12499999818269135 0.023346081378724192
1 0.5058414359555335 0.3140000000000073 0.4876828719110672 0.017509561034050422
0 0.2619999999999982 0.3140000000000073 0.18749999727403702 0.017509561034050422
1 0.2004514965645685 0.27199999999999275 0.16090299312913703 0.011673040689362096
0 0.11999999999999818 0.27199999999999275 0.1458333312131399 0.011673040689362096
1 0.2943506678167978 0.2839999999999927 0.5887013356335956 0.011673040689362096
1 0.22056130493970522 0.35 0.44112260987941043 0.010213910603197292
1 0.517744280121542 0.544 0.16348856024308406 0.008754780517017934
0 0.43599999999999817 0.544 0.062499999091345675 0.008754780517017934