1 0.11641470670967646 0.7559999999999927 0.23282941341935293 0.021886951292559388
1 0.3615612862798298 0.842 0.6071225725596596 0.020427821206394584
0 0.07587499931850834 0.842 0.1517499986370167 0.020427821206394584
1 0.687 0.612 0.626 0.018968691120215226
0 0.374 0.612 0.2499999963653827 0.018968691120215226
1 0.30648431136106774 0.030000000000007274 0.4289686227221355 0.017509561034050422
0 0.092 0.030000000000007274 0.16666666424358845 0.017509561034050422
1 0.6203111853663995 0.6640000000000073 0.32062237073279903 0.017509561034050422
0 0.4599999999999982 0.6640000000000073 0.1458333312131399 0.017509561034050422
1 0.1676720534861488 0.7680000000000072 0.3353441069722976 0.017509561034050422
0 0.9761250006814899 0.272 0.04774999863702033 0.014591300861706258
1 0.2222247825564682 0.004283042693889002 0.2844495651129364 0.008566085387778003
0 0.08 0.004283042693889002 0.12499999818269135 0.008566085387778003
1 0.07034136245171976 0.7420000000000073 0.14068272490343953 0.013132170775541454
1 0.8830713815774434 0.14 0.15414276315488679 0.008754780517017934
0 0.8059999999999982 0.14 0.10416666515224278 0.008754780517017934
1 0.6650904266562938 0.662 0.3221808533125877 0.002