1 0.89 0.4480000000000036 0.22 0.03355999198192876
0 0.7799999999999981 0.4480000000000036 0.22916666333493413 0.03355999198192876
1 0.82 0.94 0.36 0.029182601723412516
0 0.6399999999999981 0.94 0.10416666515224278 0.029182601723412516
1 0.14388244719419163 0.4400000000000036 0.28776489438838326 0.023346081378731467
0 0.014083332576121392 0.4400000000000036 0.028166665152242785 0.023346081378731467
1 0.4650779679802254 0.3719999999999964 0.13015593596045075 0.020427821206387305
0 0.3999999999999982 0.3719999999999964 0.020833333030448556 0.020427821206387305
1 0.12501656877265122 0.6000000000000036 0.25003313754530243 0.0189686911202225
1 0.40318122556406527 0.8540000000000036 0.3943624511281305 0.0189686911202225
0 0.20599999999999818 0.8540000000000036 0.1458333312131399 0.0189686911202225
1 0.47667843604900734 0.228 0.38935687209801473 0.014591300861706258
0 0.2819999999999982 0.228 0.10416666515224278 0.014591300861706258
1 0.5755563387143374 0.31199999999999634 0.26311267742867495 0.013132170775534177
0 0.4439999999999982 0.31199999999999634 0.10416666515224278 0.013132170775534177
1 0.034307181955766285 0.33199999999999635 0.06861436391153257 0.013132170775534177
1 0.22044857021943062 0.9240000000000036 0.37689714043886124 0.008754780517025211
0 0.047249999545672834 0.9240000000000036 0.09449999909134567 0.008754780517025211
1 0.016526346177914094 0.464 0.03305269235582819 0.007295650430853129