1 0.657 0.04 0.686 0.0306417318095846
0 0.31400000000000183 0.04 0.37499999454807764 0.0306417318095846
1 0.3730697539468074 0.05 0.6821395078936148 0.0306417318095846
0 0.094124998864183 0.05 0.188249997728366 0.0306417318095846
1 0.744 0.6040000000000019 0.512 0.027723471637244073
0 0.4880000000000018 0.6040000000000019 0.33333332848718056 0.027723471637244073
1 0.906 0.728 0.188 0.02480521146490355
0 0.8119999999999982 0.728 0.1458333312131399 0.02480521146490355
1 0.6804602966233543 0.0036478252154265645 0.12492059324670846 0.007295650430853129
0 0.6179999999999982 0.0036478252154265645 0.10416666515224278 0.007295650430853129
1 0.658257892639218 0.014 0.12451578527843594 0.014591300861706258
0 0.5959999999999982 0.014 0.10416666515224278 0.014591300861706258
1 0.754 0.032 0.492 0.014591300861706258
0 0.508 0.032 0.08333333212179422 0.014591300861706258
1 0.5370085118104052 0.452 0.3580170236208105 0.014591300861706258
0 0.3579999999999982 0.452 0.062499999091345675 0.014591300861706258
1 0.792 0.52 0.416 0.014591300861706258
0 0.584 0.52 0.16666666424358845 0.014591300861706258
1 0.18781409657324913 0.966 0.24762819314649823 0.014591300861706258
0 0.06399999999999818 0.966 0.10416666515224278 0.014591300861706258
1 0.04181082751669964 0.6180000000000018 0.08362165503339929 0.013132170775537815