1 0.692 0.40400000000000363 0.616 0.055446943274488146
0 0.3839999999999982 0.40400000000000363 0.18749999727403702 0.055446943274488146
1 0.811 0.344 0.378 0.05398781318831607
0 0.6220000000000018 0.344 0.33333332848718056 0.05398781318831607
1 0.12384491459634955 0.31999999999999634 0.2476898291926991 0.0423147724989467
1 0.2680819270092907 0.508 0.5361638540185814 0.03210086189575668
0 0.022083332576121394 0.508 0.04416666515224279 0.03210086189575668
1 0.3396417144995867 0.8059999999999964 0.6032834289991733 0.0306417318095846
0 0.05545833280328406 0.8059999999999964 0.11091666560656813 0.0306417318095846
1 0.844 0.8720000000000037 0.312 0.02626434155107563
0 0.688 0.8720000000000037 0.20833333030448556 0.02626434155107563
1 0.688376504808004 0.22800000000000364 0.45675300961600807 0.023346081378731467
0 0.46 0.22800000000000364 0.2499999963653827 0.023346081378731467
1 0.38782350646310076 0.296 0.43964701292620156 0.021886951292559388
0 0.16799999999999818 0.296 0.18749999727403702 0.021886951292559388
1 0.5605820803615134 0.44999999999999635 0.15716416072302672 0.020427821206387305
0 0.482 0.44999999999999635 0.20833333030448556 0.020427821206387305
0 0.9657083341662656 0.126 0.06858333166746888 0.017509561034050422
1 0.3236089068190413 0.6780000000000036 0.46321781363808257 0.01605043094787834
0 0.09199999999999818 0.6780000000000036 0.10416666515224278 0.01605043094787834
1 0.195206190700952 0.15799999999999637 0.390412381401904 0.013132170775534177
1 0.806 0.5879999999999964 0.388 0.013132170775534177
0 0.612 0.5879999999999964 0.12499999818269135 0.013132170775534177
1 0.3206728394199472 0.562 0.6093456788398944 0.010213910603197292
0 0.039249999545672834 0.562 0.07849999909134567 0.010213910603197292
1 0.3734499988878033 0.5260000000000037 0.7468999977756066 0.008754780517025211
0 0.028249999545672835 0.5260000000000037 0.05649999909134567 0.008754780517025211
1 0.10298223126280028 0.648 0.15396446252560053 0.007295650430853129
0 0.02862499977283551 0.648 0.05724999954567102 0.007295650430853129