1 0.639 0.042 0.722 0.05982433353300439
0 0.2780000000000009 0.042 0.27083332939583304 0.05982433353300439
1 0.948 0.23400000000000729 0.104 0.046692162757462935
0 0.8230000018173077 0.23400000000000729 0.3539999963653845 0.046692162757462935
1 0.03167925534212372 0.3360000000000073 0.06335851068424744 0.03210086189575668
1 0.31610088928795904 0.21200000000000727 0.6322017785759181 0.027723471637247712
1 0.23989965355127696 0.3019999999999927 0.4797993071025539 0.026264341551068354
0 0.028666666060898023 0.3019999999999927 0.057333332121796046 0.026264341551068354
1 0.6275979828977079 0.3019999999999927 0.17919596579541575 0.026264341551068354
0 0.5380000000000009 0.3019999999999927 0.27083332939583304 0.026264341551068354
1 0.866 0.018 0.268 0.023346081378724192
0 0.7319999999999991 0.018 0.35416666151762727 0.023346081378724192
1 0.22264054338210826 0.104 0.17328108676421652 0.020427821206394584
0 0.1360000000000009 0.104 0.22916666333493596 0.020427821206394584
1 0.32073645771651355 0.18 0.1734729154330271 0.018968691120215226
0 0.234 0.18 0.10416666515224278 0.018968691120215226
1 0.18909195039019777 0.8059999999999927 0.17018390078039555 0.016050430947871064
0 0.104 0.8059999999999927 0.08333333212179422 0.016050430947871064
1 0.8162352923641228 0.8819999999999927 0.3604705847282457 0.016050430947871064
0 0.6360000000000009 0.8819999999999927 0.18749999727403882 0.016050430947871064
1 0.3643488017711206 0.3340000000000073 0.17269760354224126 0.013132170775541454
0 0.2780000000000009 0.3340000000000073 0.1458333312131417 0.013132170775541454
1 0.5068962656693593 0.5539999999999927 0.1777925313387186 0.011673040689362096
0 0.4180000000000009 0.5539999999999927 0.1458333312131417 0.011673040689362096
1 0.986 0.268 0.028 0.008754780517017934
0 0.9599583337119393 0.268 0.0800833325761214 0.008754780517017934
1 0.709 0.274 0.582 0.005836520344688324
0 0.418 0.274 0.062499999091345675 0.005836520344688324