1 0.7671997970376251 0.1500000000000001 0.3343995940752502 0.023346081378731242
0 0.5999999999999982 0.1500000000000001 0.18749999727403702 0.023346081378731242
1 0.1030760215741102 0.6539999999999999 0.2061520431482204 0.014591300861706942
1 0.958 0.7839999999999999 0.084 0.013132170775536224
0 0.916 0.7839999999999999 0.12499999818269135 0.013132170775536224
1 0.4953855579350893 0.08599999999999988 0.4827711158701786 0.011673040689365506
0 0.254 0.08599999999999988 0.08333333212179422 0.011673040689365506
1 0.613732895005096 0.16999999999999987 0.327465790010192 0.011673040689365506
0 0.4499999999999982 0.16999999999999987 0.10416666515224278 0.011673040689365506
1 0.703 0.05399999999999989 0.594 0.01021391060319479
0 0.406 0.05399999999999989 0.12499999818269135 0.01021391060319479