1 0.967 0.798 0.066 0.04815129284362774
0 0.934 0.798 0.020833333030448556 0.04815129284362774
1 0.842 0.6159999999999928 0.316 0.026264341551068354
0 0.684 0.6159999999999928 0.020833333030448556 0.026264341551068354
1 0.3997985311441537 0.506 0.29959706228830735 0.018968691120215226
0 0.25 0.506 0.16666666424358936 0.018968691120215226
1 0.924 0.544 0.152 0.018968691120215226
0 0.848 0.544 0.14583333121314082 0.018968691120215226
1 0.7178376190990478 0.5640000000000073 0.32767523819809546 0.017509561034050422
0 0.554 0.5640000000000073 0.14583333121314082 0.017509561034050422
1 0.7698731748257645 0.9859999999999928 0.3237463496515288 0.016050430947871064
0 0.608 0.9859999999999928 0.12499999818269225 0.016050430947871064
1 0.4734815380144294 0.522 0.18696307602885873 0.010213910603197292
0 0.3800000000000002 0.522 0.062499999091346126 0.010213910603197292
1 0.3970325002622406 0.45599999999999274 0.1820650005244811 0.007295650430853129
0 0.3060000000000002 0.45599999999999274 0.062499999091346126 0.007295650430853129
1 0.831098262911767 0.5059999999999927 0.2061965258235341 0.007295650430853129
0 0.7279999999999998 0.5059999999999927 0.08333333212179468 0.007295650430853129
1 0.2527216150401646 0.6139999999999928 0.2854432300803292 0.007295650430853129
0 0.10999999999999978 0.6139999999999928 0.08333333212179468 0.007295650430853129