1 0.963 0.914 0.074 0.05106955301597191
0 0.9109166674238786 0.914 0.17816666515224278 0.05106955301597191
1 0.903 0.222 0.194 0.03210086189575668
0 0.8059999999999982 0.222 0.22916666333493413 0.03210086189575668
1 0.21746749450216885 0.7759999999999964 0.2949349890043377 0.0306417318095846
0 0.08708333257612139 0.7759999999999964 0.17416666515224277 0.0306417318095846
1 0.6293097259263268 0.24600000000000363 0.6866194518526536 0.02626434155107563
0 0.2859999999999982 0.24600000000000363 0.27083332939583127 0.02626434155107563
1 0.23678294080041998 0.9440000000000036 0.2895658816008399 0.023346081378731467
0 0.11891666560657177 0.9440000000000036 0.23783333121314354 0.023346081378731467
1 0.79 0.77 0.42 0.021886951292559388
0 0.5800000000000018 0.77 0.2916666624262834 0.021886951292559388
1 0.027204333302421217 0.06599999999999637 0.054408666604842434 0.020427821206387305
1 0.779 0.7100000000000036 0.442 0.0189686911202225
0 0.5579999999999982 0.7100000000000036 0.10416666515224278 0.0189686911202225
1 0.08131133784183657 0.8500000000000036 0.16262267568367314 0.01605043094787834
1 0.2917017128301995 0.18400000000000363 0.3354034256603991 0.008754780517025211
0 0.124 0.18400000000000363 0.08333333212179422 0.008754780517025211
1 0.99 0.074 0.02 0.007295650430853129
0 0.9639583337119384 0.074 0.07208333257612322 0.007295650430853129
0 0.9647500004543271 0.372 0.07049999909134567 0.007295650430853129
1 0.5169203348527935 0.6079999999999963 0.15784066970558705 0.005836520344681048
0 0.43799999999999817 0.6079999999999963 0.062499999091345675 0.005836520344681048