1 0.17874506121106606 0.13399999999999637 0.09349012242213212 0.0306417318095846
0 0.13200000000000092 0.13399999999999637 0.1458333312131417 0.0306417318095846
1 0.12386303854556627 0.3719999999999964 0.24772607709113253 0.0306417318095846
0 0.020666666060898023 0.3719999999999964 0.041333332121796046 0.0306417318095846
1 0.7076401276958041 0.42800000000000366 0.2192802553916081 0.023346081378731467
0 0.598 0.42800000000000366 0.16666666424358845 0.023346081378731467
1 0.962 0.28600000000000364 0.076 0.0189686911202225
0 0.8942916676510413 0.28600000000000364 0.21141666469791745 0.0189686911202225
1 0.7938008819411844 0.338 0.21560176388236868 0.017509561034050422
0 0.6859999999999982 0.338 0.10416666515224278 0.017509561034050422
1 0.4039526262295749 0.498 0.4119052524591498 0.017509561034050422
0 0.1980000000000009 0.498 0.2083333303044874 0.017509561034050422
1 0.6976814700544673 0.7200000000000036 0.1113629401089347 0.01605043094787834
0 0.6419999999999981 0.7200000000000036 0.10416666515224278 0.01605043094787834