1 0.12321660634253204 0.76 0.24643321268506407 0.0612834636191692
1 0.611 0.5140000000000009 0.778 0.03647825215426746
0 0.2220000000000018 0.5140000000000009 0.2916666624262834 0.03647825215426746
0 0.9657083341662656 0.01366043295239615 0.06858333166746888 0.0273208659047923
1 0.12776096025379594 0.6380000000000009 0.25552192050759187 0.029182601723414338
1 0.784 0.284 0.432 0.026264341551071994
0 0.568 0.284 0.08333333212179422 0.026264341551071994
1 0.2032563190529527 0.7440000000000009 0.4065126381059054 0.021886951292561206
1 0.7631786964305284 0.1659999999999991 0.15035739286105673 0.020427821206389127
0 0.6879999999999982 0.1659999999999991 0.1458333312131399 0.020427821206389127
1 0.968 0.9908930446984022 0.064 0.018213910603195473
0 0.9211250006814898 0.9908930446984022 0.15774999863702033 0.018213910603195473
0 0.9385000009086544 0.358 0.12299999818269135 0.018968691120218865
1 0.6246439679076193 0.436 0.4572879358152386 0.01605043094787834
0 0.3959999999999982 0.436 0.1458333312131399 0.01605043094787834
1 0.3817563941694552 0.046 0.4275127883389105 0.014591300861706258
0 0.168 0.046 0.12499999818269135 0.014591300861706258
1 0.947 0.596 0.106 0.014591300861706258
0 0.8939999999999981 0.596 0.1458333312131399 0.014591300861706258
1 0.504579407878664 0.988 0.48115881575732783 0.014591300861706258
0 0.264 0.988 0.20833333030448556 0.014591300861706258
1 0.1403674986783826 0.6359999999999991 0.2807349973567652 0.013132170775535997
0 0.006833333030448557 0.6359999999999991 0.013666666060897115 0.013132170775535997
1 0.5773758840626869 0.114 0.14675176812537394 0.011673040689365734
0 0.5039999999999982 0.114 0.1458333312131399 0.011673040689365734
1 0.779 0.398 0.442 0.011673040689365734
0 0.558 0.398 0.12499999818269135 0.011673040689365734
1 0.13120667114279785 0.42 0.2624133422855957 0.011673040689365734
0 0.012041666288059787 0.42 0.024083332576119575 0.011673040689365734
1 0.903 0.784 0.194 0.011673040689365734
0 0.806 0.784 0.08333333212179422 0.011673040689365734
1 0.725 0.2520000000000009 0.55 0.010213910603195472
0 0.45 0.2520000000000009 0.12499999818269135 0.010213910603195472
1 0.99 0.42200000000000093 0.02 0.010213910603195472
0 0.9535416671967141 0.42200000000000093 0.09291666560657177 0.010213910603195472
1 0.11688579254527212 0.9260000000000009 0.23377158509054424 0.010213910603195472
1 0.547807984852725 0.4579999999999991 0.15561596970544997 0.008754780517023391
0 0.4699999999999982 0.4579999999999991 0.10416666515224278 0.008754780517023391
1 0.914 0.692000000000001 0.172 0.005836520344682867
0 0.8279999999999982 0.692000000000001 0.062499999091345675 0.005836520344682867
1 0.4873730415351802 0.258 0.7067460830703604 0.002918260172340524