1 0.721 0.36600000000000726 0.558 0.03210086189575668
0 0.442 0.36600000000000726 0.12499999818269135 0.03210086189575668
1 0.78 0.6180000000000073 0.44 0.03210086189575668
0 0.5600000000000009 0.6180000000000073 0.29166666242628164 0.03210086189575668
1 0.948 0.6260000000000073 0.104 0.027723471637247712
0 0.8542500013629806 0.6260000000000073 0.29149999727403886 0.027723471637247712
1 0.889 0.8720000000000073 0.222 0.027723471637247712
0 0.7780000000000009 0.8720000000000073 0.16666666424359028 0.027723471637247712
1 0.5920776236759812 0.288 0.5401552473519623 0.02480521146490355
0 0.3220000000000009 0.288 0.2083333303044874 0.02480521146490355
1 0.7162643249234852 0.016 0.37652864984697043 0.023346081378724192
0 0.528 0.016 0.12499999818269135 0.023346081378724192
1 0.22438736283528943 0.242 0.43277472567057884 0.023346081378724192
0 0.06649999909134659 0.242 0.13299999818269317 0.023346081378724192
1 0.5357260488487445 0.866 0.25545209769748906 0.023346081378724192
0 0.4080000000000009 0.866 0.1458333312131417 0.023346081378724192
1 0.965 0.8359999999999927 0.07 0.021886951292559388
0 0.9077083341662665 0.8359999999999927 0.18458333166746707 0.021886951292559388
1 0.905 0.04 0.19 0.020427821206394584
0 0.81 0.04 0.12499999818269135 0.020427821206394584
0 0.976541667196715 0.11 0.04691666560656995 0.018968691120215226
1 0.877344156740437 0.6439999999999927 0.22268831348087406 0.016050430947871064
0 0.7660000000000009 0.6439999999999927 0.1458333312131417 0.016050430947871064
1 0.5646077223007242 0.09 0.2892154446014483 0.014591300861706258
0 0.42000000000000093 0.09 0.1458333312131417 0.014591300861706258
1 0.4366222548520027 0.99 0.2292445097040054 0.014591300861706258
0 0.322 0.99 0.10416666515224278 0.014591300861706258
0 0.9711666669695515 0.6399999999999927 0.05766666606089711 0.011673040689362096