1 0.851 0.82 0.298 0.049610422929803465
0 0.702 0.82 0.2499999963653827 0.049610422929803465
1 0.11180506571350088 0.24999999999999956 0.22361013142700176 0.046692162757462026
0 0.034291665833732624 0.24999999999999956 0.06858333166746525 0.046692162757462026
0 0.9292916676510413 0.8320000000000004 0.14141666469791744 0.03210086189575577
1 0.964 0.8480000000000004 0.072 0.03210086189575577
0 0.8962916676510413 0.8480000000000004 0.20741666469791745 0.03210086189575577
1 0.41082542058830585 0.142 0.4176508411766117 0.023346081378731467
0 0.20199999999999818 0.142 0.1458333312131399 0.023346081378731467
1 0.894 0.234 0.212 0.023346081378731467
0 0.788 0.234 0.16666666424358845 0.023346081378731467
1 0.6361535456272067 0.956 0.28030709125441355 0.0175095610340486
0 0.496 0.956 0.16666666424358845 0.0175095610340486
1 0.053654185403887826 0.6940000000000005 0.10730837080777565 0.014591300861707169
1 0.7653332921253004 0.7420000000000004 0.43066658425060084 0.014591300861707169
0 0.55 0.7420000000000004 0.20833333030448556 0.014591300861707169
1 0.932 0.796 0.136 0.011673040689365734
0 0.8639999999999982 0.796 0.10416666515224278 0.011673040689365734
1 0.4137749128208179 0.9990817398276586 0.2715498256416358 0.0018365203446828672
0 0.278 0.9990817398276586 0.12499999818269135 0.0018365203446828672
1 0.9170151114387736 0.3339999999999995 0.1500302228775472 0.010213910603194563
0 0.842 0.3339999999999995 0.12499999818269135 0.010213910603194563
1 0.5938240523647837 0.7299999999999995 0.2836481047295674 0.010213910603194563
0 0.452 0.7299999999999995 0.08333333212179422 0.010213910603194563
1 0.14627360517090165 0.0021886951292563028 0.2765472103418033 0.0043773902585126055
0 0.03524999954567284 0.0021886951292563028 0.07049999909134567 0.0043773902585126055
1 0.021818208769715058 0.7180000000000004 0.043636417539430115 0.0087547805170243
1 0.8508405455792654 0.104 0.29768109115853075 0.007295650430853129
0 0.7019999999999982 0.104 0.062499999091345675 0.007295650430853129
1 0.9065418730887759 0.562 0.1490837461775518 0.007295650430853129
0 0.8319999999999982 0.562 0.10416666515224278 0.007295650430853129