1 0.6953482666335414 0.06800000000000364 0.41069653326708294 0.04815129284363502
0 0.49 0.06800000000000364 0.14583333121314082 0.04815129284363502
1 0.902 0.18 0.196 0.017509561034050422
0 0.8040000000000003 0.18 0.18749999727403838 0.017509561034050422
1 0.16517559460773829 0.36800000000000366 0.33035118921547657 0.01605043094787834
1 0.7583749133287359 0.094 0.21274982665747166 0.014591300861706258
0 0.652 0.094 0.12499999818269225 0.014591300861706258
1 0.029620808510773713 0.462 0.05924161702154743 0.014591300861706258
1 0.1063450092128951 0.34399999999999636 0.2126900184257902 0.013132170775534177
1 0.06422878464441192 0.576 0.12845756928882385 0.011673040689362096
1 0.6851808535220193 0.352 0.19836170704403866 0.010213910603197292
0 0.5859999999999997 0.352 0.10416666515224324 0.010213910603197292
1 0.46782702755911715 0.884 0.1756540551182343 0.010213910603197292
0 0.3799999999999998 0.884 0.10416666515224324 0.010213910603197292
1 0.978 0.604 0.044 0.007295650430853129
0 0.9559999999999997 0.604 0.08333333212179468 0.007295650430853129
1 0.3930252523717229 0.754 0.1740505047434458 0.007295650430853129
0 0.3060000000000002 0.754 0.062499999091346126 0.007295650430853129
1 0.5062212326315093 0.99 0.12044246526301867 0.007295650430853129
1 0.983 0.432 0.034 0.002918260172344162
1 0.4722264894578309 0.512 0.18445297891566179 0.002918260172344162