1 0.803 0.24 0.394 0.06857911405002233
0 0.606 0.24 0.062499999091345675 0.06857911405002233
1 0.49645354751175 0.284 0.3009070950235 0.05398781318831607
0 0.3460000000000009 0.284 0.16666666424359028 0.05398781318831607
1 0.30104218835899155 0.42200000000000365 0.6020843767179831 0.02626434155107563
1 0.45284105175656075 0.19200000000000364 0.14968210351312156 0.023346081378731467
0 0.378 0.19200000000000364 0.062499999091345675 0.023346081378731467
1 0.7051767427491441 0.38 0.45835348549828814 0.021886951292559388
0 0.476 0.38 0.020833333030448556 0.021886951292559388
1 0.17312262644079054 0.924 0.3462452528815811 0.018968691120215226
0 0.9401250006814907 0.20400000000000365 0.1197499986370185 0.01605043094787834
1 0.049379272421650515 0.29800000000000365 0.09875854484330103 0.01605043094787834
0 0.030083332576121394 0.29800000000000365 0.06016666515224279 0.01605043094787834
1 0.922 0.298 0.156 0.014591300861706258
0 0.8440000000000009 0.298 0.18749999727403882 0.014591300861706258
1 0.048289749512803154 0.4 0.09657949902560631 0.014591300861706258
1 0.08851470422655303 0.38999999999999635 0.17702940845310605 0.013132170775534177
1 0.37431679876782525 0.8620000000000073 0.6206335975356505 0.013132170775541454
0 0.06400000000000046 0.8620000000000073 0.08333333212179514 0.013132170775541454
0 0.9769583337119393 0.5639999999999927 0.04608333257612139 0.011673040689362096
1 0.7312146827078577 0.826 0.16642936541571543 0.010213910603197292
0 0.648 0.826 0.04166666606089711 0.010213910603197292
1 0.23566633835545872 0.42 0.47133267671091744 0.007295650430853129
1 0.808 0.9759999999999928 0.384 0.007295650430853129
0 0.616 0.9759999999999928 0.08333333212179422 0.007295650430853129