1 0.577671044561939 0.06599999999999272 0.17534208912387794 0.026264341551068354
0 0.49 0.06599999999999272 0.2499999963653845 0.026264341551068354
1 0.907 0.21399999999999272 0.186 0.021886951292559388
0 0.8139999999999997 0.21399999999999272 0.10416666515224324 0.021886951292559388
1 0.18306940716886744 0.09000000000000728 0.3661388143377349 0.017509561034050422
0 0.02666666606089734 0.09000000000000728 0.05333333212179468 0.017509561034050422
1 0.4588126005084446 0.14799999999999272 0.32962520101688914 0.016050430947871064
0 0.2940000000000002 0.14799999999999272 0.18749999727403838 0.016050430947871064
1 0.24088315003421484 0.19599999999999274 0.1537663000684297 0.016050430947871064
0 0.164 0.19599999999999274 0.14583333121314082 0.016050430947871064
1 0.13733673803482066 0.005647825215426565 0.20667347606964132 0.01129565043085313
0 0.048249999545673064 0.005647825215426565 0.09649999909134613 0.01129565043085313
1 0.026721764480962293 0.3140000000000073 0.053443528961924586 0.013132170775541454