1 0.48287385988644294 0.1319999999999991 0.25774771977288585 0.020427821206389127
0 0.3540000000000009 0.1319999999999991 0.2083333303044874 0.020427821206389127
1 0.2817602593808497 0.6199999999999991 0.19952051876169935 0.020427821206389127
0 0.182 0.6199999999999991 0.08333333212179422 0.020427821206389127
1 0.46245090279970374 0.671999999999999 0.4089018055994075 0.020427821206389127
0 0.2580000000000009 0.671999999999999 0.1458333312131417 0.020427821206389127
0 0.9819583337119393 0.032 0.03608333257612139 0.018968691120218865
1 0.3961039998997503 0.884 0.2762079997995006 0.018968691120218865
0 0.2580000000000009 0.884 0.22916666333493596 0.018968691120218865
1 0.3154691603049423 0.898 0.13893832060988462 0.018968691120218865
0 0.2460000000000009 0.898 0.1458333312131417 0.018968691120218865
1 0.22344667767762985 0.0013773902585126052 0.3028933553552597 0.0027547805170252105
0 0.072 0.0013773902585126052 0.04166666606089711 0.0027547805170252105
1 0.9 0.3900000000000009 0.2 0.0175095610340486
0 0.8 0.3900000000000009 0.12499999818269135 0.0175095610340486
1 0.39563413912546913 0.4340000000000009 0.47126827825093826 0.0175095610340486
0 0.16 0.4340000000000009 0.08333333212179422 0.0175095610340486
1 0.7870291870138107 0.8000000000000009 0.30205837402762153 0.0175095610340486
0 0.6360000000000009 0.8000000000000009 0.16666666424359028 0.0175095610340486
1 0.7525072923241478 0.0020126077369695848 0.2770145846482956 0.0040252154739391695
0 0.6140000000000009 0.0020126077369695848 0.16666666424359028 0.0040252154739391695
1 0.4268654474922023 0.024 0.3177308949844046 0.01605043094787834
0 0.268 0.024 0.12499999818269135 0.01605043094787834
1 0.5214052667257875 0.424 0.35481053345157487 0.01605043094787834
0 0.344 0.424 0.12499999818269135 0.01605043094787834
1 0.856 0.868 0.288 0.01605043094787834
0 0.712 0.868 0.10416666515224278 0.01605043094787834
0 0.9883333339391028 0.38 0.02333333212179423 0.014591300861706258
1 0.6564125989904042 0.448 0.3648251979808083 0.014591300861706258
0 0.474 0.448 0.08333333212179422 0.014591300861706258
1 0.047565214543128606 0.616 0.09513042908625721 0.014591300861706258
1 0.16873069605108412 0.8400000000000009 0.32146139210216823 0.005836520344682867
0 0.024833333030448556 0.8400000000000009 0.04966666606089711 0.005836520344682867
1 0.08317884564127598 0.316 0.16635769128255196 0.0043773902585126055
0 0.003624999772836418 0.316 0.007249999545672836 0.0043773902585126055