1 0.19000618519732415 0.6979999999999927 0.3800123703946483 0.04085564241277461
1 0.944 0.5339999999999927 0.112 0.036478252154265645
0 0.888 0.5339999999999927 0.062499999091345675 0.036478252154265645
0 0.9310416681053685 0.184 0.13791666378926312 0.033559991981921486
1 0.906 0.4380000000000073 0.188 0.03210086189575668
0 0.8120000000000009 0.4380000000000073 0.18749999727403882 0.03210086189575668
0 0.9883333339391028 0.8800000000000072 0.02333333212179423 0.03210086189575668
0 0.9403333339391029 0.954 0.11933333212179423 0.029182601723412516
1 0.3252909445689984 0.148 0.6505818891379967 0.02480521146490355
1 0.814 0.12 0.372 0.018968691120215226
0 0.6280000000000009 0.12 0.2083333303044874 0.018968691120215226
1 0.7281052733105399 0.45 0.4402105466210796 0.018968691120215226
0 0.508 0.45 0.08333333212179422 0.018968691120215226
1 0.6590015221132453 0.8220000000000073 0.1500030442264906 0.017509561034050422
0 0.584 0.8220000000000073 0.020833333030448556 0.017509561034050422
1 0.4680093625685986 0.8460000000000073 0.5720187251371972 0.017509561034050422
0 0.18199999999999955 0.8460000000000073 0.18749999727403793 0.017509561034050422
1 0.814 0.22399999999999273 0.372 0.016050430947871064
0 0.628 0.22399999999999273 0.020833333030448556 0.016050430947871064
1 0.976 0.242 0.048 0.014591300861706258
0 0.9343333339391029 0.242 0.13133333212179424 0.014591300861706258
1 0.7857355756776943 0.6220000000000073 0.29547115135538843 0.013132170775541454
0 0.6380000000000009 0.6220000000000073 0.1458333312131417 0.013132170775541454
1 0.08228883798665948 0.7200000000000073 0.16457767597331896 0.013132170775541454
1 0.0805242038371348 0.3019999999999927 0.1610484076742696 0.011673040689362096
1 0.6218959459407297 0.7999999999999927 0.7277918918814594 0.011673040689362096
0 0.258 0.7999999999999927 0.08333333212179422 0.011673040689362096
1 0.852 0.082 0.296 0.010213910603197292
0 0.704 0.082 0.08333333212179422 0.010213910603197292
1 0.5272358926694287 0.15 0.14647178533885744 0.008754780517017934
0 0.454 0.15 0.12499999818269135 0.008754780517017934
1 0.32363510630899145 0.7899999999999927 0.6472702126179829 0.007295650430853129