1 0.835 0.096 0.33 0.03210086189575668
0 0.6700000000000005 0.096 0.14583333121314082 0.03210086189575668
0 0.9420000000000005 0.534 0.1041666651522437 0.029182601723412516
1 0.841 0.11200000000000182 0.318 0.020427821206390945
0 0.6819999999999995 0.11200000000000182 0.16666666424358936 0.020427821206390945
1 0.7725444628987856 0.54 0.1610889257975714 0.01605043094787834
0 0.6920000000000005 0.54 0.1041666651522437 0.01605043094787834
1 0.5979525186984861 0.494 0.15590503739697215 0.008754780517025211
0 0.5200000000000005 0.494 0.1041666651522437 0.008754780517025211
1 0.2497113454867931 0.49 0.2834226909735862 0.007295650430853129
0 0.10799999999999978 0.49 0.08333333212179468 0.007295650430853129
1 0.21631927325012112 0.198 0.28463854650024223 0.005836520344681048
0 0.07399999999999977 0.198 0.10416666515224324 0.005836520344681048
1 0.6393747121532419 0.6640000000000018 0.3067494243064839 0.0043773902585126055