1 0.6414764429286892 0.19199999999999637 0.3189528858573785 0.035019122068093565
0 0.48200000000000043 0.19199999999999637 0.1041666651522437 0.035019122068093565
1 0.10915690618953386 0.34 0.21831381237906772 0.02480521146490355
0 0.031708332348958264 0.34 0.06341666469791653 0.02480521146490355
1 0.963 0.3920000000000036 0.074 0.023346081378731467
0 0.926 0.3920000000000036 0.062499999091345675 0.023346081378731467
1 0.045501807206934246 0.908 0.09100361441386849 0.011673040689362096
0 0.9911666669695515 0.524 0.017666666060897115 0.010213910603197292
1 0.7023200246753608 0.9964465223492007 0.11664004935072171 0.007106955301598646
0 0.6440000000000005 0.9964465223492007 0.08333333212179514 0.007106955301598646
1 0.607453783734003 0.7100000000000036 0.23090756746800617 0.008754780517025211
0 0.49200000000000044 0.7100000000000036 0.1041666651522437 0.008754780517025211