1 0.05439567512166741 0.44 0.10879135024333482 0.023346081378731467
1 0.952 0.192 0.096 0.021886951292559388
0 0.9040000000000005 0.192 0.12499999818269225 0.021886951292559388
1 0.941 0.4659999999999982 0.118 0.018968691120218865
0 0.882 0.4659999999999982 0.22916666333493596 0.018968691120218865
1 0.19264096371399955 0.8959999999999981 0.3852819274279991 0.017509561034046783
1 0.45952361379953666 0.6 0.21904722759907327 0.01605043094787834
0 0.34999999999999953 0.6 0.16666666424358936 0.01605043094787834
1 0.8582847200201245 0.592 0.232569440040249 0.014591300861706258
0 0.7420000000000004 0.592 0.1041666651522437 0.014591300861706258
1 0.957 0.786 0.086 0.014591300861706258
0 0.9140000000000005 0.786 0.08333333212179514 0.014591300861706258
1 0.13257884771067893 0.88 0.26515769542135786 0.014591300861706258
1 0.919 0.03000000000000182 0.162 0.013132170775537815
0 0.8379999999999995 0.03000000000000182 0.16666666424358936 0.013132170775537815
1 0.4800547974942015 0.7420000000000018 0.3241095949884029 0.013132170775537815
0 0.31800000000000045 0.7420000000000018 0.14583333121314082 0.013132170775537815
0 0.9903750002271636 0.2659999999999982 0.019249999545672837 0.010213910603193653
1 0.09988036229919726 0.372 0.19976072459839453 0.008754780517025211
1 0.48004962815814495 0.132 0.7560992563162899 0.007295650430853129
0 0.10200000000000045 0.132 0.08333333212179514 0.007295650430853129