1 0.5615950821901934 0.4659999999999995 0.3031901643803867 0.046692162757462026
0 0.41 0.4659999999999995 0.10416666515224278 0.046692162757462026
1 0.684 0.9794213068752624 0.632 0.04115738624947517
0 0.3679999999999991 0.9794213068752624 0.3124999954567302 0.04115738624947517
1 0.6193772194531166 0.15200000000000047 0.31075443890623317 0.020427821206390036
0 0.464 0.15200000000000047 0.10416666515224278 0.020427821206390036
1 0.1360554931650404 0.42600000000000043 0.2721109863300808 0.020427821206390036
1 0.14671780142578428 0.47 0.29343560285156856 0.018968691120218865
1 0.6169321056493428 0.506 0.45786421129868543 0.0175095610340486
0 0.388 0.506 0.062499999091345675 0.0175095610340486
1 0.938 0.584 0.124 0.0175095610340486
0 0.8760000000000009 0.584 0.22916666333493596 0.0175095610340486
1 0.1908876890287429 0.726 0.2777753780574858 0.0175095610340486
0 0.05724999954567329 0.726 0.11449999909134657 0.0175095610340486
1 0.06956083305931042 0.7019999999999995 0.13912166611862084 0.01605043094787743
1 0.590291771707156 0.7319999999999995 0.29258354341431186 0.01605043094787743
0 0.444 0.7319999999999995 0.10416666515224278 0.01605043094787743
1 0.14750064235090576 0.7639999999999996 0.29500128470181153 0.01605043094787743
0 0.9613333339391029 0.07600000000000046 0.07733333212179423 0.014591300861707169
1 0.971 0.38 0.058 0.013132170775535997
0 0.942 0.38 0.020833333030448556 0.013132170775535997
1 0.08983857346490276 0.136 0.17967714692980552 0.011673040689365734
1 0.37357845652726157 0.6979999999999995 0.1431569130545231 0.010213910603194563
0 0.302 0.6979999999999995 0.12499999818269135 0.010213910603194563