1 0.3664653643797174 0.2660000000000073 0.6129307287594347 0.03210086189575668
0 0.11854166537940637 0.2660000000000073 0.23708333075881274 0.03210086189575668
1 0.13574668689373265 0.698 0.2714933737874653 0.029182601723412516
1 0.35989889649205814 0.23200000000000728 0.47179779298411634 0.017509561034050422
0 0.124 0.23200000000000728 0.12499999818269135 0.017509561034050422
1 0.6466248163478604 0.10600000000000728 0.5892496326957207 0.013132170775541454
0 0.3520000000000009 0.10600000000000728 0.1458333312131417 0.013132170775541454
1 0.2786056579117221 0.5159999999999927 0.15721131582344425 0.011673040689362096
0 0.2 0.5159999999999927 0.10416666515224278 0.011673040689362096
1 0.12335950890591812 0.003553477650799323 0.24671901781183625 0.007106955301598646
1 0.898 0.056 0.204 0.008754780517017934
0 0.796 0.056 0.08333333212179422 0.008754780517017934
1 0.3927093833676445 0.458 0.08141876673528896 0.005836520344688324
0 0.352 0.458 0.062499999091345675 0.005836520344688324
1 0.17158879331742263 0.71 0.34317758663484527 0.005836520344688324
0 0.006833333030448557 0.71 0.013666666060897115 0.005836520344688324