1 0.23694736003208708 0.6999999999999998 0.47389472006417416 0.04377390258512082
0 0.03587499931850834 0.6999999999999998 0.07174999863701668 0.04377390258512082
1 0.5127697003813064 0.462 0.5055394007626128 0.0306417318095846
0 0.26 0.462 0.08333333212179422 0.0306417318095846
1 0.706 0.5640000000000002 0.588 0.01896869112021909
0 0.4119999999999982 0.5640000000000002 0.22916666333493413 0.01896869112021909
1 0.5126972803100452 0.043999999999999886 0.37739456062009047 0.01605043094787766
0 0.324 0.043999999999999886 0.12499999818269135 0.01605043094787766
1 0.8193028446323296 0.6039999999999999 0.2746056892646593 0.01605043094787766
0 0.682 0.6039999999999999 0.12499999818269135 0.01605043094787766
1 0.5947734839169789 0.12199999999999989 0.12954696783395775 0.011673040689365506
0 0.5299999999999981 0.12199999999999989 0.020833333030448556 0.011673040689365506
1 0.45213445676541597 0.17199999999999988 0.4922689135308319 0.01021391060319479
0 0.206 0.17199999999999988 0.12499999818269135 0.01021391060319479
1 0.955 0.9759999999999999 0.09 0.01021391060319479
0 0.91 0.9759999999999999 0.12499999818269135 0.01021391060319479
1 0.6031311180426437 0.03199999999999989 0.3822622360852874 0.008754780517024073
0 0.412 0.03199999999999989 0.08333333212179422 0.008754780517024073
1 0.08570591295765188 0.09799999999999989 0.17141182591530377 0.008754780517024073
1 0.5352373790225938 0.7979999999999999 0.13847475804518763 0.008754780517024073
0 0.466 0.7979999999999999 0.08333333212179422 0.008754780517024073