1 0.4675651864532883 0.5260000000000018 0.5511303729065766 0.0350191220680972
0 0.192 0.5260000000000018 0.3541666615176291 0.0350191220680972
1 0.5990903597847664 0.25 0.7061807195695328 0.021886951292559388
0 0.246 0.25 0.2499999963653827 0.021886951292559388
1 0.04599811464044615 0.7559999999999982 0.0919962292808923 0.018968691120218865
1 0.054517756189306966 0.48799999999999816 0.10903551237861393 0.017509561034046783
1 0.8520786459218307 0.5319999999999981 0.14815729184366136 0.017509561034046783
0 0.778 0.5319999999999981 0.16666666424358845 0.017509561034046783
1 0.1648905559233135 0.598 0.329781111846627 0.008754780517025211
1 0.6336891685034752 0.65 0.42737833700695044 0.008754780517025211
0 0.42 0.65 0.08333333212179422 0.008754780517025211
1 0.15332457089329363 0.646 0.2706491417865873 0.007295650430853129