1 0.972 0.526 0.056 0.05398781318831607
0 0.8938750011358174 0.526 0.2122499977283651 0.05398781318831607
1 0.4737994664918274 0.3240000000000073 0.5315989329836548 0.027723471637247712
0 0.208 0.3240000000000073 0.35416666151762727 0.027723471637247712
1 0.24530610534099742 0.192 0.49061221068199484 0.02480521146490355
1 0.2859451393732124 0.416 0.2638902787464249 0.023346081378724192
0 0.15400000000000044 0.416 0.12499999818269225 0.023346081378724192
1 0.06393847328867695 0.10799999999999273 0.1278769465773539 0.021886951292559388
1 0.712 0.4099999999999927 0.576 0.021886951292559388
0 0.42399999999999954 0.4099999999999927 0.16666666424358936 0.021886951292559388
1 0.4966470994890333 0.5279999999999927 0.5332941989780665 0.021886951292559388
0 0.23000000000000045 0.5279999999999927 0.12499999818269225 0.021886951292559388
1 0.09129461925441819 0.238 0.18258923850883638 0.020427821206394584
0 0.030708332348958266 0.238 0.06141666469791653 0.020427821206394584
1 0.03779461632209541 0.794 0.07558923264419082 0.020427821206394584
1 0.951 0.398 0.098 0.018968691120215226
0 0.893708334166266 0.398 0.21258333166746798 0.018968691120215226
1 0.09046048164027934 0.14799999999999272 0.18092096328055868 0.016050430947871064
1 0.5949182102721452 0.566 0.5378364205442904 0.014591300861706258
0 0.32600000000000046 0.566 0.14583333121314082 0.014591300861706258
1 0.8214639577611501 0.602 0.14292791552230028 0.014591300861706258
0 0.75 0.602 0.062499999091345675 0.014591300861706258
1 0.596069269721745 0.928 0.4321385394434901 0.014591300861706258
0 0.38000000000000045 0.928 0.1041666651522437 0.014591300861706258
1 0.956 0.20800000000000726 0.088 0.013132170775541454
0 0.9120000000000005 0.20800000000000726 0.14583333121314082 0.013132170775541454
1 0.05769244038202169 0.3380000000000073 0.11538488076404338 0.013132170775541454
1 0.815 0.41800000000000725 0.37 0.013132170775541454
0 0.6299999999999996 0.41800000000000725 0.16666666424358936 0.013132170775541454
0 0.973541667196715 0.4500000000000073 0.05291666560656995 0.013132170775541454
1 0.42047808169379597 0.6760000000000073 0.40495616338759194 0.013132170775541454
0 0.21800000000000044 0.6760000000000073 0.1041666651522437 0.013132170775541454
1 0.6389703633467029 0.38599999999999274 0.27794072669340586 0.011673040689362096
0 0.5000000000000004 0.38599999999999274 0.14583333121314082 0.011673040689362096
1 0.3518609883246554 0.5459999999999927 0.3957219766493108 0.011673040689362096
0 0.15400000000000044 0.5459999999999927 0.08333333212179514 0.011673040689362096
1 0.11357419905673351 0.5519999999999927 0.22714839811346701 0.011673040689362096
1 0.837 0.32 0.326 0.010213910603197292
0 0.6740000000000005 0.32 0.12499999818269225 0.010213910603197292
1 0.6152212253623588 0.156 0.14244245072471767 0.008754780517017934
0 0.5440000000000005 0.156 0.1041666651522437 0.008754780517017934
1 0.8155311710577375 0.31 0.2830623421154751 0.008754780517017934
0 0.6740000000000005 0.31 0.12499999818269225 0.008754780517017934