1 0.3738986210391595 0.258 0.14379724207831895 0.05398781318831607
0 0.30200000000000093 0.258 0.2083333303044874 0.05398781318831607
1 0.07479098058775707 0.578 0.14958196117551414 0.03939651232660981
1 0.6580309003555985 0.5899999999999928 0.14806180071119707 0.036478252154265645
0 0.584 0.5899999999999928 0.020833333030448556 0.036478252154265645
1 0.17811849683837408 0.008930867909315566 0.29223699367674816 0.017861735818631132
0 0.04204166628806115 0.008930867909315566 0.0840833325761223 0.017861735818631132
1 0.8886727530535254 0.2060000000000073 0.15334550610705083 0.027723471637247712
0 0.812 0.2060000000000073 0.10416666515224278 0.027723471637247712
1 0.5360659495569425 0.634 0.14413189911388508 0.02480521146490355
0 0.464 0.634 0.04166666606089711 0.02480521146490355
1 0.32268564002206857 0.7259999999999928 0.14937128004413716 0.016050430947871064
0 0.248 0.7259999999999928 0.062499999091345675 0.016050430947871064
1 0.11227099888278735 0.7059999999999927 0.14054199776557472 0.011673040689362096
0 0.047041666288061154 0.7059999999999927 0.09408333257612231 0.011673040689362096
0 0.988541667196715 0.7919999999999927 0.02291666560656995 0.011673040689362096