1 0.10850585194577433 0.42400000000000726 0.21701170389154867 0.027723471637247712
1 0.904 0.7259999999999928 0.192 0.026264341551068354
0 0.808 0.7259999999999928 0.12499999818269135 0.026264341551068354
1 0.4672578785372798 0.902 0.5785157570745596 0.02480521146490355
0 0.1780000000000009 0.902 0.2499999963653845 0.02480521146490355
1 0.07089664596908188 0.826 0.14179329193816376 0.023346081378724192
1 0.3502805333332344 0.944 0.4965610666664688 0.018968691120215226
0 0.11349999909134659 0.944 0.22699999818269317 0.018968691120215226
1 0.904 0.694 0.192 0.014591300861706258
0 0.808 0.694 0.12499999818269135 0.014591300861706258
1 0.07682377977022042 0.7360000000000073 0.15364755954044085 0.013132170775541454
1 0.02415698480484116 0.8659999999999928 0.04831396960968232 0.011673040689362096