1 0.13891454387099111 0.882 0.27782908774198223 0.023346081378724192
0 0.027249999545672837 0.882 0.054499999091345674 0.023346081378724192
1 0.6916098001886721 0.39599999999999275 0.18721960037734425 0.021886951292559388
0 0.5980000000000009 0.39599999999999275 0.1458333312131417 0.021886951292559388
1 0.18070784942532644 0.5599999999999927 0.24941569885065293 0.016050430947871064
0 0.07487499931851016 0.5599999999999927 0.14974999863702032 0.016050430947871064
1 0.908 0.6140000000000073 0.184 0.013132170775541454
0 0.816000000000001 0.6140000000000073 0.1458333312131417 0.013132170775541454
1 0.8408481431731553 0.756 0.15769628634631044 0.010213910603197292
0 0.762 0.756 0.12499999818269135 0.010213910603197292
0 0.9835833334847757 0.9679999999999928 0.03283333303044856 0.007295650430853129