1 0.45311773969352725 0.06600000000000011 0.3542354793870545 0.017509561034048375
0 0.2760000000000009 0.06600000000000011 0.16666666424359028 0.017509561034048375
1 0.07214413384098134 0.6799999999999999 0.14428826768196268 0.01605043094787766
0 0.017249999545672835 0.6799999999999999 0.03449999909134567 0.01605043094787766
1 0.31262724948868437 0.8639999999999999 0.37725449897736874 0.01605043094787766
0 0.124 0.8639999999999999 0.12499999818269135 0.01605043094787766
1 0.6888097493297509 0.4299999999999999 0.2856194986595019 0.014591300861706942
0 0.546 0.4299999999999999 0.10416666515224278 0.014591300861706942
1 0.4233505255900136 0.5659999999999998 0.1867010511800272 0.014591300861706942
0 0.33 0.5659999999999998 0.12499999818269135 0.014591300861706942
1 0.10415161057981459 0.006283042693884056 0.20830322115962918 0.012566085387768112
1 0.941 0.05399999999999989 0.118 0.013132170775536224
0 0.8820000000000009 0.05399999999999989 0.1458333312131417 0.013132170775536224
1 0.844 0.9960817398276586 0.312 0.007836520344682867
0 0.688 0.9960817398276586 0.12499999818269135 0.007836520344682867
1 0.09309845390894134 0.16999999999999987 0.18619690781788267 0.01021391060319479
1 0.5869921906790969 0.5339999999999999 0.1899843813581938 0.01021391060319479
0 0.492 0.5339999999999999 0.08333333212179422 0.01021391060319479
1 0.18685142630836163 0.9379999999999998 0.37370285261672326 0.008754780517024073
1 0.3971294780098833 0.122 0.17825895601976663 0.0072956504308535845
0 0.308 0.122 0.04166666606089711 0.0072956504308535845