1 0.11191427652387756 0.918 0.22382855304775512 0.0496104229298071
1 0.834 0.026000000000007274 0.332 0.027723471637247712
0 0.6679999999999982 0.026000000000007274 0.1458333312131399 0.027723471637247712
1 0.22621811265747055 0.446 0.4524362253149411 0.023346081378724192
1 0.861 0.866 0.278 0.023346081378724192
0 0.722 0.866 0.2499999963653827 0.023346081378724192
1 0.4864528228583695 0.094 0.28490564571673893 0.020427821206394584
0 0.344 0.094 0.04166666606089711 0.020427821206394584
1 0.932 0.878 0.136 0.020427821206394584
0 0.864 0.878 0.2499999963653827 0.020427821206394584
1 0.6941945681768884 0.30600000000000727 0.28838913635377683 0.017509561034050422
0 0.5499999999999982 0.30600000000000727 0.1458333312131399 0.017509561034050422
1 0.40684820913970726 0.4580000000000073 0.6696964182794145 0.017509561034050422
0 0.07245833280328406 0.4580000000000073 0.14491666560656813 0.017509561034050422
1 0.21323066059750453 0.9760000000000073 0.42646132119500907 0.017509561034050422
1 0.943 0.05400000000000728 0.114 0.013132170775541454
0 0.886 0.05400000000000728 0.12499999818269135 0.013132170775541454