1 0.12192751016067814 0.602 0.24385502032135628 0.043773902585118776
1 0.824 0.26199999999999635 0.352 0.027723471637240437
0 0.648 0.26199999999999635 0.10416666515224278 0.027723471637240437
1 0.7643366917683443 0.29800000000000365 0.16467338353668856 0.02626434155107563
0 0.682 0.29800000000000365 0.062499999091345675 0.02626434155107563
1 0.6229387083479987 0.5460000000000036 0.6418774166959974 0.023346081378731467
0 0.30199999999999955 0.5460000000000036 0.27083332939583216 0.023346081378731467
1 0.060690129795787924 0.13200000000000364 0.12138025959157585 0.0189686911202225
1 0.667 0.18800000000000364 0.666 0.0189686911202225
0 0.334 0.18800000000000364 0.062499999091345675 0.0189686911202225
1 0.39121294206771473 0.4580000000000036 0.15842588413542943 0.01605043094787834
0 0.3120000000000009 0.4580000000000036 0.18749999727403882 0.01605043094787834
1 0.2104523839641606 0.964 0.4209047679283212 0.011673040689362096
1 0.14000925643251866 0.492 0.2800185128650373 0.010213910603197292
0 0.01924999954567329 0.492 0.03849999909134658 0.010213910603197292
1 0.2355574257342587 0.8820000000000037 0.3231148514685174 0.008754780517025211
0 0.07400000000000045 0.8820000000000037 0.1041666651522437 0.008754780517025211
1 0.6593452638971575 0.942 0.17069052779431512 0.007295650430853129
0 0.574 0.942 0.062499999091345675 0.007295650430853129