1 0.3336110849979632 0.058 0.6672221699959264 0.035019122068100844
1 0.5003694059244826 0.5840000000000073 0.5407388118489652 0.027723471637247712
0 0.22999999999999818 0.5840000000000073 0.18749999727403702 0.027723471637247712
1 0.2658727680097418 0.9360000000000073 0.5317455360194836 0.027723471637247712
1 0.4641528809124611 0.436 0.5363057618249222 0.023346081378724192
0 0.196 0.436 0.12499999818269135 0.023346081378724192
1 0.34596394030830196 0.1679999999999927 0.6879278806166039 0.021886951292559388
0 0.07391666560657177 0.1679999999999927 0.14783333121314354 0.021886951292559388
1 0.795247354039313 0.812 0.374494708078626 0.020427821206394584
0 0.6079999999999982 0.812 0.22916666333493413 0.020427821206394584
1 0.12737198143027673 0.944 0.25474396286055345 0.020427821206394584
1 0.581340898359209 0.104 0.5306817967184179 0.018968691120215226
0 0.316 0.104 0.2499999963653827 0.018968691120215226
1 0.06968764652389473 0.332 0.13937529304778945 0.018968691120215226
1 0.2533390628175075 0.348 0.506678125635015 0.018968691120215226
1 0.3698180551318801 0.486 0.7396361102637602 0.018968691120215226
1 0.3515873962674632 0.192 0.17917479253492638 0.014591300861706258
0 0.262 0.192 0.16666666424358845 0.014591300861706258
1 0.7896132408124977 0.2 0.18722648162499536 0.014591300861706258
0 0.6959999999999982 0.2 0.10416666515224278 0.014591300861706258
1 0.35159048771239393 0.36200000000000726 0.1791809754247879 0.013132170775541454
0 0.2619999999999982 0.36200000000000726 0.10416666515224278 0.013132170775541454
1 0.12453593874976286 0.62 0.24907187749952572 0.010213910603197292