1 0.891 0.138 0.218 0.033559991981921486
0 0.782 0.138 0.04166666606089711 0.033559991981921486
1 0.06420948151841185 0.5580000000000073 0.1284189630368237 0.03210086189575668
1 0.34522976371200276 0.45799999999999275 0.6904595274240055 0.026264341551068354
0 0.053291665833734445 0.45799999999999275 0.10658333166746889 0.026264341551068354
1 0.19642418305399223 0.616 0.39284836610798446 0.02480521146490355
1 0.2496802715055619 0.808 0.4953605430111238 0.023346081378724192
0 0.04266666606089802 0.808 0.08533333212179604 0.023346081378724192
1 0.875 0.218 0.25 0.018968691120215226
0 0.7499999999999982 0.218 0.22916666333493413 0.018968691120215226
1 0.87 0.384 0.26 0.018968691120215226
0 0.7399999999999982 0.384 0.020833333030448556 0.018968691120215226
1 0.32419818533230316 0.09200000000000727 0.6483963706646063 0.017509561034050422
1 0.5085162398772991 0.5300000000000072 0.3170324797545982 0.017509561034050422
0 0.35 0.5300000000000072 0.20833333030448556 0.017509561034050422
1 0.12842113524051274 0.08599999999999272 0.10084227048102548 0.016050430947871064
0 0.078 0.08599999999999272 0.08333333212179422 0.016050430947871064
1 0.7529062719731082 0.6159999999999928 0.32981254394621645 0.016050430947871064
0 0.588 0.6159999999999928 0.08333333212179422 0.016050430947871064
1 0.608375290502232 0.7999999999999927 0.21675058100446404 0.016050430947871064
0 0.49999999999999817 0.7999999999999927 0.1458333312131399 0.016050430947871064
1 0.1331926494355066 0.8319999999999927 0.19838529887101322 0.016050430947871064
0 0.0690833325761223 0.8319999999999927 0.1381666651522446 0.016050430947871064
1 0.5721325535955221 0.958 0.31626510719104406 0.014591300861706258
0 0.4140000000000009 0.958 0.1458333312131417 0.014591300861706258
0 0.9899583337119384 0.11600000000000728 0.02008333257612321 0.013132170775541454
1 0.8627914274993637 0.5299999999999927 0.22558285499872727 0.011673040689362096
0 0.75 0.5299999999999927 0.12499999818269135 0.011673040689362096
1 0.15055935485736519 0.226 0.29711870971473037 0.008754780517017934
0 0.016624999772836418 0.226 0.033249999545672836 0.008754780517017934
1 0.07715728474403749 0.4019999999999927 0.15431456948807498 0.007295650430853129
1 0.7063870519766988 0.5939999999999928 0.43277410395339755 0.007295650430853129
0 0.48999999999999816 0.5939999999999928 0.10416666515224278 0.007295650430853129