1 0.868 0.42 0.264 0.07587476448087546
0 0.7360000000000009 0.42 0.16666666424359028 0.07587476448087546
0 0.9505416671967151 0.486 0.09891666560656995 0.05252868310214399
1 0.2796854497121185 0.6819999999999982 0.559370899424237 0.026264341551071994
1 0.5918771510839733 0.4819999999999982 0.5157543021679467 0.018968691120218865
0 0.3340000000000009 0.4819999999999982 0.2083333303044874 0.018968691120218865
1 0.48396909410142325 0.6439999999999981 0.4919381882028465 0.018968691120218865
0 0.23799999999999955 0.6439999999999981 0.18749999727403793 0.018968691120218865
1 0.09690578428876143 0.62 0.19381156857752285 0.014591300861706258
1 0.976 0.6899999999999982 0.048 0.010213910603193653
0 0.9447500004543271 0.6899999999999982 0.11049999909134567 0.010213910603193653