1 0.469128061814934 0.25 0.890256123629868 0.02772347163724325
0 0.07449999909134566 0.25 0.14899999818269133 0.02772347163724325
1 0.14192875417563847 0.36 0.28385750835127693 0.026264341551072563
1 0.6134402363987265 0.904 0.35488047279745294 0.026264341551072563
0 0.436 0.904 0.16666666424358845 0.026264341551072563
1 0.8658866522229891 0.486 0.18777330444597828 0.024805211464901843
0 0.772 0.486 0.16666666424358845 0.024805211464901843
1 0.03959172738766574 0.108 0.07918345477533148 0.021886951292560467
1 0.555122761752591 0.222 0.7182455235051821 0.021886951292560467
0 0.196 0.222 0.16666666424358845 0.021886951292560467
1 0.14409399318386568 0.544 0.28818798636773135 0.01605043094787766
1 0.6002604986064998 0.042 0.39652099721299966 0.01459130086170697
0 0.4019999999999982 0.042 0.10416666515224278 0.01459130086170697
1 0.2683862042749388 0.284 0.5327724085498776 0.014591300861706997
0 0.027041666288059787 0.284 0.054083332576119574 0.014591300861706997
1 0.7121127929359372 0.218 0.5522255858718745 0.010213910603194876
0 0.436 0.218 0.08333333212179422 0.010213910603194876
1 0.4722824943732594 0.534 0.1805649887465188 0.010213910603194903
0 0.3819999999999982 0.534 0.10416666515224278 0.010213910603194903
1 0.1343705941064709 0.552 0.2687411882129418 0.010213910603194903
1 0.842 0.56 0.316 0.010213910603194903
0 0.6839999999999982 0.56 0.10416666515224278 0.010213910603194903
1 0.19732133321255788 0.848 0.39464266642511575 0.010213910603194903
1 0.3785999909835537 0.004 0.7531999819671074 0.0072956504308534864
0 0.01662499977283551 0.004 0.03324999954567102 0.0072956504308534864
1 0.42535729045295556 0.82 0.3467145809059111 0.007295650430853471
0 0.252 0.82 0.08333333212179422 0.007295650430853471