1 0.906 0.472 0.188 0.035019122068100844
0 0.8119999999999995 0.472 0.18749999727403793 0.035019122068100844
1 0.906 0.278 0.188 0.02480521146490355
0 0.8120000000000005 0.278 0.12499999818269225 0.02480521146490355
1 0.8332305480098807 0.834 0.3264610960197615 0.02480521146490355
0 0.6700000000000005 0.834 0.1041666651522437 0.02480521146490355
1 0.3306697691616755 0.296 0.661339538323351 0.023346081378724192
0 0.041083332576121845 0.296 0.08216666515224369 0.023346081378724192
0 0.9891250006814903 0.172 0.021749998637019416 0.018968691120215226
0 0.966541667196715 0.58 0.06691666560656995 0.018968691120215226
1 0.6020913683243907 0.4259999999999927 0.23218273664878142 0.016050430947871064
0 0.48599999999999954 0.4259999999999927 0.16666666424358936 0.016050430947871064
1 0.922 0.7039999999999927 0.156 0.016050430947871064
0 0.8440000000000004 0.7039999999999927 0.08333333212179514 0.016050430947871064
1 0.5374249213511735 0.8539999999999928 0.2308498427023469 0.016050430947871064
0 0.42200000000000043 0.8539999999999928 0.08333333212179514 0.016050430947871064
0 0.9511250006814903 0.9879999999999928 0.09774999863701941 0.016050430947871064
1 0.6158983230289582 0.726 0.2357966460579164 0.014591300861706258
0 0.49800000000000044 0.726 0.1041666651522437 0.014591300861706258
1 0.0829113465653445 0.5680000000000073 0.165822693130689 0.013132170775541454
1 0.2481986518928893 0.6040000000000073 0.2803973037857786 0.013132170775541454
0 0.10799999999999978 0.6040000000000073 0.08333333212179468 0.013132170775541454
1 0.14343818476332945 0.326 0.07087636952665889 0.010213910603197292
0 0.10799999999999978 0.326 0.08333333212179468 0.010213910603197292
1 0.3486213716387292 0.2339999999999927 0.22124274327745844 0.007295650430853129
0 0.23800000000000046 0.2339999999999927 0.1041666651522437 0.007295650430853129