1 0.16018508523310085 0.9780000000000036 0.3203701704662017 0.03355999198192876
0 0.02308333257612139 0.9780000000000036 0.04616666515224278 0.03355999198192876
0 0.9829166674238786 0.7759999999999964 0.03416666515224279 0.0306417318095846
0 0.9730833343934301 0.9440000000000036 0.0538333312131399 0.023346081378731467
1 0.49375473570532447 0.36 0.7355094714106489 0.021886951292559388
0 0.126 0.36 0.16666666424358845 0.021886951292559388
1 0.867 0.06599999999999637 0.266 0.020427821206387305
0 0.7339999999999982 0.06599999999999637 0.1458333312131399 0.020427821206387305
1 0.7532166345457226 0.2560000000000036 0.4704332690914452 0.0189686911202225
0 0.518 0.2560000000000036 0.16666666424358845 0.0189686911202225
1 0.7168332823246892 0.16 0.3136665646493784 0.017509561034050422
0 0.56 0.16 0.2499999963653827 0.017509561034050422
1 0.677 0.8500000000000036 0.646 0.01605043094787834
0 0.354 0.8500000000000036 0.12499999818269135 0.01605043094787834
1 0.16942385329000717 0.856 0.2588477065800143 0.014591300861706258
0 0.05124999954567284 0.856 0.10249999909134568 0.014591300861706258
1 0.2993319616579811 0.924 0.38666392331596217 0.014591300861706258
0 0.106 0.924 0.12499999818269135 0.014591300861706258
1 0.5191151434640651 0.04199999999999636 0.3062302869281302 0.013132170775534177
0 0.36599999999999816 0.04199999999999636 0.10416666515224278 0.013132170775534177
1 0.7927670431897277 0.008 0.3135340863794554 0.011673040689362096
0 0.6359999999999982 0.008 0.10416666515224278 0.011673040689362096
1 0.6791645366416232 0.416 0.30232907328324654 0.010213910603197292
0 0.5279999999999981 0.416 0.10416666515224278 0.010213910603197292
1 0.05827660147883762 0.12199999999999636 0.11655320295767524 0.005836520344681048