1 0.5051795171668219 0.732 0.45435903433364366 0.029182601723412516
0 0.2780000000000018 0.732 0.33333332848718056 0.029182601723412516
1 0.959 0.6379999999999927 0.082 0.026264341551068354
0 0.9173333339391029 0.6379999999999927 0.16533333212179424 0.026264341551068354
0 0.9391250006814899 0.556 0.12174999863702032 0.014591300861706258
1 0.6386411738797979 0.638 0.30928234775959573 0.014591300861706258
0 0.48399999999999815 0.638 0.1458333312131399 0.014591300861706258
0 0.9869583337119384 0.732 0.026083332576123212 0.014591300861706258
1 0.3553635023287661 0.3160000000000073 0.28272700465753225 0.013132170775541454
0 0.214 0.3160000000000073 0.08333333212179422 0.013132170775541454
1 0.7472283763171726 0.6220000000000073 0.3104567526343453 0.013132170775541454
0 0.5919999999999982 0.6220000000000073 0.18749999727403702 0.013132170775541454
1 0.2345803027037109 0.6780000000000073 0.14916060540742182 0.013132170775541454
0 0.15999999999999817 0.6780000000000073 0.10416666515224278 0.013132170775541454
1 0.05086868485768718 0.18999999999999273 0.10173736971537437 0.011673040689362096
1 0.3572905687393904 0.22 0.4185811374787809 0.010213910603197292
0 0.1479999999999982 0.22 0.1458333312131399 0.010213910603197292
1 0.8912159247589024 0.682 0.16243184951780495 0.004377390258508967
0 0.81 0.682 0.08333333212179422 0.004377390258508967