1 0.81 0.366 0.38 0.035019122068100844
0 0.6200000000000002 0.366 0.35416666151762777 0.035019122068100844
1 0.8122733441428818 0.076 0.1245466882857636 0.023346081378724192
0 0.75 0.076 0.29166666242628164 0.023346081378724192
1 0.5208957275138555 0.534 0.23779145502771099 0.020427821206394584
0 0.40200000000000025 0.534 0.20833333030448695 0.020427821206394584
1 0.10040871595250678 0.55 0.20081743190501355 0.020427821206394584
0 0.03666666606089734 0.55 0.07333333212179469 0.020427821206394584
0 0.9741250006814905 0.424 0.051749998637018964 0.018968691120215226
1 0.94 0.7380000000000073 0.12 0.017509561034050422
0 0.8800000000000002 0.7380000000000073 0.20833333030448695 0.017509561034050422
1 0.43159469537552764 0.24000000000000726 0.05918939075105527 0.013132170775541454
0 0.40200000000000025 0.24000000000000726 0.062499999091346126 0.013132170775541454
1 0.5260749446404815 0.572 0.18014988928096318 0.010213910603197292
0 0.436 0.572 0.12499999818269225 0.010213910603197292