1 0.2641589377239397 0.52 0.5283178754478794 0.043773902585118776
1 0.6932720921406289 0.66 0.3625441842812579 0.02480521146490355
0 0.512 0.66 0.16666666424358845 0.02480521146490355
1 0.7992546808574716 0.978 0.18650936171494323 0.02480521146490355
0 0.7059999999999982 0.978 0.18749999727403702 0.02480521146490355
1 0.14653284868867195 0.9299999999999964 0.2930656973773439 0.020427821206387305
1 0.27898552635491797 0.8060000000000036 0.5579710527098359 0.0189686911202225
1 0.6777908648697412 0.038000000000003635 0.3555817297394824 0.01605043094787834
0 0.49999999999999817 0.038000000000003635 0.27083332939583127 0.01605043094787834
1 0.15717199866902046 0.42000000000000365 0.3143439973380409 0.01605043094787834
1 0.38795324479303056 0.8840000000000037 0.7759064895860611 0.01605043094787834
1 0.2709363222253851 0.352 0.16987264445077016 0.014591300861706258
0 0.186 0.352 0.16666666424358845 0.014591300861706258
1 0.7971287247271721 0.512 0.18225744945434416 0.011673040689362096
0 0.7059999999999982 0.512 0.1458333312131399 0.011673040689362096