1 0.913 0.7960000000000009 0.174 0.029182601723414338
0 0.8260000000000002 0.7960000000000009 0.062499999091346126 0.029182601723414338
1 0.918 0.8480000000000009 0.164 0.021886951292561206
0 0.8359999999999997 0.8480000000000009 0.08333333212179468 0.021886951292561206
1 0.09023450760306628 0.5960000000000009 0.18046901520613257 0.0175095610340486
1 0.42680418470644077 0.932 0.20160836941288152 0.011673040689365734
0 0.326 0.932 0.12499999818269225 0.011673040689365734
1 0.37820497990111246 0.7740000000000009 0.32040995980222486 0.010213910603195472
0 0.21799999999999978 0.7740000000000009 0.08333333212179468 0.010213910603195472
1 0.848 0.688 0.304 0.007295650430853129
0 0.6959999999999997 0.688 0.08333333212179468 0.007295650430853129