1 0.925 0.6799999999999927 0.15 0.021886951292559388
0 0.85 0.6799999999999927 0.14583333121314082 0.021886951292559388
1 0.6349803750662327 0.818 0.17796075013246537 0.014591300861706258
0 0.5460000000000003 0.818 0.18749999727403838 0.014591300861706258
1 0.2645921619108858 0.15399999999999273 0.10918432382177161 0.011673040689362096
0 0.21 0.15399999999999273 0.14583333121314082 0.011673040689362096
1 0.26457205389131877 0.15599999999999273 0.10914410778263754 0.011673040689362096
0 0.21 0.15599999999999273 0.14583333121314082 0.011673040689362096
1 0.979 0.3539999999999927 0.042 0.011673040689362096
0 0.9477500004543269 0.3539999999999927 0.10449999909134612 0.011673040689362096
1 0.4345840882859889 0.5379999999999927 0.16516817657197772 0.011673040689362096
0 0.352 0.5379999999999927 0.12499999818269225 0.011673040689362096
1 0.10200566580469057 0.7979999999999927 0.20401133160938115 0.007295650430853129
0 0.023041666288060925 0.7979999999999927 0.04608333257612185 0.007295650430853129