1 0.39201772537744 0.594 0.22003545075488 0.05544694327448633
0 0.2819999999999982 0.594 0.062499999091345675 0.05544694327448633
1 0.863 0.302 0.274 0.029182601723414338
0 0.7260000000000019 0.302 0.33333332848718056 0.029182601723414338
1 0.06936232260750876 0.8 0.1387246452150175 0.024805211464901732
1 0.24833580331242774 0.42800000000000044 0.3246716066248555 0.020427821206390036
0 0.10549999909134568 0.42800000000000044 0.21099999818269136 0.020427821206390036
1 0.03840688836303161 0.104 0.07681377672606322 0.013132170775535997
1 0.07854973025121399 0.052 0.11309946050242797 0.011673040689365734
0 0.04745833280328406 0.052 0.09491666560656813 0.011673040689365734
1 0.3159638213118415 0.388 0.11192764262368292 0.011673040689365734
0 0.2599999999999982 0.388 0.10416666515224278 0.011673040689365734
1 0.27987096469367495 0.034000000000000453 0.34374192938734993 0.0087547805170243
0 0.10799999999999818 0.034000000000000453 0.062499999091345675 0.0087547805170243