1 0.11196036121151792 0.374 0.22392072242303585 0.0496104229298071
1 0.6035832224476312 0.444 0.23516644489526242 0.045233032671298135
0 0.486 0.444 0.29166666242628164 0.045233032671298135
1 0.5056213253619508 0.49200000000000726 0.29924265072390155 0.037937382240445
0 0.35599999999999954 0.49200000000000726 0.20833333030448647 0.037937382240445
1 0.05253951290331133 0.20399999999999271 0.10507902580662266 0.036478252154265645
1 0.18399573155941654 0.33199999999999275 0.3679914631188331 0.036478252154265645
1 0.7747185019551057 0.05 0.40143700391021137 0.02480521146490355
0 0.574 0.05 0.2499999963653845 0.02480521146490355
1 0.6010150869437303 0.414 0.38203017388746047 0.02480521146490355
0 0.41 0.414 0.22916666333493596 0.02480521146490355
1 0.2890752842881211 0.312 0.5781505685762423 0.020427821206394584
0 0.009249999545673062 0.312 0.018499999091346125 0.020427821206394584
1 0.09920517394592207 0.362 0.19841034789184414 0.020427821206394584
1 0.7766408625015456 0.386 0.3212817250030912 0.020427821206394584
0 0.616 0.386 0.27083332939583304 0.020427821206394584
1 0.3897217049932619 0.048 0.15144340998652386 0.014591300861706258
0 0.314 0.048 0.062499999091345675 0.014591300861706258
1 0.8381001996293821 0.062 0.24820039925876428 0.014591300861706258
0 0.7140000000000004 0.062 0.14583333121314082 0.014591300861706258
1 0.4907305784572563 0.2580000000000073 0.3774611569145127 0.013132170775541454
0 0.30200000000000043 0.2580000000000073 0.1041666651522437 0.013132170775541454
1 0.04859538829518715 0.7080000000000073 0.0971907765903743 0.013132170775541454
1 0.911 0.7680000000000072 0.178 0.013132170775541454
0 0.8220000000000005 0.7680000000000072 0.1041666651522437 0.013132170775541454
1 0.06368860454590185 0.126 0.1273772090918037 0.010213910603197292
0 0.014833333030448557 0.126 0.029666666060897115 0.010213910603197292
1 0.7498614842597835 0.168 0.24372296851956707 0.010213910603197292
0 0.6280000000000004 0.168 0.14583333121314082 0.010213910603197292
1 0.2560322475053972 0.734 0.2120644950107944 0.008754780517017934
0 0.14999999999999977 0.734 0.1249999981826918 0.008754780517017934