1 0.782 0.038 0.436 0.021886951292559388
0 0.564 0.038 0.16666666424358845 0.021886951292559388
1 0.26098115972811137 0.24 0.5219623194562227 0.017509561034050422
1 0.971 0.232 0.058 0.011673040689362096
0 0.9419999999999982 0.232 0.062499999091345675 0.011673040689362096
1 0.22160695236693392 0.282 0.22721390473386782 0.011673040689362096
0 0.10799999999999818 0.282 0.1458333312131399 0.011673040689362096
1 0.3632355611474541 0.506 0.5544711222949081 0.011673040689362096
0 0.08599999999999818 0.506 0.10416666515224278 0.011673040689362096
1 0.6892792224153709 0.854 0.3625584448307418 0.007295650430853129
0 0.5079999999999982 0.854 0.062499999091345675 0.007295650430853129