1 0.19575872394215366 0.376 0.3915174478843073 0.07587476448087546
1 0.29852684393261186 0.142 0.5970536878652237 0.03210086189575668
1 0.18546194291026405 0.3479999999999982 0.1389238858205281 0.017509561034046783
0 0.116 0.3479999999999982 0.08333333212179422 0.017509561034046783
1 0.932 0.706 0.136 0.014591300861706258
0 0.864 0.706 0.08333333212179422 0.014591300861706258
1 0.10897717438514337 0.0012830426938853633 0.21795434877028674 0.0025660853877707266
1 0.851 0.32200000000000184 0.298 0.011673040689365734
0 0.702 0.32200000000000184 0.16666666424358845 0.011673040689365734
1 0.48141637742162674 0.6299999999999982 0.4268327548432535 0.010213910603193653
0 0.2679999999999982 0.6299999999999982 0.10416666515224278 0.010213910603193653
1 0.959 0.306 0.082 0.008754780517025211
0 0.918 0.306 0.08333333212179422 0.008754780517025211