1 0.03957155179105848 0.394 0.07914310358211696 0.035019122068100844
1 0.05876545012112638 0.46399999999999275 0.11753090024225275 0.026264341551068354
0 0.0687499986370185 0.46399999999999275 0.137499997274037 0.026264341551068354
0 0.9655000009086543 0.61 0.06899999818269134 0.018968691120215226
1 0.969 0.3739999999999927 0.062 0.016050430947871064
0 0.932541667196715 0.3739999999999927 0.13491666560656995 0.016050430947871064
1 0.4009240805283634 0.5139999999999927 0.18584816105672688 0.016050430947871064
0 0.3080000000000009 0.5139999999999927 0.16666666424359028 0.016050430947871064
1 0.941 0.042000000000007275 0.118 0.013132170775541454
0 0.8820000000000009 0.042000000000007275 0.18749999727403882 0.013132170775541454
1 0.02927032027245332 0.63 0.05854064054490664 0.010213910603197292
0 0.012041666288060696 0.63 0.024083332576121393 0.010213910603197292
1 0.2186354468416066 0.0021886951292544835 0.1652708936832132 0.004377390258508967
0 0.136 0.0021886951292544835 0.12499999818269135 0.004377390258508967