1 0.2664221213657302 0.24 0.5328442427314604 0.06857911405002233
1 0.812 0.41399999999999637 0.376 0.0423147724989467
0 0.6240000000000009 0.41399999999999637 0.18749999727403882 0.0423147724989467
1 0.91 0.8920000000000072 0.18 0.027723471637247712
0 0.820000000000001 0.8920000000000072 0.1458333312131417 0.027723471637247712
1 0.91 0.2640000000000036 0.18 0.023346081378731467
0 0.820000000000001 0.2640000000000036 0.29166666242628164 0.023346081378731467
1 0.3076855271036284 0.20400000000000365 0.6153710542072568 0.01605043094787834
0 0.033874999318510166 0.20400000000000365 0.06774999863702033 0.01605043094787834
1 0.4531341421961733 0.7539999999999927 0.3502682843923467 0.016050430947871064
0 0.2780000000000009 0.7539999999999927 0.1458333312131417 0.016050430947871064
1 0.4763332995592218 0.19 0.33266659911844365 0.014591300861706258
0 0.31 0.19 0.10416666515224278 0.014591300861706258
1 0.16003856911654474 0.298 0.3200771382330895 0.014591300861706258
1 0.5116003235736871 0.8320000000000073 0.3592006471473742 0.013132170775541454
0 0.3320000000000009 0.8320000000000073 0.16666666424359028 0.013132170775541454
1 0.6293077307155127 0.8900000000000072 0.18261546143102533 0.013132170775541454
0 0.5380000000000009 0.8900000000000072 0.16666666424359028 0.013132170775541454
1 0.6659240074507407 0.386 0.3438480149014813 0.011673040689362096
0 0.494 0.386 0.12499999818269135 0.011673040689362096
1 0.7349495210515543 0.482 0.1778990421031085 0.011673040689362096
0 0.646 0.482 0.10416666515224278 0.011673040689362096
1 0.2562875734191157 0.5639999999999927 0.5005751468382313 0.011673040689362096
0 0.029041666288060698 0.5639999999999927 0.058083332576121395 0.011673040689362096
1 0.529531725425798 0.972 0.17906345085159592 0.010213910603197292
0 0.44 0.972 0.12499999818269135 0.010213910603197292
1 0.7002673171851975 0.3 0.17253463437039498 0.007295650430853129
0 0.614 0.3 0.08333333212179422 0.007295650430853129
1 0.05315844197977003 0.9759999999999928 0.10631688395954006 0.007295650430853129