1 0.838 0.52 0.324 0.043773902585118776
0 0.676 0.52 0.2499999963653827 0.043773902585118776
1 0.882 0.9299999999999964 0.236 0.020427821206387305
0 0.764 0.9299999999999964 0.12499999818269135 0.020427821206387305
1 0.849 0.8060000000000036 0.302 0.0189686911202225
0 0.6979999999999982 0.8060000000000036 0.1458333312131399 0.0189686911202225
1 0.741 0.42000000000000365 0.518 0.01605043094787834
0 0.482 0.42000000000000365 0.16666666424358845 0.01605043094787834
1 0.866 0.8840000000000037 0.268 0.01605043094787834
0 0.7319999999999982 0.8840000000000037 0.062499999091345675 0.01605043094787834
0 0.9593333339391029 0.352 0.08133333212179422 0.014591300861706258
1 0.05987362925777052 0.96 0.11974725851554104 0.014591300861706258
0 0.022666666060897116 0.96 0.04533333212179423 0.014591300861706258
1 0.1338053204512835 0.082 0.267610640902567 0.011673040689362096
0 0.007041666288059787 0.082 0.014083332576119574 0.011673040689362096
1 0.4533660609856179 0.298 0.15873212197123576 0.007295650430853129
0 0.374 0.298 0.04166666606089711 0.007295650430853129