1 0.696 0.7619999999999927 0.608 0.05106955301597191
0 0.39200000000000046 0.7619999999999927 0.1041666651522437 0.05106955301597191
1 0.603388243850567 0.728 0.3787764877011341 0.035019122068100844
0 0.4140000000000005 0.728 0.12499999818269225 0.035019122068100844
1 0.5982416495135144 0.746 0.5004832990270288 0.029182601723412516
0 0.3480000000000005 0.746 0.12499999818269225 0.029182601723412516
1 0.68 0.84 0.64 0.029182601723412516
0 0.36 0.84 0.22916666333493596 0.029182601723412516
1 0.609 0.8679999999999928 0.782 0.021886951292559388
0 0.21800000000000044 0.8679999999999928 0.14583333121314082 0.021886951292559388
1 0.892905690556664 0.854 0.13381138111332802 0.020427821206394584
0 0.8260000000000004 0.854 0.12499999818269225 0.020427821206394584
1 0.913 0.8240000000000073 0.174 0.017509561034050422
0 0.8259999999999995 0.8240000000000073 0.16666666424358936 0.017509561034050422
1 0.5318695244213568 0.958 0.2597390488427136 0.008754780517017934
0 0.40200000000000047 0.958 0.12499999818269225 0.008754780517017934