1 0.41330986622995536 0.24399999999999636 0.26261973245991066 0.020427821206387305
0 0.2820000000000009 0.24399999999999636 0.2499999963653845 0.020427821206387305
1 0.8141096336055743 0.246 0.2402192672111487 0.017509561034050422
0 0.694 0.246 0.10416666515224278 0.017509561034050422
1 0.12739854987185117 0.488 0.25479709974370235 0.017509561034050422
0 0.020249999545672834 0.488 0.04049999909134567 0.017509561034050422
1 0.6806759286181614 0.7600000000000037 0.16935185723632276 0.01605043094787834
0 0.596 0.7600000000000037 0.10416666515224278 0.01605043094787834
1 0.852 0.316 0.296 0.014591300861706258
0 0.704000000000001 0.316 0.2083333303044874 0.014591300861706258
1 0.787 0.876 0.426 0.014591300861706258
0 0.574 0.876 0.10416666515224278 0.014591300861706258
1 0.8303376787813314 0.5639999999999964 0.12067535756266261 0.013132170775534177
0 0.7700000000000009 0.5639999999999964 0.16666666424359028 0.013132170775534177
1 0.052916920308144655 0.132 0.10583384061628931 0.011673040689362096
1 0.7420462756322549 0.786 0.2280925512645099 0.011673040689362096
0 0.6280000000000009 0.786 0.1458333312131417 0.011673040689362096
1 0.912 0.798 0.176 0.011673040689362096
0 0.824 0.798 0.12499999818269135 0.011673040689362096
1 0.5593403584059679 0.41 0.16668071681193578 0.010213910603197292
0 0.476 0.41 0.10416666515224278 0.010213910603197292
1 0.7 0.862 0.6 0.007295650430853129
0 0.4 0.862 0.08333333212179422 0.007295650430853129
1 0.20667503181472238 0.938 0.19735006362944477 0.007295650430853129
0 0.108 0.938 0.08333333212179422 0.007295650430853129