1 0.48129623212644945 0.088 0.44259246425289894 0.023346081378731467
0 0.2600000000000009 0.088 0.18749999727403882 0.023346081378731467
1 0.0976630997061875 0.63 0.195326199412375 0.01605043094787834
0 0.019666666060898022 0.63 0.039333332121796044 0.01605043094787834
1 0.30773910637969676 0.82 0.2034782127593935 0.014591300861706258
0 0.2060000000000009 0.82 0.18749999727403882 0.014591300861706258
1 0.17412513472853333 0.44400000000000184 0.15225026945706668 0.011673040689365734
0 0.098 0.44400000000000184 0.10416666515224278 0.011673040689365734
1 0.6192144326536573 0.3439999999999982 0.17842886530731447 0.010213910603193653
0 0.53 0.3439999999999982 0.08333333212179422 0.010213910603193653
1 0.26008086393791835 0.746 0.15216172787583673 0.008754780517025211
0 0.184 0.746 0.12499999818269135 0.008754780517025211
1 0.7662450904687012 0.842 0.06049018093740233 0.007295650430853129
0 0.736 0.842 0.062499999091345675 0.007295650430853129
0 0.9933750002271636 0.988 0.013249999545672835 0.005836520344681048