1 0.08575702133486539 0.30800000000000727 0.17151404266973078 0.04231477249895397
1 0.866 0.4719999999999927 0.268 0.036478252154265645
0 0.7320000000000009 0.4719999999999927 0.18749999727403882 0.036478252154265645
1 0.692 0.4339999999999927 0.616 0.026264341551068354
0 0.3840000000000009 0.4339999999999927 0.2499999963653845 0.026264341551068354
1 0.16598099980814732 0.8539999999999928 0.33196199961629463 0.026264341551068354
0 0.021499999091346582 0.8539999999999928 0.042999998182693164 0.026264341551068354
1 0.08946214291110936 0.968 0.17892428582221873 0.02480521146490355
0 0.02749999909134658 0.968 0.05499999818269316 0.02480521146490355
1 0.768 0.38799999999999274 0.464 0.021886951292559388
0 0.536 0.38799999999999274 0.12499999818269135 0.021886951292559388
0 0.90608333439343 0.41 0.1878333312131399 0.020427821206394584
1 0.5025222955087975 0.6340000000000072 0.4530445910175949 0.017509561034050422
0 0.276 0.6340000000000072 0.10416666515224278 0.017509561034050422
1 0.16792992219948882 0.4139999999999927 0.33585984439897765 0.016050430947871064
1 0.871 0.9679999999999928 0.258 0.016050430947871064
0 0.7420000000000009 0.9679999999999928 0.18749999727403882 0.016050430947871064
1 0.8562573570146924 0.362 0.27251471402938476 0.014591300861706258
0 0.7200000000000009 0.362 0.18749999727403882 0.014591300861706258
1 0.22646326352813412 0.8740000000000073 0.42092652705626826 0.013132170775541454
0 0.039249999545672834 0.8740000000000073 0.07849999909134567 0.013132170775541454
1 0.028664772834797077 0.27599999999999275 0.057329545669594154 0.011673040689362096
1 0.058839382204500905 0.8179999999999927 0.11767876440900181 0.011673040689362096
1 0.2655660830926145 0.8339999999999927 0.25913216618522894 0.011673040689362096
0 0.136 0.8339999999999927 0.10416666515224278 0.011673040689362096
1 0.893 0.8639999999999928 0.214 0.011673040689362096
0 0.786 0.8639999999999928 0.10416666515224278 0.011673040689362096
1 0.725 0.676 0.55 0.010213910603197292
0 0.45 0.676 0.10416666515224278 0.010213910603197292
1 0.13652358267481032 0.606 0.27304716534962065 0.008754780517017934
1 0.893 0.2019999999999927 0.214 0.007295650430853129
0 0.786 0.2019999999999927 0.10416666515224278 0.007295650430853129
0 0.938 0.24199999999999272 0.08333333212179422 0.007295650430853129
0 0.958 0.8119999999999927 0.08333333212179422 0.007295650430853129