1 0.7440250335180549 0.14799999999999636 0.2440500670361098 0.027723471637240437
0 0.622 0.14799999999999636 0.12499999818269225 0.027723471637240437
1 0.898 0.5479999999999964 0.204 0.027723471637240437
0 0.796 0.5479999999999964 0.29166666242628164 0.027723471637240437
0 0.9762916676510417 0.6800000000000036 0.04741666469791653 0.023346081378731467
1 0.9022876632225169 0.42600000000000365 0.1285753264450336 0.01605043094787834
0 0.838 0.42600000000000365 0.14583333121314082 0.01605043094787834
1 0.03213548148661152 0.047999999999996365 0.06427096297322304 0.013132170775534177
1 0.36613627333861243 0.5339999999999964 0.1402725466772249 0.013132170775534177
0 0.296 0.5339999999999964 0.14583333121314082 0.013132170775534177
1 0.6682964079884275 0.8579999999999963 0.22059281597685504 0.013132170775534177
0 0.558 0.8579999999999963 0.12499999818269225 0.013132170775534177
1 0.3810230522856571 0.0049182601723405245 0.14604610457131412 0.009836520344681049
0 0.308 0.0049182601723405245 0.14583333121314082 0.009836520344681049
1 0.04204750764051937 0.098 0.08409501528103874 0.011673040689362096
0 0.9695416671967148 0.84 0.06091666560657041 0.011673040689362096
1 0.41402413284104045 0.6059999999999963 0.1480482656820809 0.005836520344681048
0 0.34000000000000025 0.6059999999999963 0.04166666606089757 0.005836520344681048