1 0.791 0.7580000000000009 0.418 0.0481512928436332
0 0.5820000000000018 0.7580000000000009 0.2916666624262834 0.0481512928436332
1 0.796 0.4839999999999991 0.408 0.03939651232660799
0 0.5919999999999982 0.4839999999999991 0.18749999727403702 0.03939651232660799
0 0.9022916676510413 0.6580000000000009 0.19541666469791744 0.03355999198192694
1 0.2478812664706329 0.168 0.4957625329412658 0.0306417318095846
1 0.672986629228546 0.6700000000000009 0.269973258457092 0.029182601723414338
0 0.5379999999999981 0.6700000000000009 0.10416666515224278 0.029182601723414338
1 0.824 0.3980000000000009 0.352 0.021886951292561206
0 0.6479999999999981 0.3980000000000009 0.020833333030448556 0.021886951292561206
1 0.25665904834219144 0.108 0.3893180966843829 0.018968691120218865
0 0.06745833280328406 0.108 0.13491666560656812 0.018968691120218865
1 0.37097779917897244 0.8 0.5099555983579448 0.01605043094787834
0 0.116 0.8 0.20833333030448556 0.01605043094787834
1 0.1794173522123201 0.842 0.3588347044246402 0.01605043094787834
0 0.039874999318508346 0.842 0.07974999863701669 0.01605043094787834
0 0.9559166674238786 0.95 0.08816666515224278 0.01605043094787834
1 0.3670264397694991 0.366 0.26205287953899825 0.014591300861706258
0 0.23599999999999818 0.366 0.10416666515224278 0.014591300861706258
1 0.2009024794665056 0.7 0.4018049589330112 0.014591300861706258
1 0.22106588046736214 0.5119999999999991 0.2541317609347243 0.013132170775535997
0 0.0990833325761214 0.5119999999999991 0.1981666651522428 0.013132170775535997
1 0.905 0.154 0.19 0.011673040689365734
0 0.8099999999999982 0.154 0.10416666515224278 0.011673040689365734
1 0.742 0.826000000000001 0.516 0.005836520344682867
0 0.484 0.826000000000001 0.04166666606089711 0.005836520344682867