0 0.9256666678782048 0.5039999999999982 0.14866666424359026 0.03355999198192512
1 0.725092955670023 0.858 0.326185911340046 0.0306417318095846
0 0.562 0.858 0.12499999818269135 0.0306417318095846
0 0.9100000000000009 0.0032956504308531294 0.16666666424359028 0.006591300861706259
1 0.922 0.088 0.156 0.02480521146490355
0 0.8440000000000009 0.088 0.2083333303044874 0.02480521146490355
1 0.7908041672084765 0.732 0.32560833441695286 0.02480521146490355
0 0.6280000000000009 0.732 0.22916666333493596 0.02480521146490355
1 0.031047768111609458 0.034 0.062095536223218915 0.023346081378731467
0 0.9565416671967151 0.406 0.08691666560656995 0.021886951292559388
1 0.938 0.552 0.124 0.021886951292559388
0 0.8760000000000009 0.552 0.16666666424359028 0.021886951292559388
1 0.546232669879947 0.11399999999999819 0.4684653397598941 0.018968691120218865
0 0.312 0.11399999999999819 0.10416666515224278 0.018968691120218865
0 0.942 0.6160000000000018 0.10416666515224278 0.013132170775537815
1 0.96 0.6440000000000018 0.08 0.013132170775537815
0 0.92 0.6440000000000018 0.08333333212179422 0.013132170775537815
1 0.17311956123624078 0.8880000000000018 0.15423912247248153 0.011673040689365734
0 0.09600000000000046 0.8880000000000018 0.14583333121314082 0.011673040689365734
1 0.20434762056744876 0.5279999999999981 0.15269524113489752 0.010213910603193653
0 0.12800000000000092 0.5279999999999981 0.1458333312131417 0.010213910603193653
1 0.21471470082688937 0.484 0.14942940165377877 0.008754780517025211
0 0.14 0.484 0.062499999091345675 0.008754780517025211
1 0.6351607367944916 0.776 0.3183214735889833 0.007295650430853129
0 0.476 0.776 0.062499999091345675 0.007295650430853129
1 0.922 0.032 0.156 0.005836520344681048
0 0.844 0.032 0.04166666606089711 0.005836520344681048
1 0.971 0.732 0.058 0.005836520344681048
0 0.942 0.732 0.062499999091345675 0.005836520344681048