1 0.19311491106408765 0.49999999999999273 0.21422982212817532 0.036478252154265645
0 0.08599999999999977 0.49999999999999273 0.1249999981826918 0.036478252154265645
1 0.949 0.486 0.102 0.030641731809591875
0 0.8812916676510417 0.486 0.23741666469791653 0.030641731809591875
1 0.787 0.012930867909315566 0.426 0.025861735818631132
0 0.574 0.012930867909315566 0.04166666606089711 0.025861735818631132
1 0.6729319725178257 0.334 0.24186394503565134 0.023346081378724192
0 0.5520000000000005 0.334 0.12499999818269225 0.023346081378724192
0 0.988541667196715 0.8939999999999927 0.02291666560656995 0.016050430947871064
1 0.938 0.648 0.124 0.014591300861706258
0 0.8759999999999996 0.648 0.20833333030448647 0.014591300861706258
1 0.89 0.814 0.22 0.014591300861706258
0 0.7800000000000005 0.814 0.14583333121314082 0.014591300861706258
1 0.1030283324401771 0.6280000000000073 0.2060566648803542 0.013132170775541454
1 0.987 0.7640000000000072 0.026 0.013132170775541454
0 0.9661666669695514 0.7640000000000072 0.06766666606089712 0.013132170775541454
1 0.928 0.2919999999999927 0.144 0.011673040689362096
0 0.8560000000000004 0.2919999999999927 0.12499999818269225 0.011673040689362096
1 0.7773215944583717 0.6059999999999928 0.3226431889167434 0.011673040689362096
0 0.6160000000000004 0.6059999999999928 0.12499999818269225 0.011673040689362096