1 0.07186967649250664 0.10599999999999977 0.14373935298501328 0.026264341551072448
1 0.10461125069627769 0.14 0.20922250139255538 0.024805211464901732
1 0.2531856413255441 0.354 0.3263712826510882 0.024805211464901732
0 0.12833333212179468 0.354 0.25666666424358936 0.024805211464901732
1 0.876 0.7799999999999998 0.248 0.023346081378731013
0 0.752 0.7799999999999998 0.27083332939583304 0.023346081378731013
1 0.6741772685630358 0.494 0.2363545371260716 0.021886951292560297
0 0.5560000000000005 0.494 0.08333333212179514 0.021886951292560297
1 0.9221114517044035 0.572 0.12422290340880682 0.018968691120218865
0 0.8600000000000004 0.572 0.14583333121314082 0.018968691120218865
1 0.768 0.2719999999999998 0.464 0.017509561034048146
0 0.5360000000000005 0.2719999999999998 0.14583333121314082 0.017509561034048146
1 0.2879086003261564 0.2560000000000002 0.11181720065231275 0.016050430947877885
0 0.23200000000000046 0.2560000000000002 0.08333333212179514 0.016050430947877885
1 0.03389025658690798 0.968 0.06778051317381596 0.014591300861707169
1 0.37684059241576234 0.45600000000000024 0.22568118483152466 0.013132170775536451
0 0.26400000000000046 0.45600000000000024 0.14583333121314082 0.013132170775536451
1 0.23640636231100415 0.6960000000000002 0.22481272462200833 0.013132170775536451
0 0.12399999999999954 0.6960000000000002 0.16666666424358936 0.013132170775536451
1 0.974 0.438 0.052 0.011673040689365734
0 0.9375416671967151 0.438 0.12491666560656994 0.011673040689365734
1 0.946 0.922 0.108 0.011673040689365734
0 0.892 0.922 0.020833333030448556 0.011673040689365734
1 0.1941031042783693 0.06600000000000023 0.2082062085567386 0.010213910603195018
0 0.09000000000000045 0.06600000000000023 0.12499999818269225 0.010213910603195018
1 0.751 0.3680000000000002 0.498 0.010213910603195018
0 0.5020000000000004 0.3680000000000002 0.08333333212179514 0.010213910603195018