1 0.779 0.9339999999999964 0.442 0.045233032671290856
0 0.558 0.9339999999999964 0.47916665970032046 0.045233032671290856
1 0.876 0.232 0.248 0.03939651232660981
0 0.7520000000000009 0.232 0.1458333312131417 0.03939651232660981
1 0.822 0.8620000000000037 0.356 0.03355999198192876
0 0.6440000000000009 0.8620000000000037 0.2083333303044874 0.03355999198192876
1 0.2868290115689124 0.5759999999999964 0.4136580231378248 0.0306417318095846
0 0.08166666606089802 0.5759999999999964 0.16333333212179604 0.0306417318095846
1 0.17330939313825455 0.6940000000000036 0.3466187862765091 0.02626434155107563
0 0.016874999318510164 0.6940000000000036 0.03374999863702033 0.02626434155107563
1 0.6985037734557437 0.7560000000000037 0.2810075469114872 0.02626434155107563
0 0.5580000000000009 0.7560000000000037 0.2499999963653845 0.02626434155107563
1 0.4944780234268619 0.896 0.6089560468537238 0.021886951292559388
0 0.19000000000000092 0.896 0.2499999963653845 0.021886951292559388
1 0.07349829285819579 0.008742172780057445 0.14699658571639157 0.01748434556011489
1 0.0618050756499988 0.054 0.1236101512999976 0.010213910603197292
1 0.1048947774875487 0.088 0.2097895549750974 0.007295650430853129
1 0.893 0.294 0.214 0.004377390258508967
0 0.786 0.294 0.062499999091345675 0.004377390258508967