1 0.3624777134100732 0.24800000000000044 0.7249554268201464 0.03210086189575577
0 0.03129166583373262 0.24800000000000044 0.06258333166746524 0.03210086189575577
1 0.7827889063929797 0.020000000000000455 0.1735778127859594 0.026264341551072903
0 0.6959999999999982 0.020000000000000455 0.27083332939583127 0.026264341551072903
1 0.37041899737691164 0.676 0.4568379947538233 0.023346081378731467
0 0.142 0.676 0.20833333030448556 0.023346081378731467
1 0.8410554696857944 0.622 0.16211093937158877 0.018968691120218865
0 0.76 0.622 0.20833333030448556 0.018968691120218865
1 0.35353571268360245 0.28 0.31507142536720495 0.0175095610340486
0 0.19599999999999818 0.28 0.22916666333493413 0.0175095610340486
1 0.6713311546242913 0.648 0.47066230924858243 0.0175095610340486
0 0.43599999999999817 0.648 0.10416666515224278 0.0175095610340486
1 0.42901909256945875 0.87 0.7900381851389174 0.0175095610340486
0 0.05345833280328407 0.87 0.10691666560656814 0.0175095610340486
1 0.761 0.83 0.478 0.013132170775535997
0 0.5219999999999981 0.83 0.062499999091345675 0.013132170775535997
1 0.6550002343853485 0.848 0.3300004687706969 0.013132170775535997
0 0.49 0.848 0.12499999818269135 0.013132170775535997
1 0.4106098099140381 0.386 0.6212196198280763 0.011673040689365734
0 0.09999999999999819 0.386 0.1458333312131399 0.011673040689365734
1 0.7046638431836072 0.18799999999999956 0.16932768636721449 0.010213910603194563
0 0.62 0.18799999999999956 0.08333333212179422 0.010213910603194563
1 0.03200328913530029 0.6639999999999996 0.06400657827060058 0.010213910603194563
1 0.6704961028528469 0.8120000000000005 0.6449922057056938 0.0029182601723414334