1 0.024969918412926746 0.3480000000000009 0.04993983682585349 0.0481512928436332
1 0.765886319251982 0.376 0.4117726385039641 0.0350191220680972
0 0.5600000000000009 0.376 0.18749999727403882 0.0350191220680972
1 0.0901364987270581 0.7820000000000009 0.1802729974541162 0.029182601723414338
0 0.0450833325761223 0.7820000000000009 0.0901666651522446 0.029182601723414338
1 0.70555103540639 0.11799999999999909 0.20310207081277987 0.020427821206389127
0 0.6040000000000009 0.11799999999999909 0.2083333303044874 0.020427821206389127
1 0.026245249871519265 0.8979999999999991 0.05249049974303853 0.020427821206389127
1 0.23934752551369 0.704 0.33469505102738 0.018968691120218865
0 0.072 0.704 0.10416666515224278 0.018968691120218865
1 0.824 0.1660000000000009 0.352 0.0175095610340486
0 0.648 0.1660000000000009 0.10416666515224278 0.0175095610340486
1 0.3342341576394174 0.094 0.3044683152788348 0.014591300861706258
0 0.182 0.094 0.12499999818269135 0.014591300861706258
1 0.943 0.714 0.114 0.014591300861706258
0 0.8860000000000009 0.714 0.1458333312131417 0.014591300861706258
1 0.5153466610941932 0.5699999999999991 0.21469332218838644 0.013132170775535997
0 0.408 0.5699999999999991 0.10416666515224278 0.013132170775535997
1 0.4527528648335192 0.8419999999999991 0.2815057296670384 0.013132170775535997
0 0.312 0.8419999999999991 0.10416666515224278 0.013132170775535997
1 0.046390241279830664 0.009999999999999091 0.09278048255966133 0.008754780517023391
1 0.5455212583479105 0.8659999999999991 0.49104251669582116 0.008754780517023391
0 0.3 0.8659999999999991 0.12499999818269135 0.008754780517023391
1 0.42388452411988325 0.476 0.26776904823976655 0.007295650430853129
0 0.29 0.476 0.10416666515224278 0.007295650430853129