1 0.806 0.592 0.388 0.021886951292559388
0 0.612 0.592 0.16666666424358845 0.021886951292559388
1 0.5205197903586631 0.026 0.36103958071732634 0.018968691120218865
0 0.34 0.026 0.12499999818269135 0.018968691120218865
1 0.42560586854729626 0.4099999999999982 0.5152117370945926 0.018968691120218865
0 0.16799999999999818 0.4099999999999982 0.10416666515224278 0.018968691120218865
1 0.05581827334567606 0.7239999999999982 0.11163654669135212 0.018968691120218865
1 0.773 0.30000000000000093 0.454 0.0175095610340486
0 0.5459999999999982 0.30000000000000093 0.18749999727403702 0.0175095610340486
1 0.37499544973693627 0.258 0.3499908994738726 0.01605043094787834
0 0.2 0.258 0.16666666424358845 0.01605043094787834
1 0.7147841188019592 0.522 0.5295682376039186 0.01605043094787834
0 0.4499999999999982 0.522 0.1458333312131399 0.01605043094787834
1 0.3488021474878988 0.7 0.5136042949757975 0.014591300861706258
0 0.09199999999999818 0.7 0.1458333312131399 0.014591300861706258
1 0.7462455735214789 0.6520000000000018 0.18049114704295788 0.013132170775537815
0 0.656 0.6520000000000018 0.16666666424358845 0.013132170775537815
1 0.8876416523029529 0.5040000000000018 0.18328330460590586 0.011673040689365734
0 0.7959999999999982 0.5040000000000018 0.1458333312131399 0.011673040689365734
1 0.3884120488798435 0.9080000000000018 0.776824097759687 0.011673040689365734
0 0.007041666288059787 0.9080000000000018 0.014083332576119574 0.011673040689365734
1 0.08668328112522614 0.792 0.16536656225045226 0.008754780517025211
0 0.01762499977283551 0.792 0.03524999954567102 0.008754780517025211