1 0.1317366568365451 0.39799999999999636 0.2634733136730902 0.035019122068093565
1 0.48464832148433196 0.14000000000000365 0.38929664296866395 0.02626434155107563
0 0.2899999999999982 0.14000000000000365 0.22916666333493413 0.02626434155107563
1 0.91 0.054 0.18 0.02480521146490355
0 0.8199999999999982 0.054 0.18749999727403702 0.02480521146490355
1 0.15086299202943518 0.502 0.30172598405887036 0.02480521146490355
1 0.769 0.37400000000000366 0.462 0.023346081378731467
0 0.5379999999999981 0.37400000000000366 0.22916666333493413 0.023346081378731467
1 0.813 0.174 0.374 0.021886951292559388
0 0.6259999999999982 0.174 0.27083332939583127 0.021886951292559388
1 0.06711806164103473 0.6280000000000037 0.13423612328206946 0.0189686911202225
1 0.44284849387099895 0.722 0.39369698774199785 0.017509561034050422
0 0.246 0.722 0.16666666424358845 0.017509561034050422
1 0.15722206124204605 0.5180000000000037 0.3144441224840921 0.01605043094787834
1 0.13053624246877008 0.648 0.26107248493754015 0.014591300861706258
1 0.7294416885157916 0.20199999999999635 0.4028833770315832 0.013132170775534177
0 0.528 0.20199999999999635 0.12499999818269135 0.013132170775534177
1 0.6491015911972136 0.4919999999999964 0.6542031823944271 0.013132170775534177
0 0.3219999999999982 0.4919999999999964 0.18749999727403702 0.013132170775534177
1 0.834 0.576 0.332 0.011673040689362096
0 0.6679999999999982 0.576 0.062499999091345675 0.011673040689362096
0 0.9499999999999982 0.5900000000000036 0.062499999091345675 0.008754780517025211