1 0.712 0.32 0.576 0.030641731809591875
0 0.42400000000000093 0.32 0.22916666333493596 0.030641731809591875
1 0.2060355700148293 0.086 0.3000711400296586 0.018968691120215226
0 0.0800833325761223 0.086 0.1601666651522446 0.018968691120215226
1 0.1946536547857322 0.61 0.3893073095714644 0.018968691120215226
0 0.05849999909134658 0.61 0.11699999818269316 0.018968691120215226
1 0.5671636004836382 0.23200000000000728 0.41432720096727643 0.017509561034050422
0 0.36 0.23200000000000728 0.020833333030448556 0.017509561034050422
1 0.6035514461335897 0.726 0.33510289226717943 0.014591300861706258
0 0.4360000000000009 0.726 0.10416666515224461 0.014591300861706258
1 0.3928791956198693 0.2040000000000073 0.3057583912397386 0.013132170775541454
0 0.2400000000000009 0.2040000000000073 0.1458333312131417 0.013132170775541454
1 0.17912926128103754 0.3420000000000073 0.3582585225620751 0.013132170775541454
1 0.07054852313636911 0.2839999999999927 0.14109704627273822 0.011673040689362096
1 0.5954045256877707 0.11799999999999272 0.31880905137554144 0.007295650430853129
0 0.436 0.11799999999999272 0.08333333212179422 0.007295650430853129
1 0.956 0.24399999999999272 0.088 0.007295650430853129
0 0.912 0.24399999999999272 0.08333333212179422 0.007295650430853129
1 0.756 0.342 0.488 0.004377390258508967