1 0.29546716420389746 0.63 0.550934328407795 0.03939651232660981
0 0.12979166492508012 0.63 0.25958332985016025 0.03939651232660981
1 0.949 0.706 0.102 0.029182601723412516
0 0.8604583346205927 0.706 0.27908333075881453 0.029182601723412516
0 0.952 0.7200000000000019 0.020833333030448556 0.020427821206390945
0 0.9247083341662665 0.2819999999999982 0.15058333166746707 0.018968691120218865
1 0.6855609631534462 0.01 0.4631219263068924 0.014591300861706258
0 0.454 0.01 0.020833333030448556 0.014591300861706258
0 0.9505416671967151 0.178 0.09891666560656995 0.014591300861706258
1 0.31234748002364177 0.6520000000000018 0.2806949600472835 0.013132170775537815
0 0.1720000000000009 0.6520000000000018 0.1458333312131417 0.013132170775537815
1 0.14299160270984249 0.9220000000000018 0.26598320541968495 0.011673040689365734
0 0.02583333303044901 0.9220000000000018 0.05166666606089802 0.011673040689365734
0 0.9823750002271636 0.69 0.03524999954567284 0.008754780517025211