1 0.909 0.662 0.182 0.020427821206394584
0 0.8179999999999997 0.662 0.10416666515224324 0.020427821206394584
1 0.7051591757199048 0.29200000000000725 0.2303183514398097 0.017509561034050422
0 0.59 0.29200000000000725 0.14583333121314082 0.017509561034050422
1 0.914 0.63 0.172 0.014591300861706258
0 0.828 0.63 0.14583333121314082 0.014591300861706258
0 0.9691666669695512 0.034000000000007274 0.06166666606089757 0.013132170775541454
1 0.909 0.25199999999999273 0.182 0.011673040689362096
0 0.8179999999999997 0.25199999999999273 0.10416666515224324 0.011673040689362096
1 0.6018279012886513 0.6459999999999927 0.21965580257730244 0.011673040689362096
0 0.492 0.6459999999999927 0.14583333121314082 0.011673040689362096
1 0.6262139577909399 0.52 0.18042791558187993 0.010213910603197292
0 0.536 0.52 0.12499999818269225 0.010213910603197292
1 0.8247689684128582 0.7519999999999927 0.1455379368257163 0.007295650430853129
0 0.7519999999999998 0.7519999999999927 0.08333333212179468 0.007295650430853129