1 0.490459814018508 0.9219999999999927 0.980919628037016 0.055446943274480874
1 0.553 0.33399999999999275 0.894 0.05106955301597191
0 0.18841666469791743 0.33399999999999275 0.37683332939583486 0.05106955301597191
1 0.5465994994856992 0.528 0.2771989989713984 0.045233032671298135
0 0.408 0.528 0.08333333212179422 0.045233032671298135
1 0.025345001836671145 0.2560000000000073 0.05069000367334229 0.03210086189575668
1 0.775 0.352 0.45 0.029182601723412516
0 0.55 0.352 0.2499999963653827 0.029182601723412516
1 0.1363030260929354 0.4939999999999927 0.2726060521858708 0.026264341551068354
1 0.672 0.9419999999999927 0.656 0.026264341551068354
0 0.3439999999999982 0.9419999999999927 0.18749999727403702 0.026264341551068354
1 0.47001532362773285 0.6699999999999927 0.29603064725546574 0.021886951292559388
0 0.322 0.6699999999999927 0.12499999818269135 0.021886951292559388
1 0.08346776249717186 0.172 0.16693552499434372 0.020427821206394584
1 0.13756175396486106 0.37 0.2751235079297221 0.020427821206394584
1 0.851 0.192 0.298 0.018968691120215226
0 0.7019999999999982 0.192 0.18749999727403702 0.018968691120215226
1 0.7407468114958574 0.3260000000000073 0.4254936229917148 0.017509561034050422
0 0.5279999999999981 0.3260000000000073 0.18749999727403702 0.017509561034050422
1 0.5719006419997495 0.3800000000000073 0.411801283999499 0.017509561034050422
0 0.36599999999999816 0.3800000000000073 0.1458333312131399 0.017509561034050422
1 0.448782242817455 0.26 0.40556448563490993 0.010213910603197292
0 0.2459999999999982 0.26 0.10416666515224278 0.010213910603197292
1 0.47850725869856797 0.128 0.14101451739713594 0.008754780517017934
0 0.408 0.128 0.08333333212179422 0.008754780517017934