1 0.891 0.94 0.218 0.03939651232660981
0 0.7819999999999996 0.94 0.18749999727403793 0.03939651232660981
1 0.15998855358552463 0.9519999999999982 0.31997710717104927 0.026264341551071994
1 0.8816651779883441 0.2580000000000009 0.15533035597668823 0.021886951292561206
0 0.8040000000000005 0.2580000000000009 0.12499999818269225 0.021886951292561206
1 0.20467744514384958 0.816 0.40935489028769917 0.01605043094787834
1 0.20310585654574742 0.828 0.40221171309149484 0.01605043094787834
0 0.04266666606089711 0.828 0.08533333212179423 0.01605043094787834
1 0.972 0.782 0.056 0.014591300861706258
0 0.9251250006814903 0.782 0.1497499986370194 0.014591300861706258
1 0.5444151323648175 0.7760000000000018 0.284830264729635 0.011673040689365734
0 0.40200000000000047 0.7760000000000018 0.1041666651522437 0.011673040689365734
1 0.07704375671910975 0.7980000000000018 0.1540875134382195 0.011673040689365734
1 0.17294074465110726 0.04200000000000091 0.3458814893022145 0.010213910603195472
0 0.9407500004543272 0.97 0.11849999909134568 0.008754780517025211
1 0.945 0.432 0.11 0.007295650430853129
0 0.8900000000000005 0.432 0.12499999818269225 0.007295650430853129
1 0.27834100005311574 0.626 0.1406820001062315 0.007295650430853129
0 0.20800000000000046 0.626 0.1041666651522437 0.007295650430853129