1 0.9 0.478 0.2 0.021886951292560297
0 0.8000000000000009 0.478 0.2083333303044874 0.021886951292560297
1 0.20809663356464353 0.16 0.41619326712928706 0.018968691120218865
1 0.6686599530003469 0.17599999999999977 0.49331990600069364 0.017509561034048146
0 0.422 0.17599999999999977 0.08333333212179422 0.017509561034048146
1 0.402782574656233 0.3140000000000002 0.157565149312466 0.016050430947877885
0 0.3240000000000009 0.3140000000000002 0.16666666424359028 0.016050430947877885
1 0.03459008619400356 0.4360000000000002 0.06918017238800712 0.016050430947877885
1 0.927 0.28200000000000025 0.146 0.013132170775536451
0 0.854 0.28200000000000025 0.08333333212179422 0.013132170775536451
1 0.4856988560092868 0.22 0.32339771201857365 0.011673040689365734
0 0.324 0.22 0.12499999818269135 0.011673040689365734
1 0.0817004469548133 0.6920000000000003 0.1634008939096266 0.010213910603195018
1 0.10368100804021196 0.108 0.20736201608042393 0.005836520344682867
1 0.7198196958109802 0.652 0.14363939162196038 0.005836520344682867