1 0.7137122005693091 0.8399999999999964 0.4634244011386181 0.035019122068093565
0 0.4819999999999982 0.8399999999999964 0.1458333312131399 0.035019122068093565
1 0.1707791877151194 0.966 0.3415583754302388 0.03210086189575668
1 0.866 0.014000000000003638 0.268 0.0189686911202225
0 0.732 0.014000000000003638 0.12499999818269135 0.0189686911202225
1 0.698 0.9460000000000036 0.604 0.0189686911202225
0 0.3959999999999982 0.9460000000000036 0.27083332939583127 0.0189686911202225
1 0.5468421464611638 0.048 0.15368429292232758 0.014591300861706258
0 0.47 0.048 0.16666666424358845 0.014591300861706258
1 0.20475158404629837 0.392 0.40950316809259674 0.010213910603197292
0 0.017249999545672835 0.392 0.03449999909134567 0.010213910603197292