1 0.2466186329113998 0.044 0.3692372658227996 0.0306417318095846
0 0.062 0.044 0.10416666515224278 0.0306417318095846
1 0.802 0.24799999999999908 0.396 0.024805211464901732
0 0.604 0.24799999999999908 0.12499999818269135 0.024805211464901732
1 0.937 0.426 0.126 0.01605043094787834
0 0.874 0.426 0.10416666515224278 0.01605043094787834
1 0.5171462287866698 0.3599999999999991 0.23829245757333956 0.013132170775535997
0 0.398 0.3599999999999991 0.08333333212179422 0.013132170775535997
1 0.3988272938624559 0.298 0.30565458772491183 0.011673040689365734
0 0.246 0.298 0.062499999091345675 0.011673040689365734
0 0.9811666669695515 0.31 0.037666666060897115 0.011673040689365734
1 0.7401582134803494 0.76 0.16431642696069867 0.008754780517025211
0 0.658 0.76 0.04166666606089711 0.008754780517025211