1 0.12525012433084157 0.23600000000000182 0.25050024866168313 0.04377390258512241
1 0.748 0.26200000000000184 0.504 0.0350191220680972
0 0.49599999999999816 0.26200000000000184 0.22916666333493413 0.0350191220680972
1 0.932 0.4059999999999982 0.136 0.026264341551071994
0 0.864 0.4059999999999982 0.20833333030448556 0.026264341551071994
1 0.742 0.792 0.516 0.021886951292559388
0 0.48399999999999815 0.792 0.22916666333493413 0.021886951292559388
1 0.5127896129851124 0.06799999999999819 0.1415792259702248 0.017509561034046783
0 0.44199999999999817 0.06799999999999819 0.062499999091345675 0.017509561034046783
1 0.932 0.978 0.136 0.014591300861706258
0 0.8639999999999982 0.978 0.1458333312131399 0.014591300861706258
0 0.9659583337119384 0.8780000000000018 0.06808333257612321 0.013132170775537815
1 0.30459003526739437 0.9780000000000019 0.4211800705347887 0.013132170775537815
0 0.094 0.9780000000000019 0.16666666424358845 0.013132170775537815
1 0.14810003983215939 0.3580000000000018 0.29620007966431877 0.011673040689365734
1 0.035926657638077814 0.38200000000000184 0.07185331527615563 0.011673040689365734
0 0.9659583337119384 0.9240000000000018 0.06808333257612321 0.011673040689365734
1 0.1409446079524514 0.2159999999999982 0.2818892159049028 0.010213910603193653
1 0.08209230884657336 0.028 0.1641846176931467 0.008754780517025211
1 0.8482123330565755 0.392 0.29242466611315104 0.007295650430853129
0 0.702 0.392 0.08333333212179422 0.007295650430853129
1 0.08688138482279101 0.372 0.17376276964558202 0.005836520344681048
1 0.1355876801624381 0.44 0.2711753603248762 0.005836520344681048