1 0.5500880080792458 0.084 0.3681760161584916 0.03210086189575668
0 0.366 0.084 0.10416666515224278 0.03210086189575668
1 0.5234594254079656 0.006295650430853129 0.5749188508159314 0.012591300861706258
0 0.2360000000000009 0.006295650430853129 0.2083333303044874 0.012591300861706258
1 0.03570875991543562 0.6020000000000019 0.07141751983087125 0.020427821206390945
1 0.14100218463233524 0.3579999999999982 0.2820043692646705 0.018968691120218865
1 0.07634790336444712 0.07399999999999818 0.15269580672889424 0.017509561034046783
1 0.7147978566062647 0.010000000000001818 0.4615957132125295 0.011673040689365734
0 0.48400000000000093 0.010000000000001818 0.1458333312131417 0.011673040689365734
1 0.25910375406816 0.586 0.35020750813632 0.008754780517025211
0 0.084 0.586 0.08333333212179422 0.008754780517025211
1 0.975 0.01600000000000182 0.05 0.0043773902585126055