1 0.971 0.848 0.058 0.045233032671298135
0 0.942 0.848 0.10416666515224278 0.045233032671298135
1 0.3036608938717445 0.63 0.41532178774348905 0.02480521146490355
0 0.09599999999999954 0.63 0.18749999727403793 0.02480521146490355
1 0.927 0.962 0.146 0.02480521146490355
0 0.8436666678782049 0.962 0.3126666642435903 0.02480521146490355
1 0.11007520429862598 0.5239999999999927 0.22015040859725196 0.021886951292559388
0 0.9827500004543271 0.5859999999999927 0.03449999909134567 0.021886951292559388
1 0.20192107339964877 0.366 0.40384214679929753 0.020427821206394584
1 0.37042036906267456 0.9898930446984013 0.26484073812534914 0.020213910603197292
0 0.23799999999999955 0.9898930446984013 0.2499999963653836 0.020213910603197292
1 0.743 0.43999999999999273 0.514 0.016050430947871064
0 0.48600000000000093 0.43999999999999273 0.18749999727403882 0.016050430947871064
1 0.629 0.928 0.742 0.014591300861706258
0 0.258 0.928 0.12499999818269135 0.014591300861706258
1 0.922 0.17199999999999271 0.156 0.011673040689362096
0 0.844 0.17199999999999271 0.04166666606089711 0.011673040689362096
0 0.9821666669695515 0.5659999999999927 0.03566666606089711 0.007295650430853129