0 0.8788333348477572 0.074 0.24233333030448556 0.08317041491172858
1 0.17122654039311055 0.042 0.3424530807862211 0.03939651232660981
1 0.09004402417209166 0.066 0.18008804834418332 0.029182601723412516
1 0.6623073257002962 0.7439999999999928 0.49661465140059224 0.026264341551068354
0 0.414 0.7439999999999928 0.12499999818269135 0.026264341551068354
1 0.902 0.092 0.196 0.018968691120215226
0 0.8039999999999982 0.092 0.020833333030448556 0.018968691120215226
1 0.18530207445035193 0.018000000000007278 0.37060414890070387 0.017509561034050422
1 0.7090738845200267 0.5559999999999927 0.30614776904005336 0.016050430947871064
0 0.5559999999999982 0.5559999999999927 0.020833333030448556 0.016050430947871064
1 0.13871454993762108 0.386 0.27742909987524217 0.014591300861706258
1 0.37094796432066507 0.696 0.1938959286413301 0.014591300861706258
0 0.274 0.696 0.12499999818269135 0.014591300861706258
1 0.37056813274906925 0.712 0.19313626549813853 0.014591300861706258
0 0.274 0.712 0.12499999818269135 0.014591300861706258
1 0.853 0.722 0.294 0.014591300861706258
0 0.706 0.722 0.16666666424358845 0.014591300861706258
1 0.08178612165684353 0.7100000000000073 0.16357224331368705 0.013132170775541454
1 0.691 0.8399999999999928 0.618 0.011673040689362096
0 0.3820000000000009 0.8399999999999928 0.1458333312131417 0.011673040689362096
1 0.908 0.85 0.184 0.010213910603197292
0 0.8159999999999982 0.85 0.1458333312131399 0.010213910603197292
1 0.5129094818476478 0.362 0.19781896369529567 0.008754780517017934
0 0.414 0.362 0.12499999818269135 0.008754780517017934
1 0.794 0.414 0.412 0.008754780517017934
0 0.588 0.414 0.08333333212179422 0.008754780517017934
1 0.6254523393668333 0.08 0.40290467873366653 0.005836520344688324
0 0.424 0.08 0.08333333212179422 0.005836520344688324
1 0.897 0.15200000000000727 0.206 0.002918260172344162