1 0.06125950274528623 0.44 0.12251900549057246 0.02480521146490355
1 0.947 0.14399999999999272 0.106 0.021886951292559388
0 0.8939999999999981 0.14399999999999272 0.1458333312131399 0.021886951292559388
1 0.45774422633133144 0.45999999999999275 0.6034884526626629 0.021886951292559388
0 0.156 0.45999999999999275 0.12499999818269135 0.021886951292559388
0 0.9595416671967141 0.6779999999999927 0.08091666560657176 0.016050430947871064
1 0.02512677144347617 0.9819999999999928 0.05025354288695234 0.016050430947871064
1 0.11156711429849384 0.004283042693889002 0.22313422859698767 0.008566085387778003
1 0.968 0.36800000000000727 0.064 0.013132170775541454
0 0.936 0.36800000000000727 0.12499999818269135 0.013132170775541454
1 0.562 0.6500000000000072 0.876 0.013132170775541454
0 0.124 0.6500000000000072 0.12499999818269135 0.013132170775541454
0 0.9695416671967141 0.9960817398276558 0.06091666560657177 0.007836520344688324
1 0.5721427412616867 0.406 0.6162854825233735 0.010213910603197292
0 0.2639999999999982 0.406 0.1458333312131399 0.010213910603197292
1 0.6053396281075603 0.534 0.1586792562151204 0.008754780517017934
0 0.526 0.534 0.08333333212179422 0.008754780517017934