1 0.7016436045277187 0.098 0.4072872090554374 0.05836520344682503
0 0.498 0.098 0.2499999963653827 0.05836520344682503
1 0.20025353757527045 0.24799999999999273 0.4005070751505409 0.026264341551068354
1 0.787 0.872 0.426 0.020427821206394584
0 0.5739999999999982 0.872 0.27083332939583127 0.020427821206394584
1 0.6309787834214657 0.318 0.5899575668429315 0.018968691120215226
0 0.3359999999999982 0.318 0.18749999727403702 0.018968691120215226
0 0.9893333339391028 0.21400000000000727 0.021333332121794227 0.017509561034050422
1 0.6936678847330422 0.3340000000000073 0.39133576946608445 0.017509561034050422
0 0.498 0.3340000000000073 0.08333333212179422 0.017509561034050422
1 0.922 0.16599999999999274 0.156 0.016050430947871064
0 0.844 0.16599999999999274 0.08333333212179422 0.016050430947871064
1 0.5601065950476932 0.3499999999999927 0.3842131900953864 0.016050430947871064
0 0.36799999999999816 0.3499999999999927 0.1458333312131399 0.016050430947871064
1 0.46338821100152744 0.7559999999999927 0.9067764220030549 0.016050430947871064
0 0.05187499931850834 0.7559999999999927 0.10374999863701669 0.016050430947871064
1 0.11305643436676291 0.8239999999999927 0.22611286873352582 0.016050430947871064
0 0.020249999545672834 0.8239999999999927 0.04049999909134567 0.016050430947871064
1 0.3665244786655021 0.934 0.2370489573310042 0.014591300861706258
0 0.2479999999999982 0.934 0.10416666515224278 0.014591300861706258
1 0.4162308758673153 0.49600000000000727 0.5724617517346305 0.013132170775541454
0 0.12999999999999817 0.49600000000000727 0.1458333312131399 0.013132170775541454
1 0.6241565223846355 0.7400000000000073 0.6843130447692711 0.013132170775541454
0 0.282 0.7400000000000073 0.16666666424358845 0.013132170775541454
1 0.23134203622148197 0.856 0.46268407244296395 0.010213910603197292
0 0.009833333030448557 0.856 0.019666666060897113 0.010213910603197292
1 0.5993502980411703 0.3079999999999927 0.20270059608234078 0.007295650430853129
0 0.49799999999999817 0.3079999999999927 0.10416666515224278 0.007295650430853129
1 0.7745190621641322 0.7959999999999927 0.14103812432826454 0.007295650430853129
0 0.7039999999999982 0.7959999999999927 0.10416666515224278 0.007295650430853129