1 0.11848994179397505 0.526 0.2369798835879501 0.05398781318831607
0 0.05012499886418254 0.526 0.10024999772836508 0.05398781318831607
1 0.803 0.3440000000000073 0.394 0.027723471637247712
0 0.6060000000000009 0.3440000000000073 0.22916666333493596 0.027723471637247712
1 0.05574748641166388 0.4099999999999927 0.11149497282332776 0.021886951292559388
1 0.47101340258225627 0.364 0.7500268051645126 0.020427821206394584
0 0.09599999999999954 0.364 0.18749999727403793 0.020427821206394584
1 0.24387154369953076 0.398 0.4877430873990615 0.018968691120215226
1 0.917 0.6720000000000073 0.166 0.017509561034050422
0 0.834 0.6720000000000073 0.12499999818269135 0.017509561034050422
1 0.3025724378015075 0.8139999999999927 0.457144875603015 0.016050430947871064
0 0.07400000000000045 0.8139999999999927 0.12499999818269225 0.016050430947871064
1 0.3086683599507287 0.274 0.4453367199014574 0.014591300861706258
0 0.08600000000000045 0.274 0.12499999818269225 0.014591300861706258
1 0.10328520138841213 0.20800000000000726 0.20657040277682426 0.013132170775541454
1 0.02608640203053119 0.41800000000000725 0.05217280406106238 0.013132170775541454
1 0.3158027768367283 0.4500000000000073 0.5916055536734566 0.013132170775541454
0 0.04645833280328543 0.4500000000000073 0.09291666560657086 0.013132170775541454
1 0.987 0.234 0.026 0.010213910603197292
0 0.9661666669695514 0.234 0.06766666606089712 0.010213910603197292
1 0.1200094078565262 0.32 0.2400188157130524 0.010213910603197292
1 0.2452807850990366 0.4939999999999927 0.2985615701980732 0.007295650430853129
0 0.09600000000000046 0.4939999999999927 0.08333333212179514 0.007295650430853129
1 0.24461882900781165 0.862 0.3172376580156233 0.004377390258508967
0 0.086 0.862 0.062499999091345675 0.004377390258508967