1 0.03030759267612598 0.558 0.06061518535225196 0.021886951292559388
1 0.44967019847829126 0.258 0.16334039695658248 0.017509561034050422
0 0.36799999999999955 0.258 0.16666666424358936 0.017509561034050422
0 0.9977916667423878 0.16199999999999637 0.004416666515224279 0.013132170775534177
1 0.17467138266847496 0.21199999999999636 0.30934276533694993 0.013132170775534177
0 0.03604166628806069 0.21199999999999636 0.07208333257612139 0.013132170775534177
1 0.2698745166937538 0.28599999999999637 0.3037490333875075 0.013132170775534177
0 0.118 0.28599999999999637 0.062499999091345675 0.013132170775534177
1 0.12725796331050468 0.9974465223492007 0.25451592662100936 0.005106955301598646
1 0.6457734608188903 0.23600000000000365 0.33954692163778055 0.008754780517025211
0 0.4760000000000005 0.23600000000000365 0.12499999818269225 0.008754780517025211
1 0.03447873471681305 0.6080000000000036 0.0689574694336261 0.008754780517025211
1 0.949 0.734 0.102 0.004377390258508967