1 0.6987214227460427 0.35600000000000365 0.5774428454920854 0.02626434155107563
0 0.41 0.35600000000000365 0.12499999818269135 0.02626434155107563
1 0.14776262095014225 0.6020000000000036 0.2955252419002845 0.023346081378731467
1 0.5847277021778818 0.608 0.3054554043557637 0.021886951292559388
0 0.4320000000000009 0.608 0.1458333312131417 0.021886951292559388
1 0.4285759832457825 0.854 0.42515196649156495 0.021886951292559388
0 0.21599999999999955 0.854 0.18749999727403793 0.021886951292559388
1 0.884 0.89 0.232 0.017509561034050422
0 0.768 0.89 0.08333333212179422 0.017509561034050422
1 0.7290468866759493 0.838 0.4420937733518986 0.011673040689362096
0 0.5080000000000009 0.838 0.16666666424359028 0.011673040689362096
1 0.8381631364887672 0.9800000000000036 0.2923262729775342 0.008754780517025211
0 0.692 0.9800000000000036 0.062499999091345675 0.008754780517025211
1 0.3309678753520748 0.428 0.5579357507041496 0.007295650430853129
0 0.052000000000000456 0.428 0.08333333212179514 0.007295650430853129