1 0.968 0.676 0.064 0.029182601723412516
0 0.9159166674238786 0.676 0.1681666651522428 0.029182601723412516
1 0.655458915880512 0.826 0.518917831761024 0.029182601723412516
0 0.3960000000000018 0.826 0.33333332848718056 0.029182601723412516
1 0.09635950662426876 0.12399999999999636 0.19271901324853752 0.027723471637240437
1 0.639041753375388 0.3840000000000036 0.486083506750776 0.023346081378731467
0 0.396 0.3840000000000036 0.12499999818269135 0.023346081378731467
1 0.92 0.308 0.16 0.021886951292559388
0 0.84 0.308 0.2499999963653827 0.021886951292559388
1 0.893 0.12399999999999636 0.214 0.020427821206387305
0 0.7859999999999981 0.12399999999999636 0.27083332939583127 0.020427821206387305
1 0.7487540392570154 0.2660000000000036 0.4895080785140308 0.01605043094787834
0 0.504 0.2660000000000036 0.08333333212179422 0.01605043094787834
1 0.979 0.35600000000000365 0.042 0.01605043094787834
0 0.9321250006814898 0.35600000000000365 0.13574999863702034 0.01605043094787834
1 0.14871715090116958 0.306 0.29743430180233915 0.014591300861706258
1 0.02773483338402002 0.6460000000000072 0.05546966676804004 0.013132170775541454