1 0.945 0.87 0.11 0.030641731809591875
0 0.8720833343934296 0.87 0.25583333121314084 0.030641731809591875
1 0.886 0.538 0.228 0.023346081378724192
0 0.772 0.538 0.14583333121314082 0.023346081378724192
1 0.934 0.07799999999999273 0.132 0.021886951292559388
0 0.868 0.07799999999999273 0.14583333121314082 0.021886951292559388
1 0.29593258460994865 0.66 0.21986516921989732 0.018968691120215226
0 0.18599999999999978 0.66 0.2291666633349355 0.018968691120215226
1 0.14360557343393293 0.7380000000000073 0.28721114686786586 0.013132170775541454
1 0.8674999287604953 0.18199999999999272 0.25899985752099064 0.011673040689362096
0 0.738 0.18199999999999272 0.14583333121314082 0.011673040689362096