1 0.6791548736704994 0.6960000000000036 0.2983097473409989 0.0189686911202225
0 0.5300000000000005 0.6960000000000036 0.1041666651522437 0.0189686911202225
1 0.12112151029532334 0.736 0.24224302059064667 0.017509561034050422
0 0.004624999772836645 0.736 0.00924999954567329 0.017509561034050422
1 0.44805069604617986 0.9 0.22810139209235966 0.014591300861706258
0 0.33400000000000046 0.9 0.12499999818269225 0.014591300861706258
1 0.44425354600555694 0.26199999999999635 0.22050709201111385 0.013132170775534177
0 0.33400000000000046 0.26199999999999635 0.14583333121314082 0.013132170775534177
1 0.14712286817465248 0.064 0.29424573634930495 0.011673040689362096
0 0.014458332803285203 0.064 0.028916665606570406 0.011673040689362096
1 0.803 0.21800000000000364 0.394 0.008754780517025211
0 0.6060000000000004 0.21800000000000364 0.1041666651522437 0.008754780517025211