1 0.19410141668706773 0.514 0.26420283337413547 0.023346081378731467
0 0.07787499931850925 0.514 0.1557499986370185 0.023346081378731467
1 0.19323952624854474 0.3859999999999982 0.38647905249708947 0.018968691120218865
0 0.0072499995456732904 0.3859999999999982 0.014499999091346581 0.018968691120218865
1 0.6618122383227965 0.36799999999999816 0.29162447664559293 0.017509561034046783
0 0.5160000000000005 0.36799999999999816 0.12499999818269225 0.017509561034046783
1 0.986 0.558 0.028 0.014591300861706258
0 0.9547500004543271 0.558 0.09049999909134566 0.014591300861706258
1 0.17407532739567477 0.3580000000000018 0.34815065479134955 0.013132170775537815
0 0.02404166628806115 0.3580000000000018 0.0480833325761223 0.013132170775537815
1 0.546848229143875 0.492 0.18969645828774992 0.007295650430853129
0 0.45200000000000046 0.492 0.08333333212179514 0.007295650430853129