1 0.6329420115524672 0.002943475646279694 0.6418840231049344 0.005886951292559388
0 0.3120000000000009 0.002943475646279694 0.18749999727403882 0.005886951292559388
1 0.5530297495811947 0.010213910603197292 0.22205949916238932 0.020427821206394584
0 0.4420000000000009 0.010213910603197292 0.16666666424359028 0.020427821206394584
1 0.6551287141718339 0.28799999999999637 0.2982574283436679 0.020427821206387305
0 0.5060000000000009 0.28799999999999637 0.1458333312131417 0.020427821206387305
1 0.7176464080620599 0.7039999999999964 0.5072928161241198 0.020427821206387305
0 0.4640000000000009 0.7039999999999964 0.18749999727403882 0.020427821206387305
1 0.5561776523927138 0.8000000000000036 0.14435530478542752 0.01605043094787834
0 0.484 0.8000000000000036 0.062499999091345675 0.01605043094787834
1 0.10230569751384974 0.876 0.20461139502769948 0.014591300861706258
1 0.872 0.7119999999999964 0.256 0.013132170775534177
0 0.744 0.7119999999999964 0.08333333212179422 0.013132170775534177
1 0.5633565489699568 0.222 0.2227130979399135 0.011673040689362096
0 0.452 0.222 0.062499999091345675 0.011673040689362096