1 0.1975373953404769 0.9880000000000037 0.3950747906809538 0.0189686911202225
1 0.14299768212184152 0.356 0.28599536424368305 0.017509561034050422
1 0.7916327031499913 0.30400000000000366 0.3072654062999827 0.01605043094787834
0 0.638 0.30400000000000366 0.020833333030448556 0.01605043094787834
1 0.10123726893290859 0.746 0.20247453786581718 0.014591300861706258
0 0.013666666060897115 0.746 0.02733333212179423 0.014591300861706258
1 0.6916105087951674 0.37400000000000366 0.15122101759033466 0.008754780517025211
1 0.683217722575766 0.28399999999999637 0.1544354451515319 0.005836520344681048
0 0.606 0.28399999999999637 0.08333333212179422 0.005836520344681048
1 0.18835508568810838 0.792 0.37671017137621676 0.004377390258508967
0 0.003624999772836418 0.792 0.007249999545672836 0.004377390258508967