1 0.891 0.3639999999999964 0.218 0.027723471637240437
0 0.782 0.3639999999999964 0.12499999818269225 0.027723471637240437
1 0.31337198642908154 0.7119999999999964 0.23474397285816304 0.027723471637240437
0 0.196 0.7119999999999964 0.12499999818269225 0.027723471637240437
1 0.4241334231240621 0.4319999999999964 0.23626684624812425 0.013132170775534177
0 0.30599999999999977 0.4319999999999964 0.10416666515224324 0.013132170775534177
1 0.864 0.954 0.272 0.011673040689362096
0 0.728 0.954 0.12499999818269225 0.011673040689362096
1 0.06048190755983023 0.256 0.12096381511966046 0.010213910603197292
1 0.929 0.3920000000000036 0.142 0.008754780517025211
0 0.8579999999999998 0.3920000000000036 0.08333333212179468 0.008754780517025211