1 0.148234856336323 0.398 0.296469712672646 0.058365203446828676
0 0.06454166537940682 0.398 0.12908333075881365 0.058365203446828676
1 0.08608608330604602 0.198 0.17217216661209203 0.03793738224043773
0 0.04487499931850925 0.198 0.0897499986370185 0.03793738224043773
1 0.845 0.2400000000000009 0.31 0.03647825215426746
0 0.6899999999999995 0.2400000000000009 0.20833333030448647 0.03647825215426746
1 0.731 0.574 0.538 0.026264341551071994
0 0.4619999999999995 0.574 0.20833333030448647 0.026264341551071994
1 0.845 0.846 0.31 0.026264341551071994
0 0.6900000000000005 0.846 0.14583333121314082 0.026264341551071994
1 0.09918903899616498 0.322 0.19837807799232995 0.023346081378731467
1 0.549526093402892 0.518 0.455052186805784 0.023346081378731467
0 0.32199999999999956 0.518 0.16666666424358936 0.023346081378731467
1 0.137407725774357 0.49200000000000094 0.274815451548714 0.021886951292561206
1 0.4796404106592481 0.068 0.5552808213184962 0.018968691120218865
0 0.20200000000000046 0.068 0.12499999818269225 0.018968691120218865
1 0.07435866307266678 0.286 0.14871732614533356 0.018968691120218865
1 0.23293295948162812 0.71 0.34186591896325624 0.01605043094787834
0 0.06200000000000046 0.71 0.1041666651522437 0.01605043094787834
1 0.06403827714840053 0.878 0.12807655429680107 0.01605043094787834
1 0.056386465680070615 0.15799999999999909 0.11277293136014123 0.013132170775535997
1 0.14054919457685947 0.543999999999999 0.28109838915371893 0.013132170775535997
1 0.774 0.6320000000000009 0.452 0.010213910603195472
0 0.5480000000000005 0.6320000000000009 0.1041666651522437 0.010213910603195472
0 0.9599583337119393 0.663999999999999 0.0800833325761214 0.008754780517023391
1 0.7369291639324415 0.679999999999999 0.377858327864883 0.008754780517023391
0 0.5480000000000005 0.679999999999999 0.08333333212179514 0.008754780517023391
1 0.7154338357363945 0.7199999999999991 0.374867671472789 0.008754780517023391
0 0.5280000000000005 0.7199999999999991 0.08333333212179514 0.008754780517023391
1 0.7908112520056607 0.78 0.28962250401132134 0.007295650430853129
0 0.6460000000000005 0.78 0.08333333212179514 0.007295650430853129