1 0.6595680331659796 0.832 0.3671360663319592 0.02480521146490355
0 0.4760000000000005 0.832 0.14583333121314082 0.02480521146490355
1 0.3327266103010779 0.488 0.2774532206021558 0.020427821206394584
0 0.19399999999999953 0.488 0.16666666424358936 0.020427821206394584
1 0.873 0.612 0.254 0.018968691120215226
0 0.7460000000000004 0.612 0.1041666651522437 0.018968691120215226
1 0.966 0.8760000000000073 0.068 0.017509561034050422
0 0.929541667196715 0.8760000000000073 0.14091666560656996 0.017509561034050422
1 0.6746977850747867 0.9680000000000073 0.22539557014957337 0.017509561034050422
0 0.5620000000000005 0.9680000000000073 0.1041666651522437 0.017509561034050422
1 0.09018331523113056 0.9680000000000073 0.18036663046226112 0.017509561034050422
0 0.018291665833733758 0.9680000000000073 0.036583331667467515 0.017509561034050422
1 0.7092277106678662 0.4279999999999927 0.37845542133573234 0.016050430947871064
0 0.5200000000000005 0.4279999999999927 0.12499999818269225 0.016050430947871064
0 0.9673333339391025 0.5780000000000073 0.06533333212179514 0.013132170775541454
1 0.23272787123120633 0.16599999999999274 0.46545574246241267 0.007295650430853129
0 0.020041666288060696 0.16599999999999274 0.04008333257612139 0.007295650430853129
1 0.5645077124366621 0.5659999999999927 0.22101542487332426 0.007295650430853129
0 0.45400000000000046 0.5659999999999927 0.12499999818269225 0.007295650430853129