1 0.2609485665673474 0.414 0.5218971331346948 0.05398781318831607
1 0.555542228574006 0.342 0.295084457148012 0.0496104229298071
0 0.4079999999999982 0.342 0.020833333030448556 0.0496104229298071
1 0.5 0.16 1.0 0.033559991981921486
0 0.0277083323489569 0.16 0.0554166646979138 0.033559991981921486
1 0.38861336189692336 0.48200000000000726 0.5652267237938468 0.027723471637247712
0 0.14674999863702032 0.48200000000000726 0.29349999727404064 0.027723471637247712
1 0.07489848198920117 0.616 0.14979696397840234 0.02480521146490355
0 0.022333332121796046 0.616 0.04466666424359209 0.02480521146490355
1 0.7050036399929431 0.96 0.5700072799858863 0.023346081378724192
0 0.42 0.96 0.20833333030448556 0.023346081378724192
1 0.08693414692821898 0.5979999999999928 0.17386829385643796 0.021886951292559388
1 0.054533085629718696 0.708 0.10906617125943739 0.020427821206394584
1 0.878 0.6220000000000073 0.244 0.017509561034050422
0 0.756 0.6220000000000073 0.16666666424358845 0.017509561034050422
1 0.6602042456600739 0.6760000000000073 0.43640849132014775 0.017509561034050422
0 0.442 0.6760000000000073 0.16666666424358845 0.017509561034050422
1 0.564426475104563 0.8780000000000073 0.288852950209126 0.017509561034050422
0 0.4199999999999982 0.8780000000000073 0.22916666333493413 0.017509561034050422
1 0.861 0.5799999999999927 0.278 0.016050430947871064
0 0.722 0.5799999999999927 0.12499999818269135 0.016050430947871064
1 0.16327215843833257 0.766 0.1385443168766651 0.014591300861706258
0 0.09399999999999818 0.766 0.1458333312131399 0.014591300861706258
1 0.894 0.892 0.212 0.014591300861706258
0 0.788 0.892 0.08333333212179422 0.014591300861706258
1 0.47615096548930885 0.6260000000000073 0.2883019309786177 0.013132170775541454
0 0.3319999999999982 0.6260000000000073 0.1458333312131399 0.013132170775541454
1 0.6254093101587296 0.428 0.15081862031745913 0.010213910603197292
0 0.5499999999999982 0.428 0.062499999091345675 0.010213910603197292
1 0.14636405991299944 0.552 0.2927281198259989 0.010213910603197292
1 0.47813141262334463 0.35 0.29226282524668934 0.008754780517017934
0 0.332 0.35 0.12499999818269135 0.008754780517017934
1 0.21806925448832043 0.686 0.14013850897664087 0.008754780517017934
0 0.148 0.686 0.08333333212179422 0.008754780517017934
1 0.897923062550255 0.4059999999999927 0.1558461251005101 0.007295650430853129
0 0.8199999999999982 0.4059999999999927 0.10416666515224278 0.007295650430853129