1 0.3529162895210002 0.584 0.4738325790420004 0.03939651232660981
0 0.116 0.584 0.08333333212179422 0.03939651232660981
1 0.877 0.8220000000000018 0.246 0.0350191220680972
0 0.7540000000000009 0.8220000000000018 0.18749999727403882 0.0350191220680972
1 0.2666893371068609 0.194 0.5333786742137218 0.0306417318095846
1 0.774 0.534 0.452 0.021886951292559388
0 0.5480000000000009 0.534 0.16666666424359028 0.021886951292559388
1 0.959 0.1819999999999982 0.082 0.018968691120218865
0 0.8912916676510422 0.1819999999999982 0.21741666469791562 0.018968691120218865
1 0.7359149236787652 0.122 0.5038298473575306 0.01605043094787834
0 0.484 0.122 0.12499999818269135 0.01605043094787834
1 0.48490260564130494 0.37600000000000183 0.6298052112826099 0.013132170775537815
0 0.17 0.37600000000000183 0.04166666606089711 0.013132170775537815
1 0.34471229397308617 0.038 0.3294245879461723 0.005836520344681048
0 0.18 0.038 0.08333333212179422 0.005836520344681048
1 0.4652282051740513 0.794 0.1584564103481025 0.005836520344681048
0 0.386 0.794 0.062499999091345675 0.005836520344681048