1 0.855 0.3019999999999964 0.29 0.03793738224043773
0 0.71 0.3019999999999964 0.16666666424358845 0.03793738224043773
1 0.855 0.32799999999999635 0.29 0.03793738224043773
0 0.71 0.32799999999999635 0.16666666424358845 0.03793738224043773
1 0.931 0.5980000000000036 0.138 0.023346081378731467
0 0.8619999999999982 0.5980000000000036 0.1458333312131399 0.023346081378731467
1 0.811 0.076 0.378 0.021886951292559388
0 0.6219999999999982 0.076 0.18749999727403702 0.021886951292559388
1 0.09542968132658279 0.5039999999999963 0.19085936265316558 0.020427821206387305
1 0.05921782763671763 0.22600000000000364 0.11843565527343526 0.0189686911202225
1 0.757 0.42600000000000365 0.486 0.0189686911202225
0 0.514 0.42600000000000365 0.16666666424358845 0.0189686911202225
1 0.0678644298826075 0.366 0.135728859765215 0.014591300861706258
1 0.19357646647753246 0.39199999999999635 0.3111529329550649 0.013132170775534177
0 0.045041666288059785 0.39199999999999635 0.09008333257611957 0.013132170775534177
1 0.06672958140603805 0.114 0.1334591628120761 0.011673040689362096
1 0.4770151379316376 0.392 0.16203027586327517 0.011673040689362096
0 0.396 0.392 0.08333333212179422 0.011673040689362096