1 0.034949830781127275 0.108 0.06989966156225455 0.07441563439471065
1 0.793 0.194 0.414 0.05982433353300439
0 0.586 0.194 0.22916666333493596 0.05982433353300439
1 0.47663064139464406 0.007226518340168696 0.38526128278928806 0.014453036680337391
0 0.284 0.007226518340168696 0.27083332939583304 0.014453036680337391
0 0.9843333339391024 0.502 0.031333332121795135 0.03939651232660981
1 0.913 0.11000000000000727 0.174 0.037937382240445
0 0.826 0.11000000000000727 0.27083332939583304 0.037937382240445
1 0.10611854499319634 0.206 0.21223708998639268 0.033559991981921486
1 0.913 0.166 0.174 0.02480521146490355
0 0.8259999999999995 0.166 0.16666666424358936 0.02480521146490355
1 0.026924836764639623 0.642 0.053849673529279246 0.02480521146490355
1 0.038398534595447016 0.694 0.07679706919089403 0.02480521146490355
1 0.5425601560766504 0.5240000000000072 0.3651203121533008 0.017509561034050422
0 0.36 0.5240000000000072 0.22916666333493596 0.017509561034050422
0 0.9625416671967151 0.13599999999999274 0.07491666560656995 0.016050430947871064
1 0.18184838589690708 0.4979999999999927 0.23169677179381415 0.016050430947871064
0 0.07466666606089711 0.4979999999999927 0.14933333212179423 0.016050430947871064
0 0.9901250006814903 0.8459999999999928 0.019749998637019418 0.016050430947871064
1 0.03448525594487228 0.222 0.06897051188974455 0.010213910603197292
1 0.7046921377082913 0.898 0.4973842754165826 0.004377390258508967
0 0.456 0.898 0.062499999091345675 0.004377390258508967