1 0.35890169548027734 0.644 0.2938033909605547 0.020427821206394584
0 0.21199999999999955 0.644 0.18749999727403793 0.020427821206394584
1 0.861 0.6500000000000072 0.278 0.017509561034050422
0 0.7220000000000004 0.6500000000000072 0.12499999818269225 0.017509561034050422
1 0.30474298395700544 0.5040000000000037 0.37748596791401084 0.01605043094787834
0 0.116 0.5040000000000037 0.020833333030448556 0.01605043094787834
1 0.20537414119020922 0.452 0.41074828238041844 0.014591300861706258
0 0.028083332576121393 0.452 0.056166665152242785 0.014591300861706258
1 0.29660864474331083 0.824 0.2972172894866217 0.014591300861706258
0 0.14800000000000046 0.824 0.1041666651522437 0.014591300861706258
1 0.6493529211500859 0.39399999999999635 0.20270584230017175 0.013132170775534177
0 0.5480000000000005 0.39399999999999635 0.08333333212179514 0.013132170775534177
1 0.08903078741782974 0.6680000000000073 0.1780615748356595 0.013132170775541454
1 0.899 0.41600000000000364 0.202 0.008754780517025211
0 0.7980000000000005 0.41600000000000364 0.08333333212179514 0.008754780517025211
1 0.953 0.3619999999999964 0.094 0.005836520344681048
0 0.906 0.3619999999999964 0.04166666606089711 0.005836520344681048
1 0.38247383010497243 0.76 0.5769476602099448 0.004377390258508967