1 0.955 0.35 0.09 0.014591300861706258
0 0.91 0.35 0.12499999818269135 0.014591300861706258
1 0.17607782632444285 0.582 0.22415565264888573 0.014591300861706258
0 0.06845833280328588 0.582 0.13691666560657176 0.014591300861706258
1 0.955 0.756 0.09 0.014591300861706258
0 0.91 0.756 0.12499999818269135 0.014591300861706258
1 0.6704888790129853 0.964 0.34497775802597064 0.014591300861706258
0 0.498 0.964 0.10416666515224278 0.014591300861706258
1 0.933 0.30199999999999816 0.134 0.010213910603193653
0 0.866 0.30199999999999816 0.10416666515224278 0.010213910603193653
1 0.5660810561584158 0.41 0.30816211231683155 0.008754780517025211
0 0.412 0.41 0.062499999091345675 0.008754780517025211