1 0.11656776406366862 0.6759999999999927 0.23313552812733723 0.021886951292559388
1 0.7090392482801017 0.16200000000000728 0.44207849656020337 0.017509561034050422
0 0.48800000000000093 0.16200000000000728 0.2083333303044874 0.017509561034050422
1 0.7446076555470535 0.8 0.23321531109410717 0.014591300861706258
0 0.6280000000000009 0.8 0.1458333312131417 0.014591300861706258
1 0.675254797905297 0.5599999999999927 0.22250959581059396 0.011673040689362096
0 0.564 0.5599999999999927 0.062499999091345675 0.011673040689362096
1 0.20358564582450162 0.7419999999999928 0.14717129164900325 0.011673040689362096
0 0.13000000000000092 0.7419999999999928 0.1458333312131417 0.011673040689362096
1 0.5038367525035564 0.8779999999999927 0.2716735050071129 0.011673040689362096
0 0.368 0.8779999999999927 0.12499999818269135 0.011673040689362096
1 0.928 0.61 0.144 0.010213910603197292
0 0.856 0.61 0.08333333212179422 0.010213910603197292
1 0.7564974159044031 0.748 0.23299483180880634 0.010213910603197292
0 0.64 0.748 0.10416666515224278 0.010213910603197292