1 0.814 0.258 0.372 0.03793738224043773
0 0.6279999999999982 0.258 0.18749999727403702 0.03793738224043773
1 0.07359116099477615 0.9937043495691469 0.1471823219895523 0.012591300861706258
1 0.765 0.24200000000000182 0.47 0.027723471637244073
0 0.5299999999999981 0.24200000000000182 0.18749999727403702 0.027723471637244073
1 0.749 0.4579999999999982 0.502 0.026264341551071994
0 0.49799999999999817 0.4579999999999982 0.18749999727403702 0.026264341551071994
1 0.3916827002236696 0.292 0.5033654004473392 0.021886951292559388
0 0.14 0.292 0.20833333030448556 0.021886951292559388
1 0.982 0.482 0.036 0.01605043094787834
0 0.9351250006814898 0.482 0.12974999863702033 0.01605043094787834
1 0.3972037698645909 0.21 0.4904075397291817 0.014591300861706258
0 0.1519999999999982 0.21 0.062499999091345675 0.014591300861706258
1 0.3892593010228356 0.432 0.2585186020456713 0.014591300861706258
0 0.26 0.432 0.12499999818269135 0.014591300861706258
1 0.17992610786506338 0.736 0.35985221573012677 0.014591300861706258
1 0.6865708952214936 0.4160000000000018 0.5291417904429873 0.011673040689365734
0 0.42199999999999815 0.4160000000000018 0.1458333312131399 0.011673040689365734
1 0.3411833962189812 0.2639999999999982 0.37836679243796245 0.010213910603193653
0 0.1519999999999982 0.2639999999999982 0.062499999091345675 0.010213910603193653
1 0.024501821601339544 0.822 0.04900364320267909 0.005836520344681048
1 0.2976692421511252 0.5679999999999982 0.3793384843022504 0.002918260172340524