1 0.2739113965487606 0.2700000000000036 0.3478227930975213 0.023346081378731467
0 0.09999999999999977 0.2700000000000036 0.08333333212179468 0.023346081378731467
1 0.896 0.558 0.208 0.021886951292559388
0 0.7919999999999998 0.558 0.10416666515224324 0.021886951292559388
1 0.4849712868051504 0.3 0.18594257361030078 0.017509561034050422
0 0.392 0.3 0.16666666424358936 0.017509561034050422
1 0.06179474759924847 0.824 0.12358949519849693 0.017509561034050422
1 0.6323430510049163 0.8340000000000036 0.37268610200983265 0.01605043094787834
0 0.446 0.8340000000000036 0.16666666424358936 0.01605043094787834
1 0.11923584836900158 0.182 0.23447169673800317 0.014591300861706258
0 0.027041666288060696 0.182 0.05408333257612139 0.014591300861706258
0 0.9839583337119391 0.21199999999999636 0.03208333257612185 0.013132170775534177
0 0.9569583337119391 0.9974465223492007 0.08608333257612184 0.005106955301598646
1 0.869 0.6080000000000036 0.262 0.008754780517025211
0 0.7379999999999998 0.6080000000000036 0.08333333212179468 0.008754780517025211