1 0.14667264365303162 0.6040000000000036 0.29334528730606324 0.04085564241278189
0 0.06154166537940728 0.6040000000000036 0.12308333075881456 0.04085564241278189
1 0.10851801057315243 0.7659999999999964 0.21703602114630485 0.03793738224043773
0 0.020249999545672834 0.7659999999999964 0.04049999909134567 0.03793738224043773
1 0.684 0.4259999999999964 0.632 0.035019122068093565
0 0.3680000000000018 0.4259999999999964 0.2916666624262834 0.035019122068093565
1 0.26317606966610585 0.9279999999999964 0.5263521393322117 0.0306417318095846
1 0.24391506944387037 0.63 0.48783013888774074 0.029182601723412516
1 0.874 0.5839999999999964 0.252 0.020427821206387305
0 0.7479999999999982 0.5839999999999964 0.1458333312131399 0.020427821206387305
0 0.9519166674238786 0.638 0.09616666515224279 0.017509561034050422
1 0.3647203786319078 0.13000000000000364 0.4054407572638156 0.01605043094787834
0 0.162 0.13000000000000364 0.16666666424358845 0.01605043094787834
1 0.5988552739758816 0.642 0.3737105479517632 0.011673040689362096
0 0.4119999999999982 0.642 0.10416666515224278 0.011673040689362096
1 0.901 0.484 0.198 0.010213910603197292
0 0.802 0.484 0.12499999818269135 0.010213910603197292
1 0.16188395606545783 0.446 0.32376791213091566 0.007295650430853129
0 0.0046249997728355086 0.446 0.009249999545671017 0.007295650430853129