1 0.5669715473337746 0.5200000000000018 0.4739430946675493 0.0350191220680972
0 0.3299999999999982 0.5200000000000018 0.10416666515224278 0.0350191220680972
0 0.9002916676510413 0.004389997995480371 0.19941666469791744 0.008779995990960743
1 0.931 0.758 0.138 0.0306417318095846
0 0.8619999999999982 0.758 0.22916666333493413 0.0306417318095846
1 0.6 0.044 0.8 0.029182601723412516
0 0.19999999999999818 0.044 0.1458333312131399 0.029182601723412516
1 0.741 0.066 0.518 0.021886951292559388
0 0.482 0.066 0.12499999818269135 0.021886951292559388
1 0.07128800447519097 0.21 0.14257600895038194 0.021886951292559388
1 0.21022649007162364 0.578 0.4204529801432473 0.014591300861706258
0 0.017458332803284064 0.578 0.03491666560656813 0.014591300861706258
1 0.952 0.06200000000000182 0.096 0.013132170775537815
0 0.904 0.06200000000000182 0.12499999818269135 0.013132170775537815
1 0.15712196273114387 0.5320000000000018 0.15424392546228774 0.011673040689365734
0 0.08 0.5320000000000018 0.12499999818269135 0.011673040689365734
1 0.5241873344733086 0.232 0.648374668946617 0.005836520344681048