1 0.3639368685222653 0.024 0.5078737370445305 0.026264341551071994
0 0.11 0.024 0.20833333030448556 0.026264341551071994
1 0.20426880344499113 0.878 0.3165376068899823 0.023346081378731467
0 0.07508333257612139 0.878 0.15016666515224278 0.023346081378731467
1 0.8812289947905975 0.7840000000000009 0.17445798958119485 0.021886951292561206
0 0.794 0.7840000000000009 0.20833333030448556 0.021886951292561206
1 0.32097438434981085 0.9739999999999991 0.31394876869962174 0.020427821206389127
0 0.164 0.9739999999999991 0.2499999963653827 0.020427821206389127
1 0.5139618183468683 0.188 0.6759236366937367 0.018968691120218865
0 0.176 0.188 0.20833333030448556 0.018968691120218865
1 0.4426439150272254 0.0960000000000009 0.34128783005445074 0.0175095610340486
0 0.272 0.0960000000000009 0.12499999818269135 0.0175095610340486
1 0.23146022050601278 0.1360000000000009 0.46292044101202556 0.0175095610340486
1 0.048854983071134485 0.2360000000000009 0.09770996614226897 0.0175095610340486
1 0.2567280469620364 0.42000000000000093 0.4894560939240728 0.0175095610340486
0 0.042458332803284066 0.42000000000000093 0.08491666560656813 0.0175095610340486
1 0.229732778763424 0.9986226097414883 0.459465557526848 0.0027547805170233916
1 0.7944567063303257 0.378 0.3489134126606514 0.01605043094787834
0 0.6199999999999982 0.378 0.1458333312131399 0.01605043094787834
1 0.0749934839141024 0.676 0.1499869678282048 0.01605043094787834
0 0.04187499931850834 0.676 0.08374999863701668 0.01605043094787834
1 0.6713368964800884 0.938 0.1666737929601768 0.01605043094787834
0 0.5879999999999982 0.938 0.10416666515224278 0.01605043094787834
1 0.6553872825827457 0.0016478252154265647 0.17877456516549137 0.0032956504308531294
0 0.5659999999999982 0.0016478252154265647 0.22916666333493413 0.0032956504308531294
1 0.13421299632611589 0.06199999999999909 0.26842599265223177 0.013132170775535997
0 0.009666666060897115 0.06199999999999909 0.01933333212179423 0.013132170775535997
1 0.8226007981436524 0.7279999999999991 0.34120159628730473 0.013132170775535997
0 0.652 0.7279999999999991 0.12499999818269135 0.013132170775535997
1 0.4757419211242213 0.1440000000000009 0.3394838422484427 0.010213910603195472
0 0.306 0.1440000000000009 0.12499999818269135 0.010213910603195472
1 0.7066085663223912 0.1980000000000009 0.5212171326447824 0.010213910603195472
0 0.446 0.1980000000000009 0.16666666424358845 0.010213910603195472
1 0.1502418146118689 0.30000000000000093 0.1684836292237378 0.010213910603195472
0 0.066 0.30000000000000093 0.12499999818269135 0.010213910603195472
1 0.1394201909615531 0.3260000000000009 0.16684038192310618 0.010213910603195472
0 0.05599999999999818 0.3260000000000009 0.062499999091345675 0.010213910603195472
1 0.14529251698614826 0.7900000000000009 0.1585850339722965 0.005836520344682867
0 0.06599999999999819 0.7900000000000009 0.062499999091345675 0.005836520344682867