1 0.321794066723447 0.11 0.16358813344689407 0.03939651232660981
0 0.24 0.11 0.39583332757852624 0.03939651232660981
1 0.28868470901003457 0.22599999999999273 0.5773694180200691 0.026264341551068354
0 0.0417083323489569 0.22599999999999273 0.0834166646979138 0.026264341551068354
1 0.6151957620495868 0.3639999999999927 0.33839152409917367 0.026264341551068354
0 0.4459999999999982 0.3639999999999927 0.1458333312131399 0.026264341551068354
1 0.057391305944809574 0.36 0.11478261188961915 0.023346081378724192
1 0.2112122339646794 0.005106955301598646 0.3304244679293588 0.010213910603197292
0 0.05945833280328407 0.005106955301598646 0.11891666560656813 0.010213910603197292
1 0.3548300194765252 0.6600000000000072 0.3176600389530504 0.017509561034050422
0 0.196 0.6600000000000072 0.12499999818269135 0.017509561034050422
1 0.21252030684542297 0.6419999999999927 0.3130406136908459 0.016050430947871064
0 0.06966666606089711 0.6419999999999927 0.13933333212179422 0.016050430947871064
1 0.4751120150245933 0.17199999999999271 0.1662240300491867 0.011673040689362096
0 0.3919999999999982 0.17199999999999271 0.10416666515224278 0.011673040689362096
1 0.28851796913512046 0.5479999999999927 0.16103593827024087 0.011673040689362096
0 0.2079999999999982 0.5479999999999927 0.10416666515224278 0.011673040689362096
1 0.17827672369613173 0.496 0.15655344739226348 0.008754780517017934
0 0.1 0.496 0.12499999818269135 0.008754780517017934
1 0.5177301308215774 0.7499999999999927 0.1634602616431548 0.007295650430853129
0 0.436 0.7499999999999927 0.08333333212179422 0.007295650430853129