1 0.6229610211755358 0.01786173581861658 0.41792204235107144 0.03572347163723316
0 0.414 0.01786173581861658 0.27083332939583304 0.03572347163723316
1 0.891 0.8999999999999927 0.218 0.026264341551068354
0 0.7820000000000005 0.8999999999999927 0.1041666651522437 0.026264341551068354
1 0.23262665869662896 0.102 0.2692533173932579 0.018968691120215226
0 0.09799999999999955 0.102 0.18749999727403793 0.018968691120215226
0 0.989541667196715 0.31399999999999273 0.02091666560656995 0.011673040689362096
1 0.8429916934950734 0.06 0.14598338699014676 0.010213910603197292
0 0.7700000000000005 0.06 0.08333333212179514 0.010213910603197292
1 0.05553698215587747 0.074 0.11107396431175494 0.010213910603197292
1 0.8012878852076324 0.104 0.14657577041526473 0.010213910603197292
0 0.7280000000000004 0.104 0.14583333121314082 0.010213910603197292
1 0.18901742948504124 0.6459999999999927 0.3780348589700825 0.007295650430853129