1 0.28706228441942677 0.8279999999999997 0.4541245688388535 0.029182601723413883
0 0.08729166583373445 0.8279999999999997 0.1745833316674689 0.029182601723413883
0 0.9809583337119393 0.104 0.03808333257612139 0.021886951292560297
1 0.958 0.424 0.084 0.018968691120218865
0 0.8955000009086543 0.424 0.20899999818269135 0.018968691120218865
1 0.839 0.578 0.322 0.018968691120218865
0 0.678 0.578 0.10416666515224278 0.018968691120218865
1 0.6309467248566453 0.7320000000000002 0.16989344971329046 0.016050430947877885
0 0.546 0.7320000000000002 0.08333333212179422 0.016050430947877885
1 0.844 0.00191826017234132 0.312 0.00383652034468264
0 0.688 0.00191826017234132 0.12499999818269135 0.00383652034468264
1 0.8192450298814856 0.24600000000000022 0.3064900597629712 0.010213910603195018
0 0.666 0.24600000000000022 0.062499999091345675 0.010213910603195018