1 0.40677515703265 0.8100000000000003 0.16955031406529997 0.03793738224043818
0 0.3220000000000009 0.8100000000000003 0.18749999727403882 0.03793738224043818
1 0.5218758761554245 0.27000000000000024 0.335751752310849 0.03501912206809675
0 0.3540000000000009 0.27000000000000024 0.1458333312131417 0.03501912206809675
1 0.05986501404560567 0.628 0.11973002809121135 0.03355999198192603
1 0.4699514730675437 0.884 0.3399029461350874 0.03355999198192603
0 0.30000000000000093 0.884 0.29166666242628164 0.03355999198192603
1 0.7189500003823923 0.5979999999999998 0.5139000007647846 0.03210086189575532
0 0.4620000000000009 0.5979999999999998 0.27083332939583304 0.03210086189575532
1 0.7559666627648803 0.06399999999999978 0.3279333255297606 0.029182601723413883
0 0.5920000000000009 0.06399999999999978 0.2083333303044874 0.029182601723413883
1 0.47795857561269167 0.7219999999999998 0.5079171512253834 0.029182601723413883
0 0.22400000000000092 0.7219999999999998 0.2499999963653845 0.029182601723413883
0 0.9676666678782049 0.7539999999999998 0.06466666424359027 0.029182601723413883
1 0.872 0.886 0.256 0.024805211464901732
0 0.7440000000000009 0.886 0.2083333303044874 0.024805211464901732
1 0.753 0.11399999999999977 0.494 0.023346081378731013
0 0.5060000000000009 0.11399999999999977 0.1458333312131417 0.023346081378731013
1 0.24345860713316234 0.326 0.32291721426632464 0.021886951292560297
0 0.082 0.326 0.12499999818269135 0.021886951292560297
1 0.14950439829777407 0.5239999999999998 0.29900879659554813 0.02042782120638958
0 0.018249999545672836 0.5239999999999998 0.03649999909134567 0.02042782120638958
1 0.31401551641057357 0.20399999999999976 0.6280310328211471 0.017509561034048146
0 0.0450833325761223 0.20399999999999976 0.0901666651522446 0.017509561034048146
1 0.926 0.3799999999999998 0.148 0.017509561034048146
0 0.852 0.3799999999999998 0.10416666515224278 0.017509561034048146
1 0.8859241556708793 0.41399999999999976 0.17584831134175874 0.017509561034048146
0 0.798 0.41399999999999976 0.12499999818269135 0.017509561034048146
1 0.49315802106515183 0.5699999999999997 0.8223160421303037 0.017509561034048146
0 0.08266666606089802 0.5699999999999997 0.16533333212179604 0.017509561034048146
1 0.85 0.366 0.3 0.014591300861707169
0 0.700000000000001 0.366 0.18749999727403882 0.014591300861707169
1 0.6502924216334032 0.91 0.6805848432668062 0.014591300861707169
0 0.31 0.91 0.10416666515224278 0.014591300861707169
1 0.09277859269367582 0.4820000000000002 0.18555718538735164 0.013132170775536451
1 0.061530482443723486 0.7360000000000002 0.12306096488744697 0.013132170775536451
1 0.5782478717842414 0.9220000000000003 0.8404957435684828 0.013132170775536451
0 0.15800000000000092 0.9220000000000003 0.16666666424359028 0.013132170775536451
1 0.861 0.486 0.278 0.011673040689365734
0 0.722 0.486 0.12499999818269135 0.011673040689365734
1 0.274331724286556 0.676 0.16866344857311197 0.011673040689365734
0 0.19 0.676 0.08333333212179422 0.011673040689365734
1 0.4034910710796339 0.5820000000000002 0.8069821421592678 0.0072956504308535845