1 0.636889019575643 0.62 0.6857780391512861 0.045233032671290856
0 0.294 0.62 0.10416666515224278 0.045233032671290856
1 0.6168683383243734 0.094 0.6657366766487467 0.02480521146490355
0 0.284 0.094 0.10416666515224278 0.02480521146490355
1 0.20866276112594642 0.36 0.3253255222518928 0.021886951292559388
0 0.059458332803285885 0.36 0.11891666560657177 0.021886951292559388
1 0.4476164646129837 0.518 0.5672329292259674 0.021886951292559388
0 0.16400000000000092 0.518 0.1458333312131417 0.021886951292559388
1 0.929 0.834 0.142 0.01605043094787834
0 0.8579999999999982 0.834 0.10416666515224278 0.01605043094787834
1 0.74 0.108 0.52 0.014591300861706258
0 0.4799999999999982 0.108 0.10416666515224278 0.014591300861706258
1 0.16686081601180103 0.138 0.33372163202360206 0.014591300861706258
1 0.8300872013054886 0.456 0.24817440261097726 0.014591300861706258
0 0.7059999999999982 0.456 0.10416666515224278 0.014591300861706258
1 0.09200600474159092 0.548 0.18401200948318183 0.014591300861706258
1 0.2768604800166304 0.544 0.22572096003326078 0.008754780517025211
0 0.164 0.544 0.08333333212179422 0.008754780517025211
1 0.10374512165388569 0.938 0.20749024330777138 0.008754780517025211
1 0.5204176933549551 0.594 0.23283538670991039 0.002