1 0.79 0.116 0.42 0.030641731809591875
0 0.58 0.116 0.08333333212179422 0.030641731809591875
1 0.42239774070745717 0.35 0.3567954814149143 0.029182601723412516
0 0.2440000000000009 0.35 0.16666666424359028 0.029182601723412516
1 0.046465149966652464 0.20799999999999272 0.09293029993330493 0.021886951292559388
1 0.159678127843712 0.058 0.17935625568742397 0.018968691120215226
0 0.08187499931851017 0.058 0.16374999863702033 0.018968691120215226
0 0.9712916676510421 0.472 0.05741666469791562 0.018968691120215226
1 0.43749147537327915 0.5559999999999927 0.49498295074655835 0.011673040689362096
0 0.19 0.5559999999999927 0.08333333212179422 0.011673040689362096
1 0.08056647990582587 0.7979999999999927 0.16113295981165174 0.011673040689362096
1 0.3218950638393508 0.626 0.24379012767870153 0.010213910603197292
0 0.2 0.626 0.10416666515224278 0.010213910603197292
1 0.05624360732536843 0.54 0.11248721465073686 0.008754780517017934