1 0.04998046403521403 0.3800000000000073 0.09996092807042806 0.04231477249895397
1 0.6740985533531911 0.16000000000000728 0.5001971067063823 0.027723471637247712
0 0.42399999999999816 0.16000000000000728 0.27083332939583127 0.027723471637247712
1 0.5199001857319417 0.722 0.7758003714638835 0.023346081378724192
0 0.132 0.722 0.12499999818269135 0.023346081378724192
1 0.429949814671254 0.892 0.619899629342508 0.023346081378724192
0 0.12 0.892 0.12499999818269135 0.023346081378724192
1 0.40187729620152823 0.57 0.8037545924030565 0.020427821206394584
1 0.25592063262994996 0.616 0.5118412652598999 0.018968691120215226
1 0.15161621734599248 0.642 0.30323243469198496 0.018968691120215226
1 0.36375694815249154 0.868 0.6155138963049831 0.018968691120215226
0 0.05599999999999818 0.868 0.10416666515224278 0.018968691120215226
1 0.5632720706339642 0.07 0.17054414126792836 0.014591300861706258
0 0.4779999999999982 0.07 0.18749999727403702 0.014591300861706258
1 0.1733422176385957 0.222 0.3466844352771914 0.014591300861706258
1 0.7050060751766177 0.0032830426938890013 0.1700121503532355 0.006566085387778003
0 0.62 0.0032830426938890013 0.12499999818269135 0.006566085387778003
1 0.5654426914884625 0.48400000000000726 0.478885382976925 0.013132170775541454
0 0.326 0.48400000000000726 0.16666666424358845 0.013132170775541454
1 0.5056313261067061 0.32399999999999274 0.16326265221341238 0.011673040689362096
0 0.424 0.32399999999999274 0.16666666424358845 0.011673040689362096
1 0.1324414743243815 0.9199999999999927 0.264882948648763 0.011673040689362096
0 0.010249999545672836 0.9199999999999927 0.020499999091345672 0.011673040689362096
1 0.5336939174485597 0.298 0.47938783489711934 0.010213910603197292
0 0.2939999999999982 0.298 0.10416666515224278 0.010213910603197292