1 0.5196578004785197 0.102 0.5313156009570393 0.029182601723412516
0 0.254 0.102 0.12499999818269135 0.029182601723412516
1 0.03232463745701443 0.98 0.06464927491402886 0.029182601723412516
1 0.36697754664160037 0.023999999999992725 0.7339550932832007 0.026264341551068354
1 0.3239012083410898 0.312 0.6398024166821796 0.02480521146490355
0 0.0540833325761223 0.312 0.1081666651522446 0.02480521146490355
1 0.3578843168604035 0.808 0.595768633720807 0.023346081378724192
0 0.0820833325761223 0.808 0.1641666651522446 0.023346081378724192
1 0.925 0.5119999999999927 0.15 0.021886951292559388
0 0.8500000000000009 0.5119999999999927 0.18749999727403882 0.021886951292559388
1 0.817 0.676 0.366 0.020427821206394584
0 0.6340000000000009 0.676 0.2083333303044874 0.020427821206394584
1 0.828 0.752 0.344 0.018968691120215226
0 0.6560000000000009 0.752 0.22916666333493596 0.018968691120215226
1 0.5317392747914246 0.6440000000000072 0.31547854958284915 0.017509561034050422
0 0.374 0.6440000000000072 0.12499999818269135 0.017509561034050422
1 0.5842693481292054 0.9760000000000073 0.2485386962584107 0.017509561034050422
0 0.4600000000000009 0.9760000000000073 0.2499999963653845 0.017509561034050422
1 0.4703773872713391 0.384 0.0847547745426782 0.014591300861706258
0 0.42800000000000094 0.384 0.2083333303044874 0.014591300861706258
1 0.714 0.06199999999999272 0.572 0.011673040689362096
0 0.428 0.06199999999999272 0.12499999818269135 0.011673040689362096
1 0.3462546804717531 0.25599999999999273 0.42050936094350616 0.011673040689362096
0 0.136 0.25599999999999273 0.12499999818269135 0.011673040689362096
1 0.822 0.38399999999999274 0.356 0.011673040689362096
0 0.6440000000000009 0.38399999999999274 0.1458333312131417 0.011673040689362096
1 0.947 0.04 0.106 0.010213910603197292
0 0.894 0.04 0.10416666515224278 0.010213910603197292
1 0.7985130886214956 0.17 0.28502617724299123 0.010213910603197292
0 0.656 0.17 0.08333333212179422 0.010213910603197292
1 0.22039846479162314 0.0011886951292544837 0.2567969295832463 0.0023773902585089673
0 0.092 0.0011886951292544837 0.08333333212179422 0.0023773902585089673
1 0.8230886975687663 0.022 0.2901773951375326 0.008754780517017934
0 0.678 0.022 0.08333333212179422 0.008754780517017934
1 0.811 0.084 0.378 0.008754780517017934
0 0.622 0.084 0.10416666515224278 0.008754780517017934
1 0.6812004973239818 0.021999999999992723 0.5504009946479637 0.007295650430853129
0 0.406 0.021999999999992723 0.062499999091345675 0.007295650430853129
1 0.04191746941695783 0.38199999999999273 0.08383493883391566 0.007295650430853129
1 0.958 0.53 0.084 0.004377390258508967