1 0.6272335751571413 0.9259999999999964 0.35846715031428267 0.027723471637240437
0 0.448 0.9259999999999964 0.2499999963653845 0.027723471637240437
1 0.8 0.8680000000000037 0.4 0.02626434155107563
0 0.6000000000000004 0.8680000000000037 0.12499999818269225 0.02626434155107563
1 0.7271476531631197 0.8800000000000037 0.4702953063262394 0.02626434155107563
0 0.49200000000000044 0.8800000000000037 0.12499999818269225 0.02626434155107563
1 0.903 0.392 0.194 0.02480521146490355
0 0.806 0.392 0.22916666333493596 0.02480521146490355
1 0.098371140005082 0.31399999999999634 0.196742280010164 0.020427821206387305
0 0.03266666606089712 0.31399999999999634 0.06533333212179424 0.020427821206387305
1 0.8059041928043061 0.14000000000000365 0.2358083856086123 0.01605043094787834
0 0.6880000000000005 0.14000000000000365 0.08333333212179514 0.01605043094787834
1 0.5087667713026721 0.508 0.22953354260534434 0.014591300861706258
0 0.39400000000000046 0.508 0.14583333121314082 0.014591300861706258
1 0.27761400540962816 0.944 0.11522801081925627 0.014591300861706258
0 0.22000000000000045 0.944 0.08333333212179514 0.014591300861706258
1 0.898 0.962 0.204 0.014591300861706258
0 0.7959999999999996 0.962 0.16666666424358936 0.014591300861706258
1 0.04664623453891454 0.21599999999999636 0.09329246907782908 0.013132170775534177
1 0.957 0.8479999999999963 0.086 0.013132170775534177
0 0.9140000000000005 0.8479999999999963 0.1041666651522437 0.013132170775534177
1 0.974 0.8619999999999963 0.052 0.013132170775534177
0 0.9479583337119393 0.8619999999999963 0.10408333257612139 0.013132170775534177
1 0.583 0.858 0.834 0.011673040689362096
0 0.16600000000000045 0.858 0.12499999818269225 0.011673040689362096
1 0.936 0.8000000000000036 0.128 0.008754780517025211
0 0.8720000000000004 0.8000000000000036 0.12499999818269225 0.008754780517025211