1 0.4210554833294227 0.2099999999999991 0.7141109666588454 0.043773902585120594
0 0.09449999909134613 0.2099999999999991 0.18899999818269225 0.043773902585120594
1 0.5987450720163079 0.6680000000000009 0.5734901440326157 0.029182601723414338
0 0.31200000000000044 0.6680000000000009 0.3124999954567311 0.029182601723414338
1 0.6274536541249918 0.248 0.3029073082499835 0.026264341551071994
0 0.476 0.248 0.08333333212179422 0.026264341551071994
1 0.5602166099392707 0.308 0.5804332198785415 0.026264341551071994
0 0.2699999999999995 0.308 0.20833333030448647 0.026264341551071994
1 0.24327993647166204 0.0660000000000009 0.2945598729433241 0.021886951292561206
0 0.09600000000000046 0.0660000000000009 0.1041666651522437 0.021886951292561206
1 0.835 0.546 0.33 0.018968691120218865
0 0.67 0.546 0.10416666515224278 0.018968691120218865
1 0.630479995864156 0.36 0.4409599917283122 0.014591300861706258
0 0.4100000000000009 0.36 0.18749999727403882 0.014591300861706258
1 0.868 0.02399999999999909 0.264 0.013132170775535997
0 0.736 0.02399999999999909 0.08333333212179422 0.013132170775535997
1 0.12091516429862895 0.266 0.2418303285972579 0.011673040689365734
1 0.08231386500140889 0.2420000000000009 0.16462773000281777 0.010213910603195472
1 0.884 0.4720000000000009 0.232 0.010213910603195472
0 0.768 0.4720000000000009 0.08333333212179422 0.010213910603195472