1 0.18475527042181056 0.9220000000000073 0.3695105408436211 0.03210086189575668
1 0.876 0.514 0.248 0.029182601723412516
0 0.752 0.514 0.12499999818269135 0.029182601723412516
1 0.903 0.542 0.194 0.02480521146490355
0 0.806 0.542 0.12499999818269135 0.02480521146490355
1 0.931 0.916 0.138 0.023346081378724192
0 0.862 0.916 0.16666666424358845 0.023346081378724192
1 0.16451378924787424 0.508 0.3290275784957485 0.020427821206394584
1 0.0616411361977971 0.3320000000000073 0.1232822723955942 0.017509561034050422
1 0.20598382287833375 0.45999999999999275 0.4119676457566675 0.016050430947871064
1 0.817017107464204 0.4179999999999927 0.1500342149284079 0.011673040689362096
0 0.7419999999999982 0.4179999999999927 0.18749999727403702 0.011673040689362096
1 0.811 0.8859999999999927 0.378 0.011673040689362096
0 0.6219999999999982 0.8859999999999927 0.1458333312131399 0.011673040689362096
1 0.882 0.148 0.236 0.005836520344688324
0 0.764 0.148 0.08333333212179422 0.005836520344688324
1 0.784 0.49800000000000727 0.432 0.002918260172344162