1 0.87 0.938 0.26 0.06857911405002233
0 0.74 0.938 0.3541666615176291 0.06857911405002233
0 0.9459999999999982 0.9833143515736665 0.062499999091345675 0.033371296852667
1 0.44706493120092455 0.18600000000000363 0.1941298624018491 0.0189686911202225
0 0.35 0.18600000000000363 0.2499999963653827 0.0189686911202225
1 0.1835603996202608 0.28400000000000364 0.2751207992405216 0.0189686911202225
0 0.059458332803285885 0.28400000000000364 0.11891666560657177 0.0189686911202225
1 0.956 0.35000000000000364 0.088 0.0189686911202225
0 0.8987083341662656 0.35000000000000364 0.2025833316674689 0.0189686911202225
1 0.3256983766194198 0.8019999999999964 0.10339675323883966 0.013132170775534177
0 0.274 0.8019999999999964 0.08333333212179422 0.013132170775534177
1 0.924 0.8599999999999963 0.152 0.013132170775534177
0 0.8479999999999982 0.8599999999999963 0.1458333312131399 0.013132170775534177
1 0.929 0.042 0.142 0.011673040689362096
0 0.858 0.042 0.12499999818269135 0.011673040689362096
1 0.46859131761185563 0.046 0.19718263522371127 0.011673040689362096
0 0.37 0.046 0.08333333212179422 0.011673040689362096
1 0.10629767514556897 0.164 0.18459535029113794 0.011673040689362096
0 0.0330416662880607 0.164 0.0660833325761214 0.011673040689362096
1 0.924 0.754 0.152 0.011673040689362096
0 0.8479999999999982 0.754 0.10416666515224278 0.011673040689362096
1 0.973 0.5980000000000036 0.054 0.008754780517025211
0 0.9459999999999982 0.5980000000000036 0.10416666515224278 0.008754780517025211
0 0.9893750002271626 0.08 0.021249999545674653 0.007295650430853129
0 0.9731666669695515 0.7179999999999963 0.053666666060897115 0.005836520344681048