1 0.37675715282541566 0.5959999999999928 0.3855143056508314 0.021886951292559388
0 0.1839999999999982 0.5959999999999928 0.18749999727403702 0.021886951292559388
1 0.695 0.7199999999999928 0.61 0.016050430947871064
0 0.3899999999999982 0.7199999999999928 0.1458333312131399 0.016050430947871064
1 0.988 0.3 0.024 0.014591300861706258
0 0.9619583337119384 0.3 0.07608333257612321 0.014591300861706258
1 0.879 0.2560000000000073 0.242 0.013132170775541454
0 0.758 0.2560000000000073 0.08333333212179422 0.013132170775541454
1 0.05133855376775318 0.5800000000000073 0.10267710753550637 0.013132170775541454
1 0.977 0.4699999999999927 0.046 0.011673040689362096
0 0.954 0.4699999999999927 0.08333333212179422 0.011673040689362096
1 0.018999938937568003 0.218 0.03799987787513601 0.010213910603197292
1 0.9044213749312785 0.586 0.14084274986255696 0.010213910603197292
0 0.834 0.586 0.12499999818269135 0.010213910603197292
1 0.3671881453101651 0.6579999999999927 0.39037629062033014 0.007295650430853129
0 0.17199999999999818 0.6579999999999927 0.10416666515224278 0.007295650430853129