1 0.22661348249626462 0.5520000000000005 0.4332269649925293 0.03210086189575577
0 0.020624999772836418 0.5520000000000005 0.041249999545672836 0.03210086189575577
1 0.862 0.04 0.276 0.021886951292560297
0 0.7240000000000009 0.04 0.18749999727403882 0.021886951292560297
1 0.1622898659906141 0.11400000000000045 0.3245797319812282 0.020427821206390036
1 0.9 0.5200000000000005 0.2 0.020427821206390036
0 0.8000000000000009 0.5200000000000005 0.1458333312131417 0.020427821206390036
1 0.949 0.7780000000000005 0.102 0.020427821206390036
0 0.898 0.7780000000000005 0.020833333030448556 0.020427821206390036
0 0.9719583337119393 0.308 0.05608333257612139 0.0175095610340486
1 0.922 0.61 0.156 0.013132170775535997
0 0.8440000000000009 0.61 0.18749999727403882 0.013132170775535997
0 0.952 0.662 0.08333333212179422 0.013132170775535997
1 0.27022884653713025 0.54 0.5404576930742605 0.011673040689365734
1 0.5528351435313552 0.782 0.3056702870627105 0.011673040689365734
0 0.4 0.782 0.10416666515224278 0.011673040689365734
1 0.795810466124366 0.19799999999999954 0.31562093224873206 0.010213910603194563
0 0.6380000000000009 0.19799999999999954 0.1458333312131417 0.010213910603194563
1 0.1991000143719848 0.154 0.2942000287439696 0.005836520344682867
0 0.052000000000000456 0.154 0.08333333212179514 0.005836520344682867
1 0.22846054903089225 0.218 0.43692109806178453 0.005836520344682867
0 0.02583333303044901 0.218 0.05166666606089802 0.005836520344682867
1 0.982 0.40400000000000047 0.036 0.0029182601723414334