1 0.09827840630528954 0.82 0.19655681261057908 0.024805211464901732
0 0.018499999091346125 0.82 0.03699999818269225 0.024805211464901732
1 0.02710665660902828 0.19999999999999976 0.05421331321805656 0.02042782120638958
1 0.728896150907166 0.134 0.24579230181433195 0.018968691120218865
0 0.6060000000000004 0.134 0.14583333121314082 0.018968691120218865
1 0.1253025150046037 0.17799999999999977 0.2506050300092074 0.017509561034048146
1 0.021355694844570054 0.42 0.04271138968914011 0.014591300861707169
1 0.911 0.426 0.178 0.014591300861707169
0 0.8220000000000005 0.426 0.12499999818269225 0.014591300861707169
1 0.17400514991923183 0.588 0.34801029983846365 0.014591300861707169
1 0.1231933790445155 0.782 0.246386758089031 0.014591300861707169
1 0.7419120252118896 0.8180000000000003 0.2518240504237792 0.013132170775536451
0 0.6160000000000004 0.8180000000000003 0.12499999818269225 0.013132170775536451
1 0.971 0.5240000000000002 0.058 0.010213910603195018
0 0.9397500004543272 0.5240000000000002 0.12049999909134568 0.010213910603195018
1 0.19291338665888133 0.8080000000000003 0.14982677331776267 0.010213910603195018
0 0.11799999999999977 0.8080000000000003 0.10416666515224324 0.010213910603195018
1 0.04637762949121702 0.8640000000000002 0.09275525898243404 0.010213910603195018
0 0.9881666669695515 0.164 0.023666666060897113 0.0087547805170243
1 0.7068832009602197 0.168 0.24576640192043941 0.0087547805170243
0 0.584 0.168 0.062499999091345675 0.0087547805170243
1 0.2175633285175086 0.328 0.21912665703501716 0.0087547805170243
0 0.10799999999999978 0.328 0.08333333212179468 0.0087547805170243
1 0.03811058815972001 0.438 0.07622117631944002 0.0087547805170243
1 0.895 0.492 0.21 0.0087547805170243
0 0.79 0.492 0.04166666606089711 0.0087547805170243
1 0.7113776661376195 0.45400000000000024 0.1667553322752392 0.0072956504308535845
0 0.6280000000000004 0.45400000000000024 0.08333333212179514 0.0072956504308535845
0 0.9933750002271636 0.228 0.013249999545672835 0.005836520344682867
1 0.2508905687168613 0.242 0.22178113743372252 0.005836520344682867
0 0.14000000000000046 0.242 0.08333333212179514 0.005836520344682867