1 0.25575264014742244 0.558 0.5115052802948449 0.023346081378724192
1 0.13045503495272898 0.962 0.16891006990545793 0.023346081378724192
0 0.04599999999999818 0.962 0.062499999091345675 0.023346081378724192
1 0.31190359598227224 0.316 0.5118071919645445 0.020427821206394584
0 0.06445833280328407 0.316 0.12891666560656814 0.020427821206394584
1 0.3447688659602354 0.316 0.5135377319204708 0.020427821206394584
0 0.08799999999999818 0.316 0.1458333312131399 0.020427821206394584
1 0.5352736862793045 0.448 0.3505473725586089 0.020427821206394584
0 0.35999999999999815 0.448 0.18749999727403702 0.020427821206394584
1 0.9052990509232058 0.642 0.18259810184641173 0.020427821206394584
0 0.814 0.642 0.20833333030448556 0.020427821206394584
1 0.368353494939136 0.008 0.736706989878272 0.014591300861706258
1 0.18762411305676505 0.27 0.3752482261135301 0.014591300861706258
1 0.17319361632783511 0.422 0.17038723265567024 0.014591300861706258
0 0.08799999999999818 0.422 0.062499999091345675 0.014591300861706258
1 0.3714121138219052 0.664 0.6748242276438104 0.014591300861706258
0 0.0690833325761214 0.664 0.1381666651522428 0.014591300861706258
1 0.22065903489212907 0.05600000000000727 0.44131806978425814 0.013132170775541454
1 0.0304502246845168 0.19800000000000728 0.0609004493690336 0.013132170775541454
1 0.04113169848094913 0.302 0.08226339696189826 0.010213910603197292
1 0.20420076998997502 0.332 0.34040153997995004 0.010213910603197292
0 0.03783333303044856 0.332 0.07566666606089711 0.010213910603197292
1 0.14783079980153524 0.334 0.2956615996030705 0.010213910603197292
1 0.4102082990395757 0.8619999999999928 0.5124165980791513 0.007295650430853129
0 0.154 0.8619999999999928 0.08333333212179422 0.007295650430853129