1 0.921 0.102 0.158 0.029182601723413883
0 0.842 0.102 0.12499999818269135 0.029182601723413883
1 0.7177171083147214 0.7420000000000001 0.16343421662944274 0.020427821206389807
0 0.636 0.7420000000000001 0.08333333212179422 0.020427821206389807
1 0.986 0.6799999999999999 0.028 0.01605043094787766
0 0.9547500004543271 0.6799999999999999 0.09049999909134566 0.01605043094787766
1 0.981 0.006283042693884056 0.038 0.012566085387768112
0 0.962 0.006283042693884056 0.062499999091345675 0.012566085387768112
1 0.4554466271616375 0.1539999999999999 0.41889325432327496 0.013132170775536224
0 0.2460000000000009 0.1539999999999999 0.1458333312131417 0.013132170775536224
1 0.6404463847490806 0.13799999999999987 0.22489276949816123 0.01021391060319479
0 0.528 0.13799999999999987 0.12499999818269135 0.01021391060319479
1 0.97 0.16999999999999987 0.06 0.01021391060319479
0 0.94 0.16999999999999987 0.08333333212179422 0.01021391060319479
1 0.8604961217884093 0.6599999999999999 0.16499224357681852 0.01021391060319479
0 0.778 0.6599999999999999 0.062499999091345675 0.01021391060319479
1 0.959 0.9379999999999998 0.082 0.008754780517024073
0 0.918 0.9379999999999998 0.08333333212179422 0.008754780517024073