1 0.809 0.23600000000000182 0.382 0.04377390258512241
0 0.618 0.23600000000000182 0.4374999936394233 0.04377390258512241
1 0.31734831675422176 0.194 0.6346966335084435 0.0306417318095846
0 0.019874999318508346 0.194 0.03974999863701669 0.0306417318095846
1 0.2769732134399619 0.18 0.5539464268799238 0.02480521146490355
1 0.5349305197998893 0.20800000000000182 0.24586103959977845 0.020427821206390945
0 0.412 0.20800000000000182 0.12499999818269135 0.020427821206390945
1 0.0711071787529836 0.4160000000000018 0.1422143575059672 0.020427821206390945
1 0.18197870350234735 0.15999999999999817 0.3639574070046947 0.018968691120218865
1 0.16155303104120322 0.818 0.23910606208240642 0.014591300861706258
0 0.07308333257612139 0.818 0.14616666515224278 0.014591300861706258
1 0.19583045880512692 0.88 0.39166091761025384 0.014591300861706258
1 0.08679592350887287 0.006283042693885363 0.17359184701774574 0.012566085387770726
1 0.22492181405329212 0.24600000000000183 0.44984362810658424 0.013132170775537815
0 0.020041666288059787 0.24600000000000183 0.040083332576119575 0.013132170775537815
1 0.16658735468373742 0.7500000000000018 0.33317470936747484 0.013132170775537815
0 0.03587499931850834 0.7500000000000018 0.07174999863701668 0.013132170775537815
1 0.95 0.3580000000000018 0.1 0.011673040689365734
0 0.8999999999999981 0.3580000000000018 0.1458333312131399 0.011673040689365734
1 0.906 0.38200000000000184 0.188 0.011673040689365734
0 0.8119999999999982 0.38200000000000184 0.1458333312131399 0.011673040689365734
1 0.944 0.2159999999999982 0.112 0.010213910603193653
0 0.888 0.2159999999999982 0.12499999818269135 0.010213910603193653
1 0.95 0.028 0.1 0.008754780517025211
0 0.8999999999999981 0.028 0.062499999091345675 0.008754780517025211
1 0.4219181475451369 0.198 0.47583629509027375 0.005836520344681048
0 0.184 0.198 0.08333333212179422 0.005836520344681048
1 0.717 0.372 0.566 0.005836520344681048
1 0.939 0.44 0.122 0.005836520344681048