1 0.779 0.9579999999999927 0.442 0.04085564241277461
0 0.5579999999999982 0.9579999999999927 0.27083332939583127 0.04085564241277461
1 0.903 0.3419999999999927 0.194 0.036478252154265645
0 0.806 0.3419999999999927 0.16666666424358845 0.036478252154265645
1 0.2242257544907825 0.63 0.448451508981565 0.029182601723412516
1 0.28579922321701634 0.15000000000000727 0.4555984464340327 0.027723471637247712
0 0.107124998864183 0.15000000000000727 0.214249997728366 0.027723471637247712
1 0.08521451550117126 0.9840000000000073 0.17042903100234252 0.027723471637247712
0 0.9277083341662655 0.456 0.1445833316674689 0.020427821206394584
0 0.9222916676510413 0.212 0.15541666469791743 0.018968691120215226
1 0.3941340067506226 0.454 0.6042680135012451 0.018968691120215226
0 0.10329166583373263 0.454 0.20658333166746526 0.018968691120215226
1 0.941 0.804 0.118 0.018968691120215226
0 0.8732916676510413 0.804 0.25341666469791746 0.018968691120215226
1 0.16709260612894286 0.008 0.3341852122578857 0.014591300861706258
1 0.811 0.15000000000000727 0.378 0.013132170775541454
0 0.6219999999999982 0.15000000000000727 0.1458333312131399 0.013132170775541454
1 0.4622179212364463 0.5239999999999927 0.3084358424728925 0.011673040689362096
0 0.30799999999999816 0.5239999999999927 0.18749999727403702 0.011673040689362096
1 0.35025308263665283 0.684 0.14850616527330568 0.010213910603197292
0 0.276 0.684 0.08333333212179422 0.010213910603197292
1 0.849 0.772 0.302 0.010213910603197292
0 0.698 0.772 0.12499999818269135 0.010213910603197292
1 0.218820566631739 0.202 0.437641133263478 0.008754780517017934