1 0.28574151519741825 0.122 0.5554830303948365 0.036478252154265645
0 0.045666666060897115 0.122 0.09133333212179423 0.036478252154265645
1 0.20785165145448628 0.09799999999999637 0.41570330290897256 0.027723471637240437
0 0.034458332803284066 0.09799999999999637 0.06891666560656813 0.027723471637240437
1 0.30470104036800333 0.10799999999999636 0.4214020807360066 0.027723471637240437
0 0.09399999999999818 0.10799999999999636 0.1458333312131399 0.027723471637240437
1 0.25750442982411004 0.11599999999999636 0.5150088596482201 0.027723471637240437
1 0.1766540831240636 0.178 0.14130816624812723 0.02480521146490355
0 0.106 0.178 0.16666666424358845 0.02480521146490355
1 0.6301702490726074 0.3940000000000036 0.5723404981452149 0.023346081378731467
0 0.344 0.3940000000000036 0.16666666424358845 0.023346081378731467
1 0.27179467716949696 0.23799999999999635 0.41958935433899386 0.020427821206387305
0 0.06745833280328406 0.23799999999999635 0.13491666560656812 0.020427821206387305
1 0.872 0.5039999999999963 0.256 0.020427821206387305
0 0.744 0.5039999999999963 0.12499999818269135 0.020427821206387305
1 0.22919127963455138 0.14000000000000365 0.45838255926910276 0.0189686911202225
1 0.905 0.22600000000000364 0.19 0.0189686911202225
0 0.8099999999999982 0.22600000000000364 0.10416666515224278 0.0189686911202225
1 0.916 0.366 0.168 0.014591300861706258
0 0.832 0.366 0.16666666424358845 0.014591300861706258
0 0.9929583337119384 0.39199999999999635 0.014083332576123212 0.013132170775534177
1 0.84 0.114 0.32 0.011673040689362096
0 0.68 0.114 0.12499999818269135 0.011673040689362096
1 0.8094859551755963 0.162 0.3029719103511925 0.011673040689362096
0 0.658 0.162 0.12499999818269135 0.011673040689362096
1 0.6136808479771043 0.064 0.1513616959542087 0.010213910603197292
0 0.5379999999999981 0.064 0.1458333312131399 0.010213910603197292