1 0.851 0.398 0.298 0.045233032671298135
0 0.702 0.398 0.2499999963653827 0.045233032671298135
1 0.6245387695660065 0.04600000000000728 0.28107753913201305 0.03210086189575668
0 0.48399999999999815 0.04600000000000728 0.22916666333493413 0.03210086189575668
1 0.04120146180710253 0.2660000000000073 0.08240292361420506 0.03210086189575668
1 0.4095463463117558 0.3480000000000073 0.8190926926235116 0.027723471637247712
0 0.012083332576121392 0.3480000000000073 0.024166665152242785 0.027723471637247712
1 0.753 0.6640000000000073 0.494 0.027723471637247712
0 0.506 0.6640000000000073 0.3541666615176291 0.027723471637247712
1 0.927 0.7760000000000072 0.146 0.027723471637247712
0 0.8436666678782058 0.7760000000000072 0.31266666424358847 0.027723471637247712
1 0.32365831712463844 0.572 0.6473166342492769 0.02480521146490355
1 0.20688752963248225 0.682 0.4137750592649645 0.02480521146490355
1 0.652022816648483 0.35600000000000726 0.5520456332969661 0.017509561034050422
0 0.37599999999999817 0.35600000000000726 0.18749999727403702 0.017509561034050422
1 0.3755894429738237 0.7260000000000073 0.2591788859476474 0.017509561034050422
0 0.2459999999999982 0.7260000000000073 0.10416666515224278 0.017509561034050422
1 0.6729694459336643 0.6879999999999927 0.2699388918673285 0.016050430947871064
0 0.5379999999999981 0.6879999999999927 0.062499999091345675 0.016050430947871064
1 0.18696404329722283 0.6959999999999927 0.37392808659444565 0.016050430947871064
0 0.04487499931850834 0.6959999999999927 0.08974999863701669 0.016050430947871064
1 0.22436806142270324 0.52 0.1287361228454065 0.014591300861706258
0 0.15999999999999817 0.52 0.1458333312131399 0.014591300861706258
1 0.889 0.3220000000000073 0.222 0.013132170775541454
0 0.7779999999999981 0.3220000000000073 0.18749999727403702 0.013132170775541454
1 0.8074727306047316 0.43200000000000727 0.27894546120946323 0.013132170775541454
0 0.668 0.43200000000000727 0.12499999818269135 0.013132170775541454
1 0.31302122310969754 0.14799999999999272 0.13404244621939507 0.011673040689362096
0 0.246 0.14799999999999272 0.12499999818269135 0.011673040689362096
1 0.5946527046746851 0.8559999999999928 0.2653054093493702 0.011673040689362096
0 0.4619999999999982 0.8559999999999928 0.10416666515224278 0.011673040689362096
1 0.5525040797808961 0.522 0.26500815956179213 0.010213910603197292
0 0.42 0.522 0.08333333212179422 0.010213910603197292
1 0.986 0.84 0.028 0.010213910603197292
0 0.9495416671967141 0.84 0.10091666560657177 0.010213910603197292
1 0.1482621862162141 0.906 0.1285243724324282 0.008754780517017934
0 0.08399999999999819 0.906 0.10416666515224278 0.008754780517017934
1 0.3052267592685839 0.19399999999999273 0.3984535185371678 0.007295650430853129
0 0.106 0.19399999999999273 0.08333333212179422 0.007295650430853129