1 0.22044059670160776 0.7039999999999964 0.24088119340321554 0.035019122068093565
0 0.10000000000000023 0.7039999999999964 0.062499999091346126 0.035019122068093565
0 0.9484583346205931 0.9780000000000036 0.10308333075881365 0.02626434155107563
1 0.7323728081354711 0.8560000000000036 0.42074561627094226 0.023346081378731467
0 0.5220000000000002 0.8560000000000036 0.20833333030448695 0.023346081378731467
1 0.3750211546579119 0.802 0.5500423093158238 0.021886951292559388
0 0.11249999909134613 0.802 0.22499999818269226 0.021886951292559388
1 0.204182270461165 0.5339999999999964 0.40436454092233 0.020427821206387305
0 0.032249999545673064 0.5339999999999964 0.06449999909134613 0.020427821206387305
1 0.972 0.13 0.056 0.017509561034050422
0 0.9439999999999997 0.13 0.10416666515224324 0.017509561034050422
0 0.9363333339391027 0.676 0.12733333212179468 0.014591300861706258
1 0.05731522965366571 0.4879999999999964 0.11463045930733141 0.013132170775534177
0 0.9627500004543269 0.782 0.07449999909134612 0.011673040689362096
1 0.815 0.612 0.37 0.010213910603197292
0 0.63 0.612 0.020833333030448556 0.010213910603197292
1 0.18511523751043454 0.7400000000000037 0.2382304750208691 0.008754780517025211
0 0.06599999999999977 0.7400000000000037 0.08333333212179468 0.008754780517025211
1 0.48808788695868727 0.446 0.2561757739173745 0.007295650430853129
0 0.35999999999999976 0.446 0.08333333212179468 0.007295650430853129