1 0.7195465435558354 0.29200000000000725 0.4150930871116707 0.06711998396385752
0 0.512 0.29200000000000725 0.12499999818269225 0.06711998396385752
1 0.24719338453821774 0.3039999999999927 0.36238676907643547 0.036478252154265645
0 0.0798749993185097 0.3039999999999927 0.1597499986370194 0.036478252154265645
1 0.5246620774619635 0.852 0.30932415492392695 0.029182601723412516
0 0.37 0.852 0.12499999818269225 0.029182601723412516
1 0.7247165243182669 0.7260000000000073 0.3854330486365338 0.027723471637247712
0 0.5320000000000003 0.7260000000000073 0.20833333030448695 0.027723471637247712
1 0.44296556133619336 0.09 0.31793112267238666 0.02480521146490355
0 0.28399999999999975 0.09 0.10416666515224324 0.02480521146490355
1 0.3880185034525293 0.698 0.2960370069050587 0.020427821206394584
0 0.24 0.698 0.14583333121314082 0.020427821206394584
1 0.13937814280901897 0.926 0.16675628561803796 0.018968691120215226
0 0.05924999954567306 0.926 0.11849999909134612 0.018968691120215226
1 0.8611212131829393 0.16800000000000728 0.2462424263658786 0.017509561034050422
0 0.7379999999999998 0.16800000000000728 0.08333333212179468 0.017509561034050422
1 0.6051131740760238 0.5320000000000072 0.25422634815204764 0.017509561034050422
0 0.47799999999999976 0.5320000000000072 0.08333333212179468 0.017509561034050422
1 0.3269236092921044 0.26399999999999274 0.3698472185842088 0.016050430947871064
0 0.14200000000000024 0.26399999999999274 0.062499999091346126 0.016050430947871064
1 0.08054985086436545 0.2899999999999927 0.1610997017287309 0.016050430947871064
1 0.10214135635805247 0.5099999999999927 0.20428271271610493 0.016050430947871064
0 0.009666666060897342 0.5099999999999927 0.019333332121794684 0.016050430947871064
0 0.9473333339391027 0.21 0.10533333212179469 0.014591300861706258
1 0.4912179911961598 0.552 0.3064359823923196 0.014591300861706258
0 0.338 0.552 0.12499999818269225 0.014591300861706258
1 0.2580328237554252 0.5680000000000073 0.34006564751085033 0.013132170775541454
0 0.08799999999999977 0.5680000000000073 0.10416666515224324 0.013132170775541454
1 0.25683349002976386 0.22199999999999273 0.35766698005952774 0.011673040689362096
0 0.07799999999999978 0.22199999999999273 0.10416666515224324 0.011673040689362096
1 0.14489720816662702 0.5019999999999927 0.22179441633325406 0.011673040689362096
0 0.0430416662880607 0.5019999999999927 0.0860833325761214 0.011673040689362096
1 0.94 0.362 0.12 0.008754780517017934
0 0.8799999999999998 0.362 0.08333333212179468 0.008754780517017934