1 0.887 0.29800000000000365 0.226 0.03355999198192876
0 0.774 0.29800000000000365 0.14583333121314082 0.03355999198192876
1 0.93 0.31400000000000367 0.14 0.02626434155107563
0 0.86 0.31400000000000367 0.12499999818269225 0.02626434155107563
1 0.957 0.704 0.086 0.02480521146490355
0 0.914 0.704 0.14583333121314082 0.02480521146490355
1 0.6882049764013978 0.028000000000003637 0.28440995280279546 0.01605043094787834
0 0.546 0.028000000000003637 0.16666666424358936 0.01605043094787834
0 0.9483333339391027 0.4919999999999964 0.10333333212179469 0.013132170775534177
1 0.947 0.212 0.106 0.011673040689362096
0 0.8939999999999998 0.212 0.08333333212179468 0.011673040689362096
0 0.9703333339391027 0.272 0.05933333212179468 0.011673040689362096