1 0.30912688517844344 0.8580000000000009 0.2942537703568869 0.07149737422236467
0 0.162 0.8580000000000009 0.10416666515224278 0.07149737422236467
1 0.5 0.8839999999999991 1.0 0.051069553015973726
0 0.009624999772836419 0.8839999999999991 0.019249999545672837 0.051069553015973726
1 0.14335853592879902 0.688 0.28671707185759804 0.04231477249895033
1 0.8087347573294074 0.4620000000000009 0.29746951465881466 0.03647825215426746
0 0.6600000000000009 0.4620000000000009 0.16666666424359028 0.03647825215426746
0 0.9931666669695515 0.124 0.013666666060897115 0.026264341551071994
1 0.3902470611016524 0.488 0.2844941222033049 0.018968691120218865
0 0.248 0.488 0.10416666515224278 0.018968691120218865
1 0.6070733719620103 0.7520000000000009 0.30614674392402047 0.0175095610340486
0 0.4540000000000009 0.7520000000000009 0.22916666333493596 0.0175095610340486
1 0.971 0.9099999999999991 0.058 0.013132170775535997
0 0.942 0.9099999999999991 0.10416666515224278 0.013132170775535997
1 0.16872746808626016 0.412 0.3374549361725203 0.011673040689365734
1 0.6598637101286841 0.3920000000000009 0.2837274202573681 0.010213910603195472
0 0.518 0.3920000000000009 0.10416666515224278 0.010213910603195472