1 0.16075737883290275 0.218 0.14951475766580552 0.0612834636191692
0 0.086 0.218 0.08333333212179422 0.0612834636191692
1 0.7862354575764166 0.14 0.2924709151528332 0.058365203446828676
0 0.64 0.14 0.12499999818269135 0.058365203446828676
0 0.9472916676510422 0.03599999999999909 0.10541666469791562 0.03210086189575486
1 0.923 0.504 0.154 0.026264341551071994
0 0.8460000000000009 0.504 0.2083333303044874 0.026264341551071994
1 0.825 0.294 0.35 0.018968691120218865
0 0.65 0.294 0.12499999818269135 0.018968691120218865
1 0.8732697881434005 0.6319999999999991 0.1865395762868011 0.013132170775535997
0 0.7800000000000009 0.6319999999999991 0.16666666424359028 0.013132170775535997
1 0.7597334543771094 0.216 0.23946690875421883 0.011673040689365734
0 0.64 0.216 0.020833333030448556 0.011673040689365734
1 0.07754178408108146 0.66 0.15508356816216293 0.011673040689365734
0 0.020458332803285885 0.66 0.04091666560657177 0.011673040689365734
1 0.734777230292273 0.7300000000000009 0.23355446058454618 0.010213910603195472
0 0.618 0.7300000000000009 0.10416666515224278 0.010213910603195472
1 0.9314685905787583 0.809999999999999 0.06293718115751654 0.008754780517023391
0 0.9 0.809999999999999 0.08333333212179422 0.008754780517023391
1 0.02290620693530218 0.2140000000000009 0.04581241387060436 0.005836520344682867