1 0.1011992278953112 0.41 0.2023984557906224 0.05398781318831607
1 0.6283848809970104 0.786 0.5447697619940208 0.04815129284362774
0 0.356 0.786 0.2499999963653845 0.04815129284362774
1 0.884 0.66 0.232 0.030641731809591875
0 0.768 0.66 0.2499999963653845 0.030641731809591875
1 0.5240877465855892 0.818 0.3121754931711785 0.030641731809591875
0 0.368 0.818 0.27083332939583304 0.030641731809591875
1 0.732699485631038 0.948 0.16539897126207598 0.029182601723412516
0 0.65 0.948 0.22916666333493596 0.029182601723412516
1 0.19264140098703048 0.874 0.38528280197406095 0.02480521146490355
1 0.126432607735856 0.228 0.252865215471712 0.020427821206394584
1 0.5903786930325927 0.658 0.16475738606518553 0.020427821206394584
0 0.5080000000000005 0.658 0.14583333121314082 0.020427821206394584
1 0.04723912912699984 0.81 0.09447825825399968 0.020427821206394584
1 0.5813909570325714 0.07000000000000728 0.3187819140651427 0.017509561034050422
0 0.422 0.07000000000000728 0.2499999963653845 0.017509561034050422
1 0.25296079794105525 0.16600000000000728 0.22592159588211053 0.017509561034050422
0 0.14 0.16600000000000728 0.22916666333493596 0.017509561034050422
1 0.873 0.2600000000000073 0.254 0.017509561034050422
0 0.7460000000000004 0.2600000000000073 0.14583333121314082 0.017509561034050422
1 0.738 0.03800000000000728 0.524 0.013132170775541454
0 0.47599999999999953 0.03800000000000728 0.16666666424358936 0.013132170775541454
1 0.906 0.49800000000000727 0.188 0.013132170775541454
0 0.8120000000000005 0.49800000000000727 0.08333333212179514 0.013132170775541454
1 0.7980070480560871 0.33399999999999275 0.25601409611217424 0.011673040689362096
0 0.6700000000000005 0.33399999999999275 0.12499999818269225 0.011673040689362096
1 0.2374022106480111 0.4199999999999927 0.30280442129602214 0.011673040689362096
0 0.08599999999999977 0.4199999999999927 0.1249999981826918 0.011673040689362096
1 0.17642483391985342 0.45799999999999275 0.22484966783970686 0.011673040689362096
0 0.06399999999999978 0.45799999999999275 0.1249999981826918 0.011673040689362096
1 0.07484969244204512 0.5339999999999927 0.14969938488409024 0.011673040689362096
1 0.05161985139321951 0.6519999999999927 0.10323970278643901 0.011673040689362096
1 0.4985309795700837 0.284 0.24106195914016734 0.010213910603197292
0 0.37800000000000045 0.284 0.12499999818269225 0.010213910603197292
1 0.47542903874272363 0.6 0.2388580774854472 0.010213910603197292
0 0.3560000000000004 0.6 0.1041666651522437 0.010213910603197292
0 0.988541667196715 0.976 0.02291666560656995 0.010213910603197292
1 0.22684727192639592 0.052 0.4336945438527919 0.008754780517017934
1 0.09244813291925039 0.212 0.18489626583850077 0.008754780517017934
1 0.5704339918597079 0.214 0.3208679837194159 0.008754780517017934
0 0.4100000000000005 0.214 0.08333333212179514 0.008754780517017934
1 0.852 0.4799999999999927 0.296 0.007295650430853129
0 0.7040000000000004 0.4799999999999927 0.1041666651522437 0.007295650430853129