1 0.936 0.5779999999999927 0.128 0.036478252154265645
0 0.842250001362981 0.5779999999999927 0.31549999727403794 0.036478252154265645
1 0.0435946404655956 0.628 0.0871892809311912 0.035019122068100844
1 0.5782542710642742 0.5280000000000072 0.4765085421285485 0.027723471637247712
0 0.34 0.5280000000000072 0.3124999954567302 0.027723471637247712
1 0.22790689665303307 0.628 0.23181379330606613 0.02480521146490355
0 0.11200000000000046 0.628 0.14583333121314082 0.02480521146490355
1 0.8608538861136577 0.092 0.2377077722273152 0.023346081378724192
0 0.7419999999999995 0.092 0.20833333030448647 0.023346081378724192
1 0.05759174987765027 0.26199999999999274 0.10718349975530055 0.021886951292559388
0 0.033249999545673294 0.26199999999999274 0.06649999909134659 0.021886951292559388
1 0.99 0.5179999999999927 0.02 0.021886951292559388
0 0.9691666669695514 0.5179999999999927 0.061666666060897116 0.021886951292559388
1 0.822 0.41 0.356 0.018968691120215226
0 0.644 0.41 0.2499999963653845 0.018968691120215226
1 0.06636808647182078 0.734 0.13273617294364157 0.018968691120215226
1 0.719 0.802 0.562 0.018968691120215226
0 0.43799999999999956 0.802 0.18749999727403793 0.018968691120215226
1 0.974 0.41800000000000725 0.052 0.017509561034050422
0 0.9115000009086539 0.41800000000000725 0.17699999818269224 0.017509561034050422
1 0.4286692629424374 0.9520000000000073 0.4573385258848748 0.017509561034050422
0 0.20000000000000046 0.9520000000000073 0.14583333121314082 0.017509561034050422
1 0.5278629565585793 0.8359999999999927 0.4837259131171586 0.016050430947871064
0 0.2860000000000005 0.8359999999999927 0.1041666651522437 0.016050430947871064
1 0.050030334044462055 0.648 0.10006066808892411 0.014591300861706258
1 0.99 0.876 0.02 0.014591300861706258
0 0.9587500004543271 0.876 0.08249999909134567 0.014591300861706258
1 0.022026980752009876 0.8860000000000072 0.04405396150401975 0.013132170775541454
1 0.19879817041042724 0.13399999999999274 0.2175963408208545 0.011673040689362096
0 0.09000000000000045 0.13399999999999274 0.14583333121314082 0.011673040689362096
1 0.6917773467780439 0.232 0.11955469355608785 0.010213910603197292
0 0.6320000000000005 0.232 0.12499999818269225 0.010213910603197292
1 0.8097326895437054 0.9964465223492007 0.3554653790874108 0.007106955301598646
0 0.6320000000000005 0.9964465223492007 0.14583333121314082 0.007106955301598646