1 0.902 0.6879999999999927 0.196 0.04085564241277461
0 0.8040000000000009 0.6879999999999927 0.2499999963653845 0.04085564241277461
0 0.9853333339391029 0.8720000000000073 0.029333332121794228 0.03210086189575668
0 0.9423333339391029 0.6699999999999927 0.11533333212179422 0.026264341551068354
1 0.7524063002585936 0.37 0.2648126005171871 0.023346081378724192
0 0.6200000000000009 0.37 0.22916666333493596 0.023346081378724192
1 0.859 0.9928930446984013 0.282 0.014213910603197292
0 0.7180000000000009 0.9928930446984013 0.16666666424359028 0.014213910603197292
1 0.1792406535574828 0.134 0.2664813071149656 0.018968691120215226
0 0.0750833325761223 0.134 0.1501666651522446 0.018968691120215226
1 0.9043935750438395 0.86 0.17678715008767903 0.018968691120215226
0 0.816 0.86 0.12499999818269135 0.018968691120215226
1 0.13131133660954036 0.3439999999999927 0.19462267321908075 0.016050430947871064
0 0.053458332803285886 0.3439999999999927 0.10691666560657177 0.016050430947871064
1 0.4535115543220691 0.3659999999999927 0.2310231086441381 0.016050430947871064
0 0.3380000000000009 0.3659999999999927 0.18749999727403882 0.016050430947871064
1 0.36813330757944185 0.448 0.16826661515888372 0.014591300861706258
0 0.284 0.448 0.12499999818269135 0.014591300861706258
1 0.5577129110143051 0.8400000000000073 0.22342582202861014 0.013132170775541454
0 0.446 0.8400000000000073 0.10416666515224278 0.013132170775541454
1 0.919 0.7119999999999927 0.162 0.011673040689362096
0 0.8380000000000009 0.7119999999999927 0.16666666424359028 0.011673040689362096
1 0.4955894102174498 0.9099999999999927 0.18317882043489953 0.011673040689362096
0 0.4040000000000009 0.9099999999999927 0.1458333312131417 0.011673040689362096