1 0.2017193498751385 0.3440000000000073 0.403438699750277 0.027723471637247712
1 0.926 0.6019999999999928 0.148 0.026264341551068354
0 0.8520000000000009 0.6019999999999928 0.22916666333493596 0.026264341551068354
1 0.753 0.7459999999999927 0.494 0.026264341551068354
0 0.5060000000000009 0.7459999999999927 0.27083332939583304 0.026264341551068354
1 0.791 0.7559999999999927 0.418 0.026264341551068354
0 0.582000000000001 0.7559999999999927 0.27083332939583304 0.026264341551068354
1 0.948 0.246 0.104 0.020427821206394584
0 0.8960000000000009 0.246 0.1458333312131417 0.020427821206394584
1 0.959 0.97 0.082 0.018968691120215226
0 0.918 0.97 0.10416666515224278 0.018968691120215226
1 0.959 0.4040000000000073 0.082 0.017509561034050422
0 0.9069166674238786 0.4040000000000073 0.18616666515224278 0.017509561034050422
1 0.08217793416528821 0.6720000000000073 0.16435586833057642 0.017509561034050422
1 0.818 0.8059999999999927 0.364 0.016050430947871064
0 0.6360000000000009 0.8059999999999927 0.2083333303044874 0.016050430947871064
1 0.7241878907183018 0.9179999999999927 0.37237578143660355 0.016050430947871064
0 0.538 0.9179999999999927 0.10416666515224278 0.016050430947871064
1 0.3692611517745845 0.334 0.506522303549169 0.014591300861706258
0 0.11600000000000091 0.334 0.18749999727403882 0.014591300861706258
1 0.6517906168272639 0.7720000000000072 0.5315812336545277 0.013132170775541454
0 0.386 0.7720000000000072 0.10416666515224278 0.013132170775541454
1 0.46445369613995263 0.8400000000000073 0.17690739227990526 0.013132170775541454
0 0.3760000000000009 0.8400000000000073 0.1458333312131417 0.013132170775541454
1 0.0697459675104883 0.234 0.1394919350209766 0.010213910603197292
0 0.007833333030448556 0.234 0.015666666060897113 0.010213910603197292