1 0.735 0.5799999999999927 0.53 0.036478252154265645
0 0.47 0.5799999999999927 0.27083332939583304 0.036478252154265645
0 0.9236250015901442 0.3699999999999964 0.15274999681971166 0.0306417318095846
0 0.9602916676510417 0.446 0.07941666469791653 0.029182601723412516
0 0.9360000000000005 0.626 0.12499999818269225 0.02480521146490355
1 0.86 0.874 0.28 0.023346081378724192
0 0.7199999999999995 0.874 0.18749999727403793 0.023346081378724192
1 0.023006918725928246 0.6500000000000072 0.04601383745185649 0.017509561034050422
1 0.24979851259485894 0.776 0.2315970251897179 0.014591300861706258
0 0.13400000000000045 0.776 0.12499999818269225 0.014591300861706258
1 0.6116346148996626 0.9259999999999927 0.7152692297993253 0.011673040689362096
0 0.25400000000000045 0.9259999999999927 0.1041666651522437 0.011673040689362096
1 0.0608763132085528 0.41600000000000364 0.1217526264171056 0.008754780517025211
1 0.963 0.592 0.074 0.008754780517017934
0 0.9260000000000005 0.592 0.1041666651522437 0.008754780517017934
1 0.7557556655326048 0.7859999999999927 0.37551133106520956 0.007295650430853129
0 0.5680000000000005 0.7859999999999927 0.1041666651522437 0.007295650430853129
1 0.11200260155333126 0.3619999999999964 0.22400520310666253 0.005836520344681048