1 0.16758374187647224 0.16000000000000728 0.3351674837529445 0.05252868310215126
0 0.03166666606089712 0.16000000000000728 0.06333333212179423 0.05252868310215126
0 0.9120000018173078 0.15399999999999273 0.1759999963653845 0.04085564241277461
1 0.3992570427385281 0.28600000000000725 0.36251408547705616 0.027723471637247712
0 0.218 0.28600000000000725 0.062499999091345675 0.027723471637247712
1 0.9130742002082488 0.7199999999999928 0.13414840041649767 0.021886951292559388
0 0.8460000000000004 0.7199999999999928 0.12499999818269225 0.021886951292559388
1 0.734 0.0021069553015986456 0.532 0.004213910603197291
0 0.468 0.0021069553015986456 0.22916666333493596 0.004213910603197291
1 0.5723803290857205 0.2520000000000073 0.4927606581714408 0.017509561034050422
0 0.32600000000000046 0.2520000000000073 0.12499999818269225 0.017509561034050422
1 0.5874401408992662 0.9520000000000073 0.26288028179853246 0.017509561034050422
0 0.456 0.9520000000000073 0.062499999091345675 0.017509561034050422
1 0.94 0.25999999999999274 0.12 0.016050430947871064
0 0.8799999999999996 0.25999999999999274 0.18749999727403793 0.016050430947871064
1 0.6096445431700362 0.4979999999999927 0.4992890863400726 0.016050430947871064
0 0.35999999999999954 0.4979999999999927 0.18749999727403793 0.016050430947871064
1 0.08168792779664046 0.6579999999999927 0.1633758555932809 0.016050430947871064
1 0.875 0.434 0.25 0.014591300861706258
0 0.7500000000000004 0.434 0.14583333121314082 0.014591300861706258
1 0.815 0.568 0.37 0.014591300861706258
0 0.6300000000000004 0.568 0.12499999818269225 0.014591300861706258
1 0.94 0.49400000000000727 0.12 0.013132170775541454
0 0.8800000000000004 0.49400000000000727 0.08333333212179514 0.013132170775541454
1 0.39137108951696065 0.10599999999999273 0.36674217903392126 0.011673040689362096
0 0.20800000000000046 0.10599999999999273 0.14583333121314082 0.011673040689362096
1 0.19153241905866253 0.14199999999999272 0.38306483811732506 0.011673040689362096
1 0.7998726628670347 0.32799999999999274 0.3837453257340694 0.011673040689362096
0 0.6080000000000004 0.32799999999999274 0.12499999818269225 0.011673040689362096
1 0.14309396468719615 0.6039999999999928 0.2381879293743923 0.011673040689362096
0 0.03804166628806115 0.6039999999999928 0.0760833325761223 0.011673040689362096
1 0.16197702434057873 0.6879999999999927 0.32395404868115746 0.011673040689362096
0 0.01524999954567329 0.6879999999999927 0.03049999909134658 0.011673040689362096
1 0.12205525145072807 0.626 0.24411050290145614 0.010213910603197292
1 0.05146449945531549 0.816 0.10292899891063098 0.010213910603197292
1 0.41425893705543465 0.376 0.4805178741108693 0.008754780517017934
0 0.17400000000000046 0.376 0.08333333212179514 0.008754780517017934
1 0.23186289326302859 0.79 0.46372578652605717 0.008754780517017934
0 0.02124999954567329 0.79 0.04249999909134658 0.008754780517017934