1 0.14337138578646044 0.82 0.2867427715729209 0.049610422929803465
1 0.6650997824583738 0.7059999999999995 0.32219956491674745 0.04085564241277916
0 0.504 0.7059999999999995 0.16666666424358845 0.04085564241277916
1 0.44483253257193245 0.6379999999999996 0.4696650651438649 0.03355999198192603
0 0.2099999999999982 0.6379999999999996 0.18749999727403702 0.03355999198192603
1 0.1483684752340505 0.8320000000000004 0.296736950468101 0.03210086189575577
0 0.0647083323489569 0.8320000000000004 0.1294166646979138 0.03210086189575577
1 0.11358304950395359 0.8480000000000004 0.22716609900790719 0.03210086189575577
0 0.031708332348956904 0.8480000000000004 0.06341666469791381 0.03210086189575577
1 0.6399253881293134 0.302 0.6398507762586269 0.029182601723414338
0 0.32 0.302 0.16666666424358845 0.029182601723414338
1 0.914 0.6679999999999996 0.172 0.027723471637243164
0 0.8202500013629815 0.6679999999999996 0.35949999727403703 0.027723471637243164
0 0.9211250006814898 0.51 0.15774999863702033 0.024805211464901732
1 0.04370227632899878 0.234 0.08740455265799756 0.023346081378731467
1 0.3787554662045768 0.35199999999999954 0.3135109324091536 0.021886951292560297
0 0.222 0.35199999999999954 0.12499999818269135 0.021886951292560297
0 0.9701250006814899 0.092 0.059749998637020324 0.018968691120218865
1 0.817 0.578 0.366 0.018968691120218865
0 0.6339999999999982 0.578 0.18749999727403702 0.018968691120218865
1 0.92 0.64 0.16 0.018968691120218865
0 0.8399999999999982 0.64 0.1458333312131399 0.018968691120218865
0 0.9703333339391029 0.48599999999999954 0.05933333212179423 0.01605043094787743
1 0.4358569622100931 0.08600000000000045 0.31971392442018626 0.014591300861707169
0 0.2759999999999982 0.08600000000000045 0.020833333030448556 0.014591300861707169
1 0.540300010091476 0.9700000000000004 0.464600020182952 0.014591300861707169
0 0.308 0.9700000000000004 0.08333333212179422 0.014591300861707169
0 0.9799583337119384 0.376 0.04008333257612321 0.013132170775535997
1 0.3556218237463381 0.418 0.31124364749267625 0.013132170775535997
0 0.19999999999999818 0.418 0.062499999091345675 0.013132170775535997
1 0.8379814327754339 0.864 0.32396286555086773 0.013132170775535997
0 0.676 0.864 0.12499999818269135 0.013132170775535997
1 0.32523044499826026 0.114 0.31446088999652055 0.011673040689365734
0 0.168 0.114 0.16666666424358845 0.011673040689365734
1 0.08033770609983366 0.796 0.16067541219966733 0.011673040689365734