1 0.41282411007681546 0.88 0.21364822015363097 0.049610422929803465
0 0.306 0.88 0.062499999091345675 0.049610422929803465
1 0.3004325074618682 0.3119999999999991 0.6008650149237365 0.03939651232660799
1 0.918 0.502 0.164 0.023346081378731467
0 0.8359999999999982 0.502 0.10416666515224278 0.023346081378731467
1 0.049966058179144054 0.1460000000000009 0.09993211635828811 0.021886951292561206
1 0.5668399677175894 0.822000000000001 0.32567993543517876 0.021886951292561206
0 0.404 0.822000000000001 0.12499999818269135 0.021886951292561206
1 0.891 0.1459999999999991 0.218 0.020427821206389127
0 0.782 0.1459999999999991 0.16666666424358845 0.020427821206389127
1 0.40863444240154057 0.2099999999999991 0.42126888480308117 0.020427821206389127
0 0.1980000000000009 0.2099999999999991 0.22916666333493596 0.020427821206389127
1 0.6669361539714719 0.4679999999999991 0.33387230794294376 0.020427821206389127
0 0.49999999999999817 0.4679999999999991 0.1458333312131399 0.020427821206389127
1 0.6223037570298129 0.852 0.32860751405962585 0.018968691120218865
0 0.458 0.852 0.20833333030448556 0.018968691120218865
1 0.989 0.818 0.022 0.014591300861706258
0 0.9421250006814899 0.818 0.11574999863702033 0.014591300861706258
1 0.799 0.95 0.402 0.014591300861706258
0 0.598 0.95 0.12499999818269135 0.014591300861706258
1 0.2629229015766632 0.11799999999999909 0.5258458031533264 0.013132170775535997
1 0.6336502277922118 0.5119999999999991 0.22330045558442363 0.013132170775535997
0 0.5219999999999981 0.5119999999999991 0.1458333312131399 0.013132170775535997
1 0.929 0.5839999999999991 0.142 0.013132170775535997
0 0.8579999999999982 0.5839999999999991 0.10416666515224278 0.013132170775535997
1 0.04566945591072726 0.795999999999999 0.09133891182145452 0.013132170775535997
1 0.94 0.512 0.12 0.011673040689365734
0 0.88 0.512 0.08333333212179422 0.011673040689365734
0 0.9627500004543271 0.7800000000000009 0.07449999909134566 0.010213910603195472
1 0.88 0.9160000000000009 0.24 0.010213910603195472
0 0.76 0.9160000000000009 0.12499999818269135 0.010213910603195472
1 0.334891335514405 0.952000000000001 0.20978267102881 0.010213910603195472
0 0.23 0.952000000000001 0.08333333212179422 0.010213910603195472
1 0.10045576585063008 0.07 0.20091153170126017 0.007295650430853129