0 0.9752916676510412 0.7319999999999982 0.04941666469791744 0.049610422929803465
1 0.021247512293278304 0.536 0.04249502458655661 0.036478252154265645
1 0.06137752542546514 0.7120000000000019 0.12275505085093028 0.0350191220680972
1 0.23086757637215033 0.848 0.21773515274430064 0.029182601723412516
0 0.12200000000000091 0.848 0.2083333303044874 0.029182601723412516
1 0.803713389645498 0.598 0.3474267792909959 0.02480521146490355
0 0.6299999999999982 0.598 0.18749999727403702 0.02480521146490355
1 0.812048756779699 0.266 0.34009751355939805 0.023346081378731467
0 0.6419999999999981 0.266 0.18749999727403702 0.023346081378731467
0 0.9743333339391029 0.948 0.05133333212179423 0.023346081378731467
1 0.05872894223587446 0.236 0.11745788447174892 0.021886951292559388
1 0.902 0.31200000000000183 0.196 0.020427821206390945
0 0.8039999999999982 0.31200000000000183 0.1458333312131399 0.020427821206390945
1 0.6587337980075736 0.358 0.5534675960151472 0.01605043094787834
0 0.3820000000000009 0.358 0.10416666515224461 0.01605043094787834
1 0.6356095986744676 0.386 0.3352191973489353 0.01605043094787834
0 0.4679999999999982 0.386 0.1458333312131399 0.01605043094787834
1 0.35730495350735875 0.404 0.3186099070147175 0.01605043094787834
0 0.1980000000000009 0.404 0.1458333312131417 0.01605043094787834
1 0.2880833774401963 0.508 0.42016675488039257 0.01605043094787834
0 0.078 0.508 0.12499999818269135 0.01605043094787834
1 0.832 0.338 0.336 0.014591300861706258
0 0.664 0.338 0.08333333212179422 0.014591300861706258
1 0.3211061059589283 0.8240000000000018 0.5302122119178566 0.013132170775537815
0 0.06445833280328589 0.8240000000000018 0.12891666560657178 0.013132170775537815
1 0.951 0.9160000000000018 0.098 0.013132170775537815
0 0.9019999999999981 0.9160000000000018 0.1458333312131399 0.013132170775537815
1 0.17011229139714487 0.2680000000000018 0.34022458279428974 0.011673040689365734
1 0.3232424971602359 0.5640000000000018 0.42648499432047177 0.011673040689365734
0 0.1100000000000009 0.5640000000000018 0.1458333312131417 0.011673040689365734
1 0.973 0.7840000000000018 0.054 0.011673040689365734
0 0.9459999999999982 0.7840000000000018 0.10416666515224278 0.011673040689365734
1 0.886 0.00999999999999818 0.228 0.010213910603193653
0 0.772 0.00999999999999818 0.08333333212179422 0.010213910603193653
0 0.9621666669695514 0.03199999999999818 0.07566666606089711 0.010213910603193653
1 0.12953413506939523 0.2779999999999982 0.10306827013879047 0.010213910603193653
0 0.078 0.2779999999999982 0.08333333212179422 0.010213910603193653
1 0.16138602589822676 0.9079999999999981 0.3227720517964535 0.010213910603193653
1 0.1483644582461975 0.482 0.296728916492395 0.008754780517025211
1 0.18500180924064352 0.722 0.21400361848128704 0.008754780517025211
0 0.078 0.722 0.12499999818269135 0.008754780517025211
1 0.6693909305097168 0.434 0.22678186101943357 0.007295650430853129
0 0.556 0.434 0.12499999818269135 0.007295650430853129
1 0.07211722083180029 0.584 0.14423444166360058 0.005836520344681048