0 0.9492500013629815 0.736 0.10149999727403701 0.035019122068100844
1 0.61 0.4919999999999927 0.78 0.026264341551068354
0 0.22000000000000092 0.4919999999999927 0.18749999727403882 0.026264341551068354
1 0.875 0.45 0.25 0.02480521146490355
0 0.75 0.45 0.2499999963653827 0.02480521146490355
1 0.886 0.62 0.228 0.02480521146490355
0 0.772 0.62 0.20833333030448556 0.02480521146490355
1 0.908 0.434 0.184 0.020427821206394584
0 0.8160000000000018 0.434 0.2916666624262834 0.020427821206394584
0 0.8937083341662656 0.118 0.21258333166746887 0.018968691120215226
1 0.24734270573531467 0.31000000000000727 0.49468541147062933 0.017509561034050422
1 0.799 0.47600000000000725 0.402 0.017509561034050422
0 0.5979999999999982 0.47600000000000725 0.1458333312131399 0.017509561034050422
1 0.859 0.27 0.282 0.014591300861706258
0 0.7179999999999982 0.27 0.18749999727403702 0.014591300861706258
1 0.0929338094123159 0.566 0.1858676188246318 0.014591300861706258
1 0.359559886098732 0.11600000000000728 0.583119772197464 0.013132170775541454
0 0.07566666606089803 0.11600000000000728 0.15133333212179606 0.013132170775541454
1 0.24773465882849724 0.5980000000000073 0.09946931765699446 0.013132170775541454
0 0.198 0.5980000000000073 0.062499999091345675 0.013132170775541454
1 0.837 0.5059999999999927 0.326 0.011673040689362096
0 0.674 0.5059999999999927 0.12499999818269135 0.011673040689362096
1 0.788 0.834 0.424 0.008754780517017934
0 0.576 0.834 0.12499999818269135 0.008754780517017934
1 0.29504836358137254 0.46 0.3020967271627451 0.004377390258508967