1 0.11033152016284475 0.026000000000007274 0.2206630403256895 0.027723471637247712
1 0.936 0.8540000000000073 0.128 0.027723471637247712
0 0.8719999999999982 0.8540000000000073 0.18749999727403702 0.027723471637247712
1 0.2425360676738401 0.866 0.4850721353476802 0.023346081378724192
1 0.952 0.784 0.096 0.020427821206394584
0 0.904 0.784 0.08333333212179422 0.020427821206394584
1 0.00961051210608639 0.878 0.01922102421217278 0.020427821206394584
1 0.73 0.164 0.54 0.018968691120215226
0 0.4599999999999982 0.164 0.18749999727403702 0.018968691120215226
1 0.849 0.7640000000000072 0.302 0.017509561034050422
0 0.698 0.7640000000000072 0.16666666424358845 0.017509561034050422
1 0.09238410265233324 0.05400000000000728 0.18476820530466648 0.013132170775541454
0 0.9909583337119384 0.30400000000000726 0.018083332576123212 0.013132170775541454
1 0.5443881332460551 0.21599999999999273 0.32077626649211016 0.011673040689362096
0 0.384 0.21599999999999273 0.04166666606089711 0.011673040689362096