1 0.931 0.6099999999999982 0.138 0.040855642412778254
0 0.8619999999999982 0.6099999999999982 0.1458333312131399 0.040855642412778254
1 0.882 0.804 0.236 0.036478252154265645
0 0.764 0.804 0.16666666424358845 0.036478252154265645
1 0.2467572892586195 0.346 0.417514578517239 0.029182601723412516
0 0.05024999954567284 0.346 0.10049999909134567 0.029182601723412516
1 0.81964695070589 0.9439999999999982 0.3272939014117801 0.026264341551071994
0 0.6560000000000018 0.9439999999999982 0.2916666624262834 0.026264341551071994
1 0.658171349850787 0.052 0.592342699701574 0.021886951292559388
0 0.36199999999999816 0.052 0.1458333312131399 0.021886951292559388
1 0.704279029234287 0.17000000000000182 0.444558058468574 0.020427821206390945
0 0.482 0.17000000000000182 0.08333333212179422 0.020427821206390945
1 0.44957189291735994 0.08599999999999818 0.8991437858347199 0.017509561034046783
1 0.5578448244118044 0.7919999999999981 0.45568964882360885 0.017509561034046783
0 0.3299999999999982 0.7919999999999981 0.1458333312131399 0.017509561034046783
1 0.941 0.312 0.118 0.014591300861706258
0 0.8819999999999982 0.312 0.10416666515224278 0.014591300861706258
1 0.5796570585571644 0.07200000000000181 0.5873141171143288 0.011673040689365734
0 0.286 0.07200000000000181 0.16666666424358845 0.011673040689365734
1 0.871 0.4880000000000018 0.258 0.011673040689365734
0 0.742 0.4880000000000018 0.12499999818269135 0.011673040689365734
1 0.35968871131403285 0.6239999999999982 0.1473774226280657 0.010213910603193653
0 0.286 0.6239999999999982 0.08333333212179422 0.010213910603193653
1 0.871 0.1 0.258 0.005836520344681048
0 0.7419999999999982 0.1 0.062499999091345675 0.005836520344681048