1 0.4749411956572944 0.14200000000000365 0.3618823913145889 0.023346081378731467
0 0.2940000000000004 0.14200000000000365 0.1041666651522437 0.023346081378731467
1 0.13477070764678548 0.3920000000000036 0.26954141529357095 0.023346081378731467
1 0.875 0.4279999999999964 0.25 0.020427821206387305
0 0.7499999999999996 0.4279999999999964 0.16666666424358936 0.020427821206387305
1 0.12516866227315132 0.0053773902585126055 0.11833732454630262 0.010754780517025211
0 0.06600000000000046 0.0053773902585126055 0.08333333212179514 0.010754780517025211
1 0.42134325922214383 0.426 0.12268651844428768 0.014591300861706258
0 0.35999999999999954 0.426 0.18749999727403793 0.014591300861706258
1 0.6649775897271738 0.6419999999999964 0.13395517945434768 0.013132170775534177
0 0.5980000000000004 0.6419999999999964 0.14583333121314082 0.013132170775534177
0 0.9903333339391024 0.496 0.019333332121795138 0.011673040689362096
0 0.9619583337119393 0.614 0.07608333257612139 0.011673040689362096
1 0.08563509222844004 0.524 0.1232701844568801 0.010213910603197292
0 0.03283333303044901 0.524 0.06566666606089802 0.010213910603197292
1 0.5885864136790301 0.6900000000000036 0.13317282735806021 0.008754780517025211
0 0.522 0.6900000000000036 0.062499999091345675 0.008754780517025211
1 0.2638036646067876 0.08199999999999637 0.35160732921357524 0.005836520344681048
0 0.08800000000000045 0.08199999999999637 0.08333333212179514 0.005836520344681048
1 0.6167236014680553 0.056 0.12544720293611045 0.004377390258508967