1 0.797 0.576 0.406 0.02480521146490355
0 0.594 0.576 0.22916666333493596 0.02480521146490355
1 0.46043261599352037 0.662 0.22886523198704073 0.023346081378724192
0 0.346 0.662 0.062499999091345675 0.023346081378724192
1 0.27913012941080706 0.8679999999999928 0.5582602588216141 0.021886951292559388
1 0.16265624470813964 0.466 0.2173124894162793 0.018968691120215226
0 0.06866666606089757 0.466 0.13733333212179513 0.018968691120215226
1 0.7514440020556071 0.548 0.24688800411121428 0.018968691120215226
0 0.6280000000000004 0.548 0.14583333121314082 0.018968691120215226
1 0.928 0.018000000000007278 0.144 0.017509561034050422
0 0.8560000000000004 0.018000000000007278 0.1041666651522437 0.017509561034050422
1 0.792 0.6820000000000073 0.416 0.017509561034050422
0 0.5840000000000004 0.6820000000000073 0.14583333121314082 0.017509561034050422
1 0.025319996857585465 0.916 0.05063999371517093 0.014591300861706258
1 0.4764585642720467 0.6500000000000072 0.3049171285440934 0.013132170775541454
0 0.324 0.6500000000000072 0.020833333030448556 0.013132170775541454
1 0.5718194477665443 0.8140000000000073 0.38763889553308856 0.013132170775541454
0 0.37800000000000045 0.8140000000000073 0.08333333212179514 0.013132170775541454
1 0.4651590193561301 0.3519999999999927 0.45431803871226023 0.011673040689362096
0 0.23800000000000046 0.3519999999999927 0.14583333121314082 0.011673040689362096
1 0.3175585858596551 0.7319999999999928 0.07511717171931014 0.011673040689362096
0 0.28 0.7319999999999928 0.062499999091345675 0.011673040689362096
1 0.754 0.224 0.492 0.010213910603197292
0 0.5080000000000005 0.224 0.1041666651522437 0.010213910603197292
1 0.884 0.296 0.232 0.010213910603197292
0 0.7680000000000005 0.296 0.08333333212179514 0.010213910603197292
1 0.5095960172697296 0.124 0.3071920345394592 0.008754780517017934
0 0.3560000000000004 0.124 0.1041666651522437 0.008754780517017934
1 0.20082224907308638 0.102 0.2936444981461727 0.004377390258508967
0 0.05400000000000023 0.102 0.062499999091346126 0.004377390258508967