1 0.7176031578735 0.5479999999999982 0.5552063157470002 0.018968691120218865
0 0.4400000000000009 0.5479999999999982 0.1458333312131417 0.018968691120218865
1 0.888 0.138 0.224 0.01605043094787834
0 0.776 0.138 0.12499999818269135 0.01605043094787834
1 0.782303531942298 0.194 0.18460706388459586 0.01605043094787834
0 0.69 0.194 0.12499999818269135 0.01605043094787834
1 0.27233713670075577 0.406 0.35667427340151153 0.014591300861706258
0 0.094 0.406 0.10416666515224278 0.014591300861706258
1 0.7110196684730336 0.5880000000000019 0.3700393369460671 0.013132170775537815
0 0.5260000000000009 0.5880000000000019 0.1458333312131417 0.013132170775537815
1 0.21250840200935453 0.1340000000000018 0.17301680401870909 0.011673040689365734
0 0.126 0.1340000000000018 0.12499999818269135 0.011673040689365734
1 0.18532351616445522 0.4660000000000018 0.37064703232891044 0.011673040689365734
1 0.942 0.5979999999999982 0.116 0.010213910603193653
0 0.884 0.5979999999999982 0.08333333212179422 0.010213910603193653
1 0.06138095069428436 0.608 0.12276190138856873 0.007295650430853129