1 0.2783405857269627 0.8679999999999963 0.3086811714539253 0.0306417318095846
0 0.12399999999999818 0.8679999999999963 0.22916666333493413 0.0306417318095846
1 0.260761869829128 0.36000000000000365 0.521523739658256 0.023346081378731467
1 0.730951641523754 0.7739999999999964 0.325903283047508 0.020427821206387305
0 0.568 0.7739999999999964 0.12499999818269135 0.020427821206387305
1 0.3651463385067327 0.402 0.3102926770134654 0.017509561034050422
0 0.2099999999999982 0.402 0.1458333312131399 0.017509561034050422
1 0.5313569475132536 0.3840000000000036 0.3147138950265071 0.01605043094787834
0 0.374 0.3840000000000036 0.12499999818269135 0.01605043094787834
1 0.6531450929348739 0.18 0.2982901858697478 0.007295650430853129
0 0.5039999999999982 0.18 0.062499999091345675 0.007295650430853129