1 0.6484926087224094 0.6960000000000073 0.6129852174448188 0.027723471637247712
0 0.3420000000000009 0.6960000000000073 0.2499999963653845 0.027723471637247712
1 0.818 0.438 0.364 0.023346081378724192
0 0.6360000000000009 0.438 0.22916666333493596 0.023346081378724192
1 0.034023175132496364 0.692 0.06804635026499273 0.020427821206394584
1 0.14660227114564986 0.504 0.2932045422912997 0.018968691120215226
1 0.964 0.7580000000000072 0.072 0.017509561034050422
0 0.9067083341662665 0.7580000000000072 0.18658333166746707 0.017509561034050422
1 0.552 0.7580000000000072 0.896 0.017509561034050422
0 0.10400000000000091 0.7580000000000072 0.1458333312131417 0.017509561034050422
1 0.6506695132962786 0.61 0.46533902659255727 0.014591300861706258
0 0.418 0.61 0.12499999818269135 0.014591300861706258
1 0.894 0.9020000000000072 0.212 0.013132170775541454
0 0.7880000000000009 0.9020000000000072 0.1458333312131417 0.013132170775541454