1 0.7682783295761123 0.7579999999999927 0.4565566591522247 0.026264341551068354
0 0.5400000000000005 0.7579999999999927 0.08333333212179514 0.026264341551068354
1 0.6096664161774579 0.46399999999999275 0.5713328323549158 0.021886951292559388
0 0.324 0.46399999999999275 0.29166666242628164 0.021886951292559388
0 0.9893333339391024 0.528 0.021333332121795136 0.020427821206394584
1 0.928 0.22600000000000728 0.144 0.017509561034050422
0 0.8560000000000004 0.22600000000000728 0.1041666651522437 0.017509561034050422
1 0.792 0.015999999999992725 0.416 0.016050430947871064
0 0.5840000000000004 0.015999999999992725 0.08333333212179514 0.016050430947871064
1 0.727 0.6159999999999928 0.546 0.016050430947871064
0 0.45399999999999957 0.6159999999999928 0.16666666424358936 0.016050430947871064
1 0.7375316348091528 0.066 0.35106326961830564 0.014591300861706258
0 0.5619999999999995 0.066 0.18749999727403793 0.014591300861706258
1 0.1864022328617052 0.088 0.3728044657234104 0.014591300861706258
1 0.25590736633829464 0.95 0.3198147326765893 0.014591300861706258
0 0.09599999999999977 0.95 0.1249999981826918 0.014591300861706258
1 0.2278062603701187 0.30000000000000726 0.3076125207402374 0.013132170775541454
0 0.07399999999999977 0.30000000000000726 0.1249999981826918 0.013132170775541454
1 0.14071987409163195 0.48200000000000726 0.15343974818326386 0.013132170775541454
0 0.06399999999999978 0.48200000000000726 0.08333333212179468 0.013132170775541454
1 0.09914962129249216 0.9740000000000073 0.19829924258498433 0.013132170775541454
1 0.3744403134926547 0.366 0.3168806269853094 0.010213910603197292
0 0.21600000000000044 0.366 0.1041666651522437 0.010213910603197292
1 0.14526706804624473 0.37999999999999273 0.29053413609248946 0.007295650430853129
1 0.776 0.4879999999999927 0.448 0.007295650430853129
0 0.552 0.4879999999999927 0.062499999091345675 0.007295650430853129