1 0.824 0.3300000000000073 0.352 0.046692162757462935
0 0.648 0.3300000000000073 0.4374999936394233 0.046692162757462935
1 0.884 0.5320000000000072 0.232 0.046692162757462935
0 0.7485833353020834 0.5320000000000072 0.502833329395833 0.046692162757462935
1 0.17433230888755588 0.6640000000000073 0.3086646177751118 0.037937382240445
0 0.056874999318509256 0.6640000000000073 0.11374999863701851 0.037937382240445
1 0.1482070264547092 0.04799999999999272 0.2964140529094184 0.036478252154265645
1 0.30255330104711176 0.564 0.4571066020942235 0.029182601723412516
0 0.07866666606089712 0.564 0.15733333212179423 0.029182601723412516
1 0.0426646102506943 0.59 0.0853292205013886 0.029182601723412516
1 0.6686029926345136 0.602 0.3212059852690272 0.02480521146490355
0 0.5079999999999991 0.602 0.3124999954567302 0.02480521146490355
0 0.9883333339391028 0.438 0.02333333212179423 0.023346081378724192
1 0.933 0.8799999999999927 0.134 0.021886951292559388
0 0.8660000000000009 0.8799999999999927 0.2499999963653845 0.021886951292559388
0 0.9667500004543271 0.05 0.06649999909134567 0.018968691120215226
0 0.9557500004543271 0.198 0.08849999909134568 0.018968691120215226
1 0.868 0.762 0.264 0.018968691120215226
0 0.7360000000000009 0.762 0.18749999727403882 0.018968691120215226
1 0.10442345406712775 0.3900000000000073 0.2088469081342555 0.017509561034050422
0 0.9619166674238786 0.4660000000000073 0.07616666515224278 0.017509561034050422
1 0.96 0.9880000000000073 0.08 0.017509561034050422
0 0.92 0.9880000000000073 0.12499999818269135 0.017509561034050422
1 0.37616882973204063 0.14799999999999272 0.1483376594640813 0.016050430947871064
0 0.30200000000000093 0.14799999999999272 0.1458333312131417 0.016050430947871064
1 0.927 0.556 0.146 0.014591300861706258
0 0.8540000000000009 0.556 0.2083333303044874 0.014591300861706258
1 0.131231304517617 0.9480000000000073 0.262462609035234 0.013132170775541454
0 0.024666666060897114 0.9480000000000073 0.04933333212179423 0.013132170775541454
1 0.13641917822867072 0.9500000000000073 0.27283835645734145 0.013132170775541454
0 0.029666666060897115 0.9500000000000073 0.05933333212179423 0.013132170775541454
1 0.4584950738620873 0.112 0.2929901477241747 0.010213910603197292
0 0.312 0.112 0.12499999818269135 0.010213910603197292
1 0.971 0.506 0.058 0.010213910603197292
0 0.9397500004543272 0.506 0.12049999909134568 0.010213910603197292
0 0.9719583337119393 0.9968113048707455 0.05608333257612139 0.006377390258508967