1 0.47696235455942043 0.162 0.21392470911884084 0.04231477249895033
0 0.3700000000000009 0.162 0.1458333312131417 0.04231477249895033
0 0.910875001135817 0.25000000000000044 0.178249997728366 0.026264341551072903
1 0.6179631765295053 0.39000000000000046 0.31992635305901057 0.026264341551072903
0 0.4579999999999982 0.39000000000000046 0.020833333030448556 0.026264341551072903
1 0.3885127059911938 0.66 0.20902541198238758 0.023346081378731467
0 0.284 0.66 0.10416666515224278 0.023346081378731467
1 0.11645908190605132 0.42999999999999955 0.23291816381210265 0.021886951292560297
1 0.6754990108208058 0.454 0.21899802164161156 0.018968691120218865
0 0.5659999999999982 0.454 0.1458333312131399 0.018968691120218865
1 0.4882575283602273 0.354 0.2125150567204546 0.0175095610340486
0 0.382 0.354 0.08333333212179422 0.0175095610340486
1 0.4824773347685241 0.8999999999999996 0.3089546695370482 0.01605043094787743
0 0.328 0.8999999999999996 0.12499999818269135 0.01605043094787743
1 0.967 0.7420000000000004 0.066 0.014591300861707169
0 0.9149166674238786 0.7420000000000004 0.1701666651522428 0.014591300861707169
1 0.935 0.532 0.13 0.013132170775535997
0 0.87 0.532 0.08333333212179422 0.013132170775535997
1 0.924 0.556 0.152 0.013132170775535997
0 0.8479999999999982 0.556 0.1458333312131399 0.013132170775535997
1 0.028919180070868605 0.756 0.05783836014173721 0.013132170775535997
1 0.7762938038207267 0.29799999999999954 0.22458760764145336 0.010213910603194563
0 0.6639999999999981 0.29799999999999954 0.062499999091345675 0.010213910603194563
1 0.32157920665632445 0.8639999999999995 0.20315841331264892 0.010213910603194563
0 0.22 0.8639999999999995 0.08333333212179422 0.010213910603194563
1 0.6867062910262103 0.12200000000000046 0.22141258205242048 0.0087547805170243
0 0.5759999999999982 0.12200000000000046 0.062499999091345675 0.0087547805170243
1 0.897 0.48 0.206 0.007295650430853129
0 0.7939999999999982 0.48 0.062499999091345675 0.007295650430853129