1 0.3914035496130728 0.554 0.5508070992261455 0.03939651232660981
0 0.116 0.554 0.08333333212179422 0.03939651232660981
1 0.612 0.162 0.776 0.029182601723412516
0 0.22399999999999817 0.162 0.27083332939583127 0.029182601723412516
1 0.4068748457758011 0.1 0.6897496915516022 0.023346081378724192
0 0.06745833280328406 0.1 0.13491666560656812 0.023346081378724192
1 0.9173416517697842 0.386 0.15068330353956844 0.023346081378724192
0 0.8419999999999982 0.386 0.062499999091345675 0.023346081378724192
1 0.78 0.14799999999999272 0.44 0.021886951292559388
0 0.5599999999999982 0.14799999999999272 0.22916666333493413 0.021886951292559388
1 0.786 0.534 0.428 0.020427821206394584
0 0.5719999999999982 0.534 0.1458333312131399 0.020427821206394584
1 0.964 0.02 0.072 0.018968691120215226
0 0.9119166674238786 0.02 0.17616666515224277 0.018968691120215226
1 0.872 0.16200000000000728 0.256 0.017509561034050422
0 0.7439999999999982 0.16200000000000728 0.1458333312131399 0.017509561034050422
1 0.585 0.9966226097414911 0.83 0.006754780517017935
0 0.17 0.9966226097414911 0.20833333030448556 0.006754780517017935
1 0.7760882612867044 0.7419999999999928 0.14817652257340888 0.016050430947871064
0 0.7019999999999982 0.7419999999999928 0.10416666515224278 0.016050430947871064
1 0.34250030510880786 0.08800000000000728 0.28100061021761574 0.013132170775541454
0 0.202 0.08800000000000728 0.16666666424358845 0.013132170775541454
1 0.5124197411110326 0.42600000000000726 0.42483948222206525 0.013132170775541454
0 0.3 0.42600000000000726 0.08333333212179422 0.013132170775541454
1 0.04470123574750323 0.16599999999999274 0.08940247149500646 0.011673040689362096
0 0.008249999545672836 0.16599999999999274 0.016499999091345672 0.011673040689362096
1 0.40299454954561953 0.27399999999999275 0.5539890990912391 0.011673040689362096
0 0.12599999999999817 0.27399999999999275 0.062499999091345675 0.011673040689362096
1 0.5488151037396165 0.46399999999999275 0.5616302074792329 0.011673040689362096
0 0.2679999999999982 0.46399999999999275 0.062499999091345675 0.011673040689362096
1 0.5819583713375378 0.46399999999999275 0.5639167426750755 0.011673040689362096
0 0.29999999999999816 0.46399999999999275 0.062499999091345675 0.011673040689362096
1 0.6723745059798002 0.6199999999999928 0.28874901195960045 0.011673040689362096
0 0.528 0.6199999999999928 0.08333333212179422 0.011673040689362096
1 0.42580696276822527 0.722 0.5556139255364505 0.010213910603197292
0 0.148 0.722 0.08333333212179422 0.010213910603197292
1 0.760608312571263 0.84 0.293216625142526 0.010213910603197292
0 0.614 0.84 0.12499999818269135 0.010213910603197292
1 0.796 0.96 0.408 0.008754780517017934
0 0.5919999999999982 0.96 0.062499999091345675 0.008754780517017934
1 0.32442500996510715 0.033999999999992724 0.4168500199302143 0.007295650430853129
0 0.116 0.033999999999992724 0.08333333212179422 0.007295650430853129
1 0.10094275849914812 0.041999999999992724 0.20188551699829624 0.007295650430853129