0 0.958708334166266 0.19200000000000728 0.08258333166746798 0.037937382240445
1 0.13697106249752186 0.502 0.2739421249950437 0.02480521146490355
0 0.02029166583373399 0.502 0.04058333166746798 0.02480521146490355
1 0.31338770867855237 0.0018365203446810484 0.6267754173571047 0.0036730406893620967
0 0.9781666669695515 0.4199999999999927 0.043666666060897114 0.016050430947871064
1 0.3296297903117766 0.014 0.5912595806235531 0.014591300861706258
0 0.05345833280328543 0.014 0.10691666560657086 0.014591300861706258
1 0.81 0.028000000000007276 0.38 0.013132170775541454
0 0.6199999999999996 0.028000000000007276 0.16666666424358936 0.013132170775541454
0 0.9839583337119393 0.06199999999999272 0.03208333257612139 0.011673040689362096
1 0.6621060659288732 0.2019999999999927 0.3882121318577465 0.011673040689362096
0 0.46800000000000047 0.2019999999999927 0.14583333121314082 0.011673040689362096