1 0.937 0.5059999999999963 0.126 0.027723471637240437
0 0.8484583346205927 0.5059999999999963 0.30308333075881455 0.027723471637240437
1 0.1778942829764037 0.734 0.3557885659528074 0.02480521146490355
0 0.013249999545672835 0.734 0.02649999909134567 0.02480521146490355
1 0.725249472188856 0.12200000000000363 0.39449894437771216 0.0189686911202225
0 0.5280000000000009 0.12200000000000363 0.1458333312131417 0.0189686911202225
1 0.2749581773962318 0.7140000000000036 0.2739163547924636 0.0189686911202225
0 0.1380000000000009 0.7140000000000036 0.2499999963653845 0.0189686911202225
0 0.9651666669695514 0.4420000000000036 0.06966666606089711 0.01605043094787834
1 0.31957788478863314 0.6859999999999964 0.34315576957726623 0.013132170775534177
0 0.1480000000000009 0.6859999999999964 0.16666666424359028 0.013132170775534177
1 0.867 0.9719999999999963 0.266 0.013132170775534177
0 0.734 0.9719999999999963 0.10416666515224278 0.013132170775534177
1 0.8140292162811129 0.58 0.31205843256222576 0.011673040689362096
0 0.658 0.58 0.04166666606089711 0.011673040689362096
1 0.6898470579468485 0.27199999999999636 0.23569411589369701 0.005836520344681048
0 0.572 0.27199999999999636 0.08333333212179422 0.005836520344681048