1 0.2061698360773389 0.476 0.4123396721546778 0.046692162757462935
0 0.9266250015901442 0.9000000000000037 0.14674999681971168 0.04085564241278189
1 0.025983852236462553 0.74 0.051967704472925105 0.03210086189575668
1 0.7921808226850989 0.11999999999999818 0.37236164537019795 0.026264341551071994
0 0.606 0.11999999999999818 0.2499999963653827 0.026264341551071994
1 0.40002614439432 0.7699999999999981 0.34405228878864 0.018968691120218865
0 0.228 0.7699999999999981 0.12499999818269135 0.018968691120218865
1 0.13253182577064218 0.056 0.26506365154128436 0.014591300861706258
1 0.885 0.6320000000000018 0.23 0.011673040689365734
0 0.7699999999999981 0.6320000000000018 0.10416666515224278 0.011673040689365734
1 0.5729476063129132 0.02599999999999818 0.4738952126258264 0.010213910603193653
0 0.3359999999999982 0.02599999999999818 0.062499999091345675 0.010213910603193653
1 0.5373582418703063 0.23799999999999819 0.8147164837406126 0.010213910603193653
0 0.12999999999999817 0.23799999999999819 0.10416666515224278 0.010213910603193653
1 0.5377618951746135 0.012 0.47152379034922703 0.008754780517025211
0 0.30199999999999816 0.012 0.10416666515224278 0.008754780517025211
1 0.31054650209123064 0.694 0.2330930041824613 0.008754780517025211
1 0.6034983653312119 0.16 0.36299673066242394 0.005836520344681048
0 0.422 0.16 0.04166666606089711 0.005836520344681048
1 0.0990938126059682 0.208 0.1981876252119364 0.005836520344681048