1 0.054569895656619336 0.5319999999999964 0.10913979131323867 0.05252868310214399
1 0.878 0.88 0.244 0.0496104229298071
0 0.7559999999999982 0.88 0.18749999727403702 0.0496104229298071
1 0.948 0.13 0.104 0.043773902585118776
0 0.8855000009086543 0.13 0.22899999818269134 0.043773902585118776
1 0.757883549898941 0.186 0.4397670997978821 0.03210086189575668
0 0.5379999999999981 0.186 0.27083332939583127 0.03210086189575668
0 0.9399166674238786 0.5900000000000036 0.12016666515224278 0.02626434155107563
1 0.04035865978675793 0.12 0.08071731957351586 0.02480521146490355
1 0.3207691174107931 0.3280000000000036 0.40953823482158624 0.023346081378731467
0 0.116 0.3280000000000036 0.20833333030448556 0.023346081378731467
1 0.08991566595117365 0.35400000000000365 0.1798313319023473 0.023346081378731467
1 0.1657925925486452 0.6580000000000037 0.3315851850972904 0.023346081378731467
0 0.0447083323489569 0.6580000000000037 0.0894166646979138 0.023346081378731467
1 0.2978328522213196 0.8600000000000037 0.25566570444263925 0.0189686911202225
0 0.17 0.8600000000000037 0.12499999818269135 0.0189686911202225
1 0.130517855179045 0.146 0.26103571035809 0.017509561034050422
1 0.959 0.442 0.082 0.017509561034050422
0 0.9179999999999982 0.442 0.1458333312131399 0.017509561034050422
1 0.46779868368275673 0.424 0.13959736736551348 0.014591300861706258
0 0.3979999999999982 0.424 0.1458333312131399 0.014591300861706258
1 0.4418855334431464 0.8479999999999963 0.13177106688629284 0.013132170775534177
0 0.37599999999999817 0.8479999999999963 0.1458333312131399 0.013132170775534177
1 0.11957747033879423 0.692 0.23915494067758847 0.011673040689362096
1 0.4641652874853335 0.6620000000000036 0.2643305749706669 0.008754780517025211
0 0.332 0.6620000000000036 0.08333333212179422 0.008754780517025211
1 0.97 0.168 0.06 0.007295650430853129
0 0.94 0.168 0.08333333212179422 0.007295650430853129