1 0.962 0.8579999999999928 0.076 0.10943475646279693
0 0.9203333339391029 0.8579999999999928 0.15933333212179424 0.10943475646279693
1 0.5972090838706572 0.3360000000000073 0.3664181677413144 0.027723471637247712
0 0.414 0.3360000000000073 0.12499999818269135 0.027723471637247712
1 0.7863808981393249 0.2899999999999927 0.22476179627864987 0.016050430947871064
0 0.6740000000000009 0.2899999999999927 0.18749999727403882 0.016050430947871064
1 0.7427373778455912 0.334 0.11347475569118251 0.014591300861706258
0 0.686 0.334 0.10416666515224278 0.014591300861706258
1 0.7818749082671066 0.19 0.0397498165342131 0.010213910603197292
0 0.762 0.19 0.062499999091345675 0.010213910603197292
1 0.7201861471705188 0.368 0.11237229434103756 0.008754780517017934
0 0.664 0.368 0.12499999818269135 0.008754780517017934