1 0.0746025090877556 0.226 0.1492050181755112 0.02480521146490355
1 0.8122179521064954 0.44999999999999635 0.12443590421299086 0.020427821206387305
0 0.75 0.44999999999999635 0.12499999818269135 0.020427821206387305
1 0.04751574088968755 0.95 0.0950314817793751 0.014591300861706258
1 0.27063736653311843 0.952 0.12527473306623688 0.014591300861706258
0 0.208 0.952 0.08333333212179422 0.014591300861706258
1 0.8027584014623744 0.6119999999999963 0.12551680292474884 0.013132170775534177
0 0.74 0.6119999999999963 0.12499999818269135 0.013132170775534177
1 0.42853333402428145 0.926 0.13706666804856285 0.011673040689362096
0 0.36 0.926 0.10416666515224278 0.011673040689362096
0 0.968541667196715 0.958 0.06291666560656994 0.011673040689362096