1 0.4642993261304018 0.9699999999999982 0.13259865226080364 0.049610422929803465
0 0.3979999999999982 0.9699999999999982 0.020833333030448556 0.049610422929803465
1 0.3522955281709346 0.886 0.38459105634186924 0.029182601723412516
0 0.15999999999999817 0.886 0.020833333030448556 0.029182601723412516
0 0.9865833334847757 0.7379999999999982 0.026833333030448558 0.026264341551071994
1 0.726 0.5820000000000018 0.548 0.020427821206390945
0 0.4519999999999982 0.5820000000000018 0.062499999091345675 0.020427821206390945
1 0.856 0.5539999999999982 0.288 0.017509561034046783
0 0.712 0.5539999999999982 0.20833333030448556 0.017509561034046783
1 0.2597914195271751 0.606 0.5195828390543502 0.01605043094787834
0 0.04487499931850834 0.606 0.08974999863701669 0.01605043094787834
1 0.769 0.914 0.462 0.014591300861706258
0 0.5379999999999981 0.914 0.18749999727403702 0.014591300861706258
1 0.5934615985973396 0.10200000000000183 0.2629231971946792 0.013132170775537815
0 0.462 0.10200000000000183 0.08333333212179422 0.013132170775537815
1 0.05247725110045394 0.5140000000000018 0.10495450220090788 0.013132170775537815
1 0.5626593072961495 0.7980000000000018 0.2653186145922991 0.013132170775537815
0 0.42999999999999816 0.7980000000000018 0.10416666515224278 0.013132170775537815
1 0.91 0.378 0.18 0.008754780517025211
0 0.82 0.378 0.08333333212179422 0.008754780517025211
1 0.6302170368840488 0.898 0.5284340737680977 0.008754780517025211
0 0.36599999999999816 0.898 0.062499999091345675 0.008754780517025211
1 0.943 0.6600000000000018 0.114 0.0043773902585126055