1 0.731 0.944 0.538 0.03939651232660981
0 0.4619999999999991 0.944 0.3124999954567302 0.03939651232660981
1 0.4055658538467487 0.706 0.8111317076934974 0.029182601723412516
0 0.03754166537940637 0.706 0.07508333075881274 0.029182601723412516
1 0.7662137687875739 0.7239999999999982 0.32842753757514764 0.026264341551071994
0 0.602 0.7239999999999982 0.10416666515224278 0.026264341551071994
1 0.43529233228067826 0.7200000000000019 0.8705846645613565 0.020427821206390945
1 0.22537320786735746 0.2819999999999982 0.4507464157347149 0.018968691120218865
0 0.03929166583373444 0.2819999999999982 0.07858333166746888 0.018968691120218865
0 0.9867500004543271 0.9339999999999982 0.02649999909134567 0.017509561034046783
1 0.40476028970631434 0.674 0.3175205794126286 0.01605043094787834
0 0.2460000000000009 0.674 0.1458333312131417 0.01605043094787834
1 0.314826384067248 0.178 0.629652768134496 0.014591300861706258
0 0.023458332803285884 0.178 0.04691666560657177 0.014591300861706258
1 0.6983621195153028 0.7779999999999981 0.32072423903060554 0.010213910603193653
0 0.538 0.7779999999999981 0.062499999091345675 0.010213910603193653
1 0.38421926995143074 0.69 0.7684385399028615 0.008754780517025211
0 0.013624999772836419 0.69 0.027249999545672837 0.008754780517025211
1 0.3186095085165598 0.882 0.6012190170331196 0.008754780517025211
0 0.01941666651522428 0.882 0.03883333303044856 0.008754780517025211