1 0.802 0.9220000000000073 0.396 0.03210086189575668
0 0.604 0.9220000000000073 0.20833333030448556 0.03210086189575668
1 0.11481659687366118 0.55 0.22963319374732236 0.02480521146490355
1 0.964 0.508 0.072 0.020427821206394584
0 0.9223333339391029 0.508 0.15533333212179423 0.020427821206394584
1 0.5818062064796522 0.262 0.2596124129593045 0.018968691120215226
0 0.452 0.262 0.12499999818269135 0.018968691120215226
1 0.566531714401619 0.332 0.3810634288032379 0.018968691120215226
0 0.37599999999999817 0.332 0.10416666515224278 0.018968691120215226
1 0.927 0.3320000000000073 0.146 0.017509561034050422
0 0.854 0.3320000000000073 0.20833333030448556 0.017509561034050422
1 0.645 0.45999999999999275 0.71 0.016050430947871064
0 0.2899999999999982 0.45999999999999275 0.22916666333493413 0.016050430947871064
1 0.5184869200114426 0.4979999999999927 0.37297384002288525 0.016050430947871064
0 0.332 0.4979999999999927 0.16666666424358845 0.016050430947871064
1 0.1512452545393917 0.806 0.3024905090787834 0.014591300861706258
0 0.013458332803284066 0.806 0.026916665606568132 0.014591300861706258
1 0.46695042782050405 0.392 0.3779008556410081 0.010213910603197292
0 0.278 0.392 0.08333333212179422 0.010213910603197292
1 0.5976984313927715 0.842 0.4873968627855429 0.008754780517017934