0 0.9128333348477567 0.8160000000000036 0.17433333030448647 0.03355999198192876
0 0.9176666678782053 0.9519999999999964 0.16466666424358936 0.027723471637240437
1 0.05594618257672346 0.4560000000000036 0.11189236515344692 0.023346081378731467
0 0.8952916676510417 0.296 0.20941666469791653 0.021886951292559388
1 0.4222530599011607 0.602 0.22850611980232133 0.021886951292559388
0 0.30799999999999955 0.602 0.18749999727403793 0.021886951292559388
1 0.936 0.742 0.128 0.021886951292559388
0 0.8719999999999996 0.742 0.20833333030448647 0.021886951292559388
1 0.5792467888085744 0.6199999999999963 0.3464935776171487 0.020427821206387305
0 0.40599999999999953 0.6199999999999963 0.16666666424358936 0.020427821206387305
1 0.124061853182302 0.986 0.248123706364604 0.017509561034050422
1 0.2948243881941453 0.9660000000000036 0.40964877638829056 0.01605043094787834
0 0.09000000000000045 0.9660000000000036 0.14583333121314082 0.01605043094787834
1 0.789 0.602 0.422 0.010213910603197292
0 0.5780000000000004 0.602 0.1041666651522437 0.010213910603197292
1 0.936 0.622 0.128 0.010213910603197292
0 0.8720000000000004 0.622 0.12499999818269225 0.010213910603197292
1 0.3044776112281334 0.682 0.6089552224562668 0.007295650430853129
0 0.006833333030449012 0.682 0.013666666060898024 0.007295650430853129