0 0.9701250006814905 0.028 0.059749998637018964 0.029182601723412516
1 0.974 0.04199999999999636 0.052 0.027723471637240437
0 0.9271250006814905 0.04199999999999636 0.14574999863701896 0.027723471637240437
1 0.2018930785417301 0.3920000000000036 0.2877861570834602 0.0189686911202225
0 0.07066666606089735 0.3920000000000036 0.1413333321217947 0.0189686911202225
1 0.6367355519723342 0.2540000000000036 0.22547110394466835 0.01605043094787834
0 0.524 0.2540000000000036 0.14583333121314082 0.01605043094787834
1 0.5253936553607302 0.798 0.23878731072146048 0.014591300861706258
0 0.406 0.798 0.12499999818269225 0.014591300861706258
1 0.06005730427308481 0.756 0.12011460854616962 0.011673040689362096
1 0.3810230522856571 0.9990817398276595 0.14604610457131412 0.0018365203446810484
0 0.308 0.9990817398276595 0.14583333121314082 0.0018365203446810484
1 0.941 0.94 0.118 0.010213910603197292
0 0.8819999999999998 0.94 0.08333333212179468 0.010213910603197292
1 0.6781428276764977 0.034 0.04828565535299549 0.007295650430853129
0 0.6540000000000002 0.034 0.062499999091346126 0.007295650430853129