1 0.6863758602417777 0.5320000000000037 0.37275172048355537 0.03355999198192876
0 0.5000000000000002 0.5320000000000037 0.33333332848717917 0.03355999198192876
0 0.9733750002271636 0.3079999999999964 0.05324999954567283 0.020427821206387305
0 0.9729583337119391 0.4919999999999964 0.05408333257612185 0.020427821206387305
0 0.9469166674238784 0.6640000000000036 0.10616666515224324 0.01605043094787834
1 0.1665733072054793 0.098 0.2011466144109586 0.014591300861706258
0 0.06599999999999977 0.098 0.10416666515224324 0.014591300861706258
1 0.20729524927340207 0.302 0.23859049854680417 0.011673040689362096
0 0.088 0.302 0.14583333121314082 0.011673040689362096
1 0.8294957458840595 0.5419999999999964 0.22699149176811897 0.005836520344681048
0 0.7160000000000002 0.5419999999999964 0.04166666606089757 0.005836520344681048