1 0.5707156544475629 0.7800000000000037 0.7814313088951258 0.055446943274488146
0 0.1800000000000009 0.7800000000000037 0.2499999963653845 0.055446943274488146
1 0.5016555263939771 0.818 0.6233110527879544 0.03210086189575668
0 0.19000000000000092 0.818 0.2499999963653845 0.03210086189575668
1 0.797350467389495 0.9839999999999963 0.3227009347789899 0.020427821206387305
0 0.636 0.9839999999999963 0.10416666515224278 0.020427821206387305
1 0.38949033619692 0.812 0.77898067239384 0.017509561034050422
1 0.9137001140135599 0.756 0.16740022802711974 0.014591300861706258
0 0.83 0.756 0.12499999818269135 0.014591300861706258
1 0.1926494210772071 0.878 0.30529884215441416 0.010213910603197292
0 0.05124999954567284 0.878 0.10249999909134568 0.010213910603197292
1 0.6216770670104806 0.538 0.4913541340209613 0.004377390258508967