1 0.631 0.002377390258510786 0.738 0.004754780517021572
0 0.262 0.002377390258510786 0.08333333212179422 0.004754780517021572
0 0.9517500004543271 0.5119999999999982 0.09649999909134567 0.017509561034046783
1 0.2556843101496597 0.7899999999999981 0.48336862029931943 0.017509561034046783
0 0.04866666606089803 0.7899999999999981 0.09733333212179605 0.017509561034046783
1 0.5727657241057296 0.5340000000000018 0.31753144821145907 0.011673040689365734
0 0.4140000000000009 0.5340000000000018 0.1458333312131417 0.011673040689365734
0 0.9621666669695514 0.2799999999999982 0.07566666606089711 0.010213910603193653
1 0.48545574294277866 0.4699999999999982 0.4229114858855573 0.010213910603193653
0 0.274 0.4699999999999982 0.10416666515224278 0.010213910603193653
1 0.6616880930041988 0.962 0.10337618600839778 0.008754780517025211
0 0.61 0.962 0.04166666606089711 0.008754780517025211
1 0.18989233188034632 0.36 0.20378466376069262 0.007295650430853129