1 0.389711456007848 0.9876100020045178 0.539422912015696 0.02477999599096438
0 0.1277083323489569 0.9876100020045178 0.2554166646979138 0.02477999599096438
1 0.1416297662541674 0.768 0.2832595325083348 0.02480521146490355
1 0.5144230811528269 0.014 0.5488461623056538 0.021886951292559388
0 0.2399999999999982 0.014 0.18749999727403702 0.021886951292559388
1 0.052363749233778435 0.7359999999999982 0.10472749846755687 0.017509561034046783
1 0.06530741614614999 0.562 0.13061483229229998 0.01605043094787834
0 0.026083332576121394 0.562 0.05216666515224279 0.01605043094787834
1 0.729 0.97 0.542 0.014591300861706258
0 0.4579999999999982 0.97 0.1458333312131399 0.014591300861706258
1 0.4881307198204686 0.4560000000000018 0.5602614396409372 0.013132170775537815
0 0.2079999999999982 0.4560000000000018 0.10416666515224278 0.013132170775537815
1 0.3633140225172192 0.7120000000000019 0.5506280450344384 0.013132170775537815
0 0.088 0.7120000000000019 0.12499999818269135 0.013132170775537815
1 0.289287784781518 0.6360000000000018 0.18657556956303598 0.011673040689365734
0 0.19599999999999818 0.6360000000000018 0.10416666515224278 0.011673040689365734
1 0.4963736567639353 0.476 0.18874731352787058 0.007295650430853129
0 0.4019999999999982 0.476 0.10416666515224278 0.007295650430853129
1 0.1048358152935325 0.348 0.185671630587065 0.005836520344681048
0 0.026833333030448558 0.348 0.053666666060897115 0.005836520344681048