1 0.06230171695093304 0.31200000000000727 0.12460343390186608 0.05252868310215126
1 0.0857674760433356 0.684 0.1715349520866712 0.04815129284362774
1 0.26983228245388363 0.082 0.5116645649077672 0.02480521146490355
0 0.07991666560657086 0.082 0.15983333121314172 0.02480521146490355
1 0.14399582835790442 0.834 0.28799165671580884 0.023346081378724192
0 0.04249999909134658 0.834 0.08499999818269316 0.023346081378724192
1 0.08601375647903478 0.504 0.16402751295806955 0.014591300861706258
0 0.048874999318510165 0.504 0.09774999863702033 0.014591300861706258
1 0.3266770885857204 0.646 0.16935417717144083 0.014591300861706258
0 0.2420000000000009 0.646 0.16666666424359028 0.014591300861706258
1 0.0813741513539835 0.954 0.162748302707967 0.008754780517017934
0 0.023041666288060696 0.954 0.04608333257612139 0.008754780517017934