1 0.41885718303579145 0.51 0.41371436607158285 0.045233032671298135
0 0.212 0.51 0.3333333284871787 0.045233032671298135
1 0.3030236784095318 0.538 0.33404735681906367 0.045233032671298135
0 0.15654166537940684 0.538 0.31308333075881367 0.045233032671298135
1 0.007628733011551958 0.31399999999999273 0.015257466023103915 0.04085564241277461
1 0.0829310748128396 0.2 0.1658621496256792 0.033559991981921486
0 0.944708334166266 0.6800000000000073 0.11058333166746798 0.03210086189575668
1 0.97 0.358 0.06 0.030641731809591875
0 0.9231250006814903 0.358 0.1537499986370194 0.030641731809591875
0 0.9707500004543271 0.122 0.05849999909134567 0.029182601723412516
1 0.839 0.4020000000000073 0.322 0.027723471637247712
0 0.6779999999999995 0.4020000000000073 0.16666666424358936 0.027723471637247712
1 0.964 0.7900000000000073 0.072 0.027723471637247712
0 0.8858750011358174 0.7900000000000073 0.2282499977283651 0.027723471637247712
1 0.715 0.388 0.57 0.023346081378724192
0 0.42999999999999955 0.388 0.16666666424358936 0.023346081378724192
1 0.709 0.4279999999999927 0.582 0.021886951292559388
0 0.41799999999999954 0.4279999999999927 0.20833333030448647 0.021886951292559388
1 0.5453744657686229 0.074 0.42674893153724586 0.020427821206394584
0 0.332 0.074 0.22916666333493596 0.020427821206394584
1 0.942 0.968 0.116 0.018968691120215226
0 0.8840000000000005 0.968 0.08333333212179514 0.018968691120215226
1 0.942 0.478 0.116 0.014591300861706258
0 0.8839999999999996 0.478 0.18749999727403793 0.014591300861706258
1 0.6251795551364666 0.498 0.3463591102729333 0.014591300861706258
0 0.45199999999999957 0.498 0.18749999727403793 0.014591300861706258
1 0.704 0.934 0.592 0.014591300861706258
0 0.40799999999999953 0.934 0.16666666424358936 0.014591300861706258
0 0.9545416671967151 0.9779999999999928 0.09091666560656995 0.011673040689362096
1 0.6397501417865297 0.9839999999999928 0.3995002835730593 0.011673040689362096
0 0.44 0.9839999999999928 0.062499999091345675 0.011673040689362096
1 0.905 0.742 0.19 0.010213910603197292
0 0.8100000000000005 0.742 0.12499999818269225 0.010213910603197292
1 0.4546428012791721 0.3399999999999927 0.24528560255834417 0.007295650430853129
0 0.33200000000000046 0.3399999999999927 0.08333333212179514 0.007295650430853129