0 0.9783750002271636 0.8839999999999991 0.04324999954567284 0.051069553015973726
1 0.4092122012783898 0.3819999999999991 0.35842440255677954 0.043773902585120594
0 0.23 0.3819999999999991 0.020833333030448556 0.043773902585120594
1 0.615 0.688 0.77 0.04231477249895033
0 0.26604166447075295 0.688 0.5320833289415059 0.04231477249895033
1 0.14008147703015267 0.3739999999999991 0.23216295406030532 0.020427821206389127
0 0.04845833280328543 0.3739999999999991 0.09691666560657086 0.020427821206389127
1 0.6893111829632758 0.6019999999999991 0.13862236592655153 0.020427821206389127
0 0.62 0.6019999999999991 0.020833333030448556 0.020427821206389127
1 0.3031163816946532 0.772 0.38623276338930645 0.018968691120218865
0 0.11000000000000046 0.772 0.12499999818269225 0.018968691120218865
1 0.17851188046554217 0.922 0.35702376093108434 0.014591300861706258
1 0.967 0.412 0.066 0.011673040689365734
0 0.934 0.412 0.020833333030448556 0.011673040689365734
1 0.6264909414802592 0.648 0.4049818829605183 0.011673040689365734
0 0.42400000000000043 0.648 0.14583333121314082 0.011673040689365734
1 0.21692156615593877 0.918 0.43384313231187754 0.011673040689365734
1 0.2600528163970475 0.354 0.23610563279409508 0.0043773902585126055