1 0.08039742400706246 0.981679134095204 0.1607948480141249 0.036641731809591876
0 0.056249997728365086 0.981679134095204 0.11249999545673017 0.036641731809591876
1 0.18821592035933235 0.976 0.3764318407186647 0.030641731809591875
1 0.343944462241966 0.912 0.283888924483932 0.02480521146490355
0 0.20199999999999954 0.912 0.16666666424358936 0.02480521146490355
1 0.06927957972180321 0.9499999999999927 0.13855915944360642 0.021886951292559388
1 0.03960480670910329 0.654 0.07920961341820658 0.020427821206394584
1 0.932 0.17799999999999272 0.136 0.016050430947871064
0 0.8639999999999995 0.17799999999999272 0.20833333030448647 0.016050430947871064
1 0.3251531514359958 0.4699999999999927 0.6503063028719916 0.016050430947871064
0 0.01245833280328543 0.4699999999999927 0.02491666560657086 0.016050430947871064
1 0.5259772410370133 0.9943521747845734 0.4959544820740266 0.01129565043085313
0 0.2779999999999995 0.9943521747845734 0.20833333030448647 0.01129565043085313
0 0.9599583337119393 0.7279999999999928 0.0800833325761214 0.011673040689362096
1 0.894 0.548 0.212 0.010213910603197292
0 0.7880000000000005 0.548 0.1041666651522437 0.010213910603197292
1 0.7846975597408437 0.994 0.2133951194816873 0.010213910603197292
0 0.6780000000000005 0.994 0.1041666651522437 0.010213910603197292
1 0.11813413029794129 0.846 0.09226826059588257 0.008754780517017934
0 0.072 0.846 0.062499999091345675 0.008754780517017934
1 0.021116530397222506 0.8899999999999927 0.04223306079444501 0.007295650430853129