1 0.11259104923793348 0.4719999999999927 0.22518209847586695 0.036478252154265645
1 0.0883371512613021 0.4339999999999927 0.1766743025226042 0.026264341551068354
1 0.956 0.838 0.088 0.02480521146490355
0 0.9119999999999981 0.838 0.1458333312131399 0.02480521146490355
0 0.9905416671967141 0.852 0.018916665606571768 0.02480521146490355
1 0.1675644196293533 0.38799999999999274 0.3351288392587066 0.021886951292559388
1 0.3183106527349537 0.41 0.6366213054699074 0.020427821206394584
0 0.05191666560657086 0.41 0.10383333121314171 0.020427821206394584
0 0.9261250006814898 0.682 0.14774999863702032 0.018968691120215226
1 0.853 0.45999999999999275 0.294 0.016050430947871064
0 0.7059999999999982 0.45999999999999275 0.1458333312131399 0.016050430947871064
1 0.913 0.9079999999999927 0.174 0.016050430947871064
0 0.826 0.9079999999999927 0.20833333030448556 0.016050430947871064
1 0.017811382195457554 0.9679999999999928 0.03562276439091511 0.016050430947871064
0 0.9789583337119384 0.652 0.04208333257612321 0.014591300861706258
1 0.712 0.20800000000000726 0.576 0.013132170775541454
0 0.424 0.20800000000000726 0.12499999818269135 0.013132170775541454
1 0.17495788497500053 0.36600000000000726 0.19391576995000104 0.013132170775541454
0 0.078 0.36600000000000726 0.12499999818269135 0.013132170775541454
1 0.978 0.7459999999999927 0.044 0.011673040689362096
0 0.9467500004543271 0.7459999999999927 0.10649999909134567 0.011673040689362096
1 0.1891430164369922 0.8639999999999928 0.3782860328739844 0.011673040689362096
1 0.7591140782358944 0.9980817398276558 0.23422815647178868 0.0038365203446883243
0 0.642 0.9980817398276558 0.12499999818269135 0.0038365203446883243
1 0.88 0.236 0.24 0.008754780517017934
0 0.76 0.236 0.12499999818269135 0.008754780517017934
1 0.11438786216563858 0.2019999999999927 0.22877572433127716 0.007295650430853129
1 0.2930323854001326 0.24199999999999272 0.5860647708002652 0.007295650430853129
1 0.3323657190753183 0.8119999999999927 0.6647314381506366 0.007295650430853129