1 0.44484782361560976 0.33799999999999636 0.4176956472312195 0.0306417318095846
0 0.23599999999999818 0.33799999999999636 0.27083332939583127 0.0306417318095846
1 0.48542830513842816 0.9660000000000036 0.43485661027685635 0.023346081378731467
0 0.2680000000000018 0.9660000000000036 0.33333332848718056 0.023346081378731467
1 0.19255010840678188 0.6799999999999964 0.38510021681356377 0.020427821206387305
1 0.410939710450697 0.796 0.28587942090139407 0.014591300861706258
0 0.268 0.796 0.12499999818269135 0.014591300861706258
1 0.981 0.96 0.038 0.014591300861706258
0 0.9393333339391029 0.96 0.12133333212179423 0.014591300861706258
1 0.16555595228174388 0.10799999999999636 0.27111190456348777 0.013132170775534177
0 0.05666666606089711 0.10799999999999636 0.11333333212179422 0.013132170775534177
1 0.981 0.082 0.038 0.011673040689362096
0 0.9549583337119384 0.082 0.0900833325761232 0.011673040689362096
1 0.017538621522391624 0.46 0.03507724304478325 0.011673040689362096
1 0.14696168007323285 0.15200000000000363 0.2939233601464657 0.008754780517025211
1 0.8111311280544287 0.9120000000000036 0.1542622561088574 0.008754780517025211
0 0.7339999999999982 0.9120000000000036 0.10416666515224278 0.008754780517025211