1 0.5376797163022365 0.18400000000000727 0.3593594326044731 0.027723471637247712
0 0.358 0.18400000000000727 0.12499999818269135 0.027723471637247712
1 0.05195992265663881 0.372 0.10391984531327762 0.02480521146490355
0 0.9415000009086544 0.242 0.11699999818269134 0.023346081378724192
1 0.82 0.006471737823136209 0.36 0.012943475646272419
0 0.64 0.006471737823136209 0.062499999091345675 0.012943475646272419
1 0.15107029302282718 0.9599999999999927 0.30214058604565436 0.021886951292559388
0 0.052083332576122306 0.9599999999999927 0.10416666515224461 0.021886951292559388
1 0.537229379999586 0.484 0.2504587599991719 0.014591300861706258
0 0.412 0.484 0.10416666515224278 0.014591300861706258
1 0.3829823670865371 0.592 0.24596473417307424 0.014591300861706258
0 0.2600000000000009 0.592 0.18749999727403882 0.014591300861706258
1 0.34841113240056804 0.4060000000000073 0.048822264801136044 0.013132170775541454
0 0.324 0.4060000000000073 0.10416666515224278 0.013132170775541454
1 0.15258251397052935 0.47800000000000725 0.17716502794105873 0.013132170775541454
0 0.064 0.47800000000000725 0.12499999818269135 0.013132170775541454
1 0.5087440962971341 0.6099999999999928 0.2574881925942682 0.011673040689362096
0 0.3800000000000009 0.6099999999999928 0.1458333312131417 0.011673040689362096
1 0.3244981819021496 0.876 0.23699636380429911 0.010213910603197292
0 0.2060000000000009 0.876 0.16666666424359028 0.010213910603197292