1 0.6181451487384247 0.26600000000000046 0.25229029747684945 0.0569060733606575
0 0.492 0.26600000000000046 0.020833333030448556 0.0569060733606575
1 0.3052037575157001 0.21800000000000044 0.47040751503140016 0.020427821206390036
0 0.07145833280328588 0.21800000000000044 0.14291666560657176 0.020427821206390036
1 0.05338774674893193 0.46600000000000047 0.10677549349786386 0.020427821206390036
1 0.344521764441477 0.6740000000000005 0.377043528882954 0.014591300861707169
0 0.156 0.6740000000000005 0.08333333212179422 0.014591300861707169
1 0.931 0.638 0.138 0.011673040689365734
0 0.862 0.638 0.10416666515224278 0.011673040689365734
0 0.9861666669695515 0.5059999999999996 0.027666666060897113 0.010213910603194563
1 0.947 0.49000000000000044 0.106 0.0087547805170243
0 0.894 0.49000000000000044 0.10416666515224278 0.0087547805170243
1 0.00899901968976701 0.942 0.01799803937953402 0.007295650430853129
1 0.7866289225833034 0.8719999999999996 0.08925784516660679 0.004377390258511696
0 0.742 0.8719999999999996 0.062499999091345675 0.004377390258511696
1 0.3260246381098541 0.14000000000000046 0.1640492762197082 0.0029182601723414334