1 0.295648763958975 0.5460000000000073 0.21529752791794998 0.03210086189575668
0 0.18799999999999978 0.5460000000000073 0.08333333212179468 0.03210086189575668
1 0.974 0.5379999999999927 0.052 0.026264341551068354
0 0.9427500004543269 0.5379999999999927 0.11449999909134613 0.026264341551068354
1 0.20136985968732848 0.224 0.24273971937465694 0.02480521146490355
0 0.08166666606089734 0.224 0.16333333212179468 0.02480521146490355
1 0.9101828054068708 0.13800000000000728 0.14436561081374158 0.017509561034050422
0 0.838 0.13800000000000728 0.12499999818269225 0.017509561034050422
1 0.7746371766561552 0.672 0.13327435331231027 0.014591300861706258
0 0.708 0.672 0.12499999818269225 0.014591300861706258
1 0.011026902886138942 0.12999999999999273 0.022053805772277883 0.011673040689362096
1 0.07228685631000689 0.6719999999999927 0.14457371262001378 0.011673040689362096
0 0.022249999545673062 0.6719999999999927 0.044499999091346124 0.011673040689362096
1 0.19366523018483303 0.486 0.13933046036966606 0.008754780517017934
0 0.12399999999999978 0.486 0.10416666515224324 0.008754780517017934
1 0.968 0.702 0.064 0.008754780517017934
0 0.9359999999999997 0.702 0.08333333212179468 0.008754780517017934