1 0.889 0.5720000000000018 0.222 0.020427821206390945
0 0.778 0.5720000000000018 0.10416666515224278 0.020427821206390945
1 0.30558267444347437 0.748 0.27116534888694876 0.01605043094787834
0 0.1700000000000009 0.748 0.2083333303044874 0.01605043094787834
1 0.6918657689839384 0.256 0.21973153796787664 0.014591300861706258
0 0.582 0.256 0.08333333212179422 0.014591300861706258
1 0.889 0.9820000000000019 0.222 0.011673040689365734
0 0.7780000000000009 0.9820000000000019 0.1458333312131417 0.011673040689365734
0 0.9445416671967151 0.4519999999999982 0.11091666560656994 0.010213910603193653
1 0.91 0.8539999999999982 0.18 0.010213910603193653
0 0.82 0.8539999999999982 0.08333333212179422 0.010213910603193653