1 0.752 0.308 0.496 0.036478252154265645
0 0.504 0.308 0.2499999963653827 0.036478252154265645
1 0.048559392120598205 0.97 0.09711878424119641 0.03210086189575668
1 0.4177021418261702 0.2939999999999982 0.15540428365234038 0.026264341551071994
0 0.3400000000000018 0.2939999999999982 0.2916666624262834 0.026264341551071994
1 0.662372814277287 0.324 0.4687456285545741 0.02480521146490355
0 0.428 0.324 0.16666666424358845 0.02480521146490355
1 0.39961672111933333 0.238 0.46323344223866664 0.021886951292559388
0 0.168 0.238 0.2499999963653827 0.021886951292559388
1 0.622 0.1580000000000018 0.756 0.020427821206390945
0 0.2439999999999982 0.1580000000000018 0.1458333312131399 0.020427821206390945
1 0.974 0.6460000000000018 0.052 0.020427821206390945
0 0.948 0.6460000000000018 0.08333333212179422 0.020427821206390945
0 0.9649166674238786 0.888 0.07016666515224279 0.01605043094787834
1 0.6785857636267574 0.978 0.1571715272535148 0.01605043094787834
0 0.6 0.978 0.20833333030448556 0.01605043094787834
1 0.871 0.154 0.258 0.014591300861706258
0 0.742 0.154 0.16666666424358845 0.014591300861706258
1 0.828 0.872 0.344 0.014591300861706258
0 0.656 0.872 0.12499999818269135 0.014591300861706258
1 0.7727496518065 0.20000000000000182 0.32149930361299994 0.013132170775537815
0 0.6119999999999982 0.20000000000000182 0.10416666515224278 0.013132170775537815
0 0.9807500004543271 0.4280000000000018 0.038499999091345674 0.013132170775537815
1 0.35638716830424894 0.6000000000000019 0.5967743366084979 0.013132170775537815
0 0.06024999954567284 0.6000000000000019 0.12049999909134568 0.013132170775537815
1 0.7028921644305738 0.6160000000000018 0.3137843288611475 0.013132170775537815
0 0.5459999999999982 0.6160000000000018 0.10416666515224278 0.013132170775537815
0 0.9639583337119384 0.3040000000000018 0.07208333257612322 0.011673040689365734
1 0.757 0.9160000000000018 0.486 0.011673040689365734
0 0.514 0.9160000000000018 0.12499999818269135 0.011673040689365734
1 0.020870592057890464 0.6099999999999982 0.04174118411578093 0.010213910603193653
1 0.058225801137745295 0.8139999999999982 0.11645160227549059 0.010213910603193653
0 0.9851666669695515 0.35 0.029666666060897115 0.008754780517025211
1 0.139912598717352 0.564 0.279825197434704 0.008754780517025211
0 0.012833333030448557 0.564 0.025666666060897115 0.008754780517025211
1 0.14435231604042748 0.386 0.14870463208085494 0.005836520344681048
0 0.07 0.386 0.04166666606089711 0.005836520344681048