1 0.7807653361634848 0.496 0.16953067232696958 0.01605043094787834
0 0.696 0.496 0.12499999818269135 0.01605043094787834
1 0.2681864126713854 0.686 0.22837282534277073 0.014591300861706258
0 0.15400000000000091 0.686 0.1458333312131417 0.014591300861706258
1 0.5918099419769888 0.06600000000000182 0.15961988395397747 0.011673040689365734
0 0.512 0.06600000000000182 0.08333333212179422 0.011673040689365734
1 0.951 0.3360000000000018 0.098 0.011673040689365734
0 0.9020000000000009 0.3360000000000018 0.1458333312131417 0.011673040689365734
1 0.7135974978010999 0.4080000000000018 0.1631949956021999 0.011673040689365734
0 0.632 0.4080000000000018 0.12499999818269135 0.011673040689365734
1 0.273796070538172 0.33 0.19559214107634398 0.008754780517025211
0 0.176 0.33 0.10416666515224278 0.008754780517025211