1 0.7642367479684854 0.176 0.34047349593697074 0.0306417318095846
0 0.5940000000000004 0.176 0.37499999454807675 0.0306417318095846
1 0.5581812949304618 0.03800000000000091 0.6003625898609234 0.029182601723414338
0 0.25800000000000045 0.03800000000000091 0.14583333121314082 0.029182601723414338
1 0.7357886044716747 0.012201302866224978 0.3915772089433494 0.024402605732449956
0 0.5400000000000005 0.012201302866224978 0.1041666651522437 0.024402605732449956
1 0.5338927914090005 0.8259999999999991 0.15978558281800087 0.020427821206389127
0 0.45400000000000046 0.8259999999999991 0.1041666651522437 0.020427821206389127
1 0.3122546030887002 0.06000000000000091 0.3685092061774003 0.0175095610340486
0 0.12799999999999978 0.06000000000000091 0.1249999981826918 0.0175095610340486
1 0.4465786986875055 0.29 0.397157397375011 0.014591300861706258
0 0.248 0.29 0.020833333030448556 0.014591300861706258
1 0.08001057450485359 0.33 0.16002114900970718 0.014591300861706258
0 0.9841250006814903 0.913999999999999 0.03174999863701942 0.013132170775535997
1 0.32302197464605026 0.106 0.3020439492921005 0.011673040689365734
0 0.17200000000000046 0.106 0.1041666651522437 0.011673040689365734
1 0.5891684017155149 0.3 0.2503368034310297 0.011673040689365734
0 0.46400000000000047 0.3 0.12499999818269225 0.011673040689365734
1 0.2745230667938631 0.796 0.2250461335877262 0.011673040689365734
0 0.16200000000000045 0.796 0.1041666651522437 0.011673040689365734
1 0.6917120719050763 0.8539999999999991 0.3234241438101526 0.008754780517023391
0 0.5300000000000005 0.8539999999999991 0.1041666651522437 0.008754780517023391
1 0.0795428481423046 0.136 0.1590856962846092 0.007295650430853129
1 0.42721581238894124 0.248 0.16243162477788245 0.007295650430853129
0 0.346 0.248 0.062499999091345675 0.007295650430853129
1 0.2922933295231387 0.1380000000000009 0.1525866590462774 0.005836520344682867
0 0.216 0.1380000000000009 0.062499999091345675 0.005836520344682867
1 0.5270904330908879 0.078 0.23418086618177586 0.0043773902585126055
0 0.41 0.078 0.062499999091345675 0.0043773902585126055
1 0.863 0.654 0.274 0.0043773902585126055
0 0.726 0.654 0.062499999091345675 0.0043773902585126055