1 0.22177010238581535 0.13000000000000728 0.19154020477163067 0.037937382240445
0 0.12600000000000092 0.13000000000000728 0.16666666424359028 0.037937382240445
1 0.7651681192488968 0.00956608538776345 0.1503362384977936 0.0191321707755269
0 0.69 0.00956608538776345 0.10416666515224278 0.0191321707755269
1 0.965 0.25 0.07 0.023346081378724192
0 0.9025000009086543 0.25 0.19499999818269134 0.023346081378724192
1 0.7293913582447349 0.06600000000000728 0.35878271648946974 0.017509561034050422
0 0.5500000000000009 0.06600000000000728 0.2083333303044874 0.017509561034050422
1 0.1300744176220196 0.726 0.1801488352440392 0.014591300861706258
0 0.05645833280328588 0.726 0.11291666560657176 0.014591300861706258
1 0.13234541532945332 0.6140000000000073 0.12069083065890664 0.013132170775541454
0 0.07766666606089802 0.6140000000000073 0.15533333212179604 0.013132170775541454
1 0.08964079157019114 0.8299999999999927 0.11928158314038229 0.011673040689362096
0 0.04624999954567283 0.8299999999999927 0.09249999909134567 0.011673040689362096
1 0.22261666875237915 0.066 0.19323333750475832 0.010213910603197292
0 0.126 0.066 0.10416666515224278 0.010213910603197292
1 0.6077459678648484 0.422 0.1394919357296967 0.008754780517017934
0 0.538 0.422 0.10416666515224278 0.008754780517017934
1 0.09233884520306947 0.764 0.060677690406138934 0.005836520344688324
0 0.062 0.764 0.062499999091345675 0.005836520344688324