1 0.836 0.046 0.328 0.05836520344682503
0 0.6719999999999982 0.046 0.10416666515224278 0.05836520344682503
1 0.885 0.5759999999999927 0.23 0.036478252154265645
0 0.7699999999999981 0.5759999999999927 0.27083332939583127 0.036478252154265645
1 0.57 0.49200000000000726 0.86 0.03210086189575668
0 0.14 0.49200000000000726 0.16666666424358845 0.03210086189575668
1 0.24546202567187356 0.8680000000000073 0.4909240513437471 0.027723471637247712
0 0.04029166583373262 0.8680000000000073 0.08058333166746524 0.027723471637247712
1 0.11528696498028876 0.3439999999999927 0.23057392996057752 0.026264341551068354
1 0.3887188600091158 0.512 0.7774377200182316 0.02480521146490355
1 0.4637673081036155 0.974 0.647534616207231 0.02480521146490355
0 0.15854166537940728 0.974 0.31708333075881456 0.02480521146490355
1 0.2966918693754251 0.442 0.5933837387508502 0.020427821206394584
1 0.3162718753939207 0.918 0.2645437507878414 0.020427821206394584
0 0.1839999999999982 0.918 0.1458333312131399 0.020427821206394584
1 0.6901259578762365 0.8839999999999927 0.276251915752473 0.016050430947871064
0 0.5519999999999982 0.8839999999999927 0.10416666515224278 0.016050430947871064
1 0.48433872928567506 0.488 0.9686774585713501 0.014591300861706258
1 0.6987517102296679 0.76 0.40150342045933574 0.014591300861706258
0 0.498 0.76 0.16666666424358845 0.014591300861706258
1 0.7636186935310761 0.7240000000000073 0.2712373870621523 0.013132170775541454
0 0.628 0.7240000000000073 0.16666666424358845 0.013132170775541454
1 0.2996942774500749 0.7720000000000072 0.2553885549001498 0.013132170775541454
0 0.17199999999999818 0.7720000000000072 0.18749999727403702 0.013132170775541454
1 0.20581512194137577 0.4039999999999927 0.3676302438827515 0.011673040689362096
0 0.04745833280328406 0.4039999999999927 0.09491666560656813 0.011673040689362096
1 0.0233068172002786 0.054 0.0466136344005572 0.010213910603197292
1 0.5979681419566114 0.652 0.2639362839132227 0.010213910603197292
0 0.4659999999999982 0.652 0.10416666515224278 0.010213910603197292
1 0.025653100294442992 0.278 0.051306200588885985 0.008754780517017934
1 0.22135197203354257 0.546 0.2467039440670851 0.008754780517017934
0 0.09799999999999819 0.546 0.10416666515224278 0.008754780517017934
1 0.016980683310048334 0.798 0.03396136662009667 0.008754780517017934
1 0.04970842763899054 0.914 0.09941685527798108 0.008754780517017934
1 0.744 0.4959999999999927 0.512 0.007295650430853129
0 0.48799999999999816 0.4959999999999927 0.10416666515224278 0.007295650430853129
1 0.6367164016579118 0.9579999999999927 0.40543280331582354 0.007295650430853129
0 0.43399999999999817 0.9579999999999927 0.10416666515224278 0.007295650430853129