1 0.927 0.08799999999999636 0.146 0.03793738224043773
0 0.8540000000000009 0.08799999999999636 0.1458333312131417 0.03793738224043773
1 0.921 0.892 0.158 0.02480521146490355
0 0.8420000000000009 0.892 0.18749999727403882 0.02480521146490355
1 0.1246535419376969 0.936 0.2493070838753938 0.017509561034050422
1 0.851 0.5000000000000037 0.298 0.008754780517025211
0 0.702000000000001 0.5000000000000037 0.1458333312131417 0.008754780517025211
1 0.8741194201255749 0.482 0.23623884025114966 0.007295650430853129
0 0.756 0.482 0.10416666515224278 0.007295650430853129
1 0.916 0.17999999999999636 0.168 0.005836520344681048
0 0.832 0.17999999999999636 0.08333333212179422 0.005836520344681048
1 0.894 0.608 0.212 0.002