1 0.719 0.004308258167822715 0.562 0.00861651633564543
0 0.438 0.004308258167822715 0.27083332939583304 0.00861651633564543
1 0.93 0.066 0.14 0.036478252154265645
0 0.8600000000000004 0.066 0.12499999818269225 0.036478252154265645
1 0.03524238157526543 0.34 0.07048476315053086 0.029182601723412516
1 0.1115771430768027 0.438 0.2231542861536054 0.029182601723412516
1 0.93 0.512 0.14 0.01605043094787834
0 0.8600000000000004 0.512 0.14583333121314082 0.01605043094787834
1 0.5094529669184749 0.7980000000000018 0.5789059338369498 0.011673040689365734
0 0.22000000000000045 0.7980000000000018 0.1041666651522437 0.011673040689365734
1 0.05871904329177687 0.228 0.11743808658355374 0.008754780517025211