1 0.5587579277444275 0.036 0.5295158554888548 0.026264341551072448
0 0.2939999999999982 0.036 0.27083332939583127 0.026264341551072448
1 0.7808463273160905 0.236 0.3656926546321811 0.026264341551072448
0 0.598 0.236 0.312499995456732 0.026264341551072448
1 0.5693528304574865 0.1840000000000001 0.35470566091497313 0.024805211464901958
0 0.392 0.1840000000000001 0.20833333030448556 0.024805211464901958
1 0.0591997970376251 0.1500000000000001 0.1183995940752502 0.023346081378731242
1 0.2856684721880265 0.7839999999999999 0.371336944376053 0.013132170775536224
0 0.1 0.7839999999999999 0.12499999818269135 0.013132170775536224
1 0.12234491174193317 0.05399999999999989 0.24468982348386634 0.01021391060319479
1 0.7926833428300343 0.3579999999999999 0.3693666856600685 0.01021391060319479
0 0.6079999999999982 0.3579999999999999 0.10416666515224278 0.01021391060319479
1 0.6885395008982322 0.1899999999999999 0.18107900179646458 0.008754780517024073
0 0.598 0.1899999999999999 0.08333333212179422 0.008754780517024073