1 0.774 0.9700000000000036 0.452 0.04085564241278189
0 0.548 0.9700000000000036 0.5624999918221146 0.04085564241278189
1 0.033392601610157724 0.8940000000000037 0.06678520322031545 0.023346081378731467
1 0.872 0.716 0.256 0.021886951292559388
0 0.7440000000000009 0.716 0.2083333303044874 0.021886951292559388
1 0.519208399598303 0.9420000000000036 0.354416799196606 0.0189686911202225
0 0.3420000000000009 0.9420000000000036 0.16666666424359028 0.0189686911202225
1 0.3756490194187345 0.916 0.175298038837469 0.014591300861706258
0 0.2880000000000009 0.916 0.16666666424359028 0.014591300861706258
1 0.11259279143739241 0.936 0.22518558287478482 0.014591300861706258
1 0.14657291876629006 0.9759999999999963 0.2931458375325801 0.013132170775534177