1 0.4163162374816411 0.15399999999999273 0.6846324749632822 0.04085564241277461
0 0.16199999818269226 0.15399999999999273 0.3239999963653845 0.04085564241277461
0 0.9783333339391029 0.344 0.04333333212179423 0.033559991981921486
0 0.9723333339391029 0.24 0.055333332121794226 0.029182601723412516
1 0.857 0.1399999999999927 0.286 0.021886951292559388
0 0.714 0.1399999999999927 0.08333333212179422 0.021886951292559388
1 0.96 0.706 0.08 0.018968691120215226
0 0.92 0.706 0.12499999818269135 0.018968691120215226
1 0.37651159694442504 0.1760000000000073 0.27702319388885005 0.017509561034050422
0 0.238 0.1760000000000073 0.10416666515224278 0.017509561034050422
1 0.20501735461374482 0.25999999999999274 0.41003470922748964 0.016050430947871064
0 0.9513333339391029 0.9079999999999927 0.09733333212179422 0.016050430947871064
1 0.938 0.9359999999999927 0.124 0.016050430947871064
0 0.876 0.9359999999999927 0.020833333030448556 0.016050430947871064
1 0.9079413423155102 0.29 0.1478826846310203 0.014591300861706258
0 0.834 0.29 0.10416666515224278 0.014591300861706258
1 0.5406682456530698 0.402 0.2813364913061396 0.014591300861706258
0 0.4 0.402 0.10416666515224278 0.014591300861706258
1 0.06962996738326183 0.434 0.13925993476652365 0.014591300861706258
1 0.0737733662725509 0.568 0.1475467325451018 0.014591300861706258
1 0.906 0.8 0.188 0.014591300861706258
0 0.8120000000000009 0.8 0.1458333312131417 0.014591300861706258
1 0.8446143568355629 0.020000000000007276 0.15322871367112567 0.013132170775541454
0 0.768 0.020000000000007276 0.10416666515224278 0.013132170775541454
1 0.6359280533607107 0.06400000000000727 0.4278561067214214 0.013132170775541454
0 0.422 0.06400000000000727 0.10416666515224278 0.013132170775541454
1 0.14040414122749825 0.49400000000000727 0.2808082824549965 0.013132170775541454
1 0.4511506551972461 0.3079999999999927 0.27830131039449224 0.011673040689362096
0 0.312 0.3079999999999927 0.10416666515224278 0.011673040689362096
0 0.9719583337119393 0.0011886951292544837 0.05608333257612139 0.0023773902585089673
1 0.17667309899309294 0.42 0.26934619798618586 0.005836520344688324
0 0.042 0.42 0.062499999091345675 0.005836520344688324
1 0.5703939501436843 0.7620000000000072 0.42878790028736874 0.002918260172344162