1 0.852 0.07 0.296 0.011673040689362096
0 0.704 0.07 0.08333333212179422 0.011673040689362096
1 0.15240689959334394 0.118 0.1328137991866879 0.011673040689362096
0 0.086 0.118 0.12499999818269135 0.011673040689362096
1 0.5671146490655629 0.492 0.2022292981311257 0.011673040689362096
0 0.4660000000000009 0.492 0.1458333312131417 0.011673040689362096
1 0.31012917329643913 0.2939999999999964 0.2322583465928783 0.005836520344681048
0 0.194 0.2939999999999964 0.08333333212179422 0.005836520344681048
1 0.275812452809836 0.24 0.22762490561967205 0.004377390258508967
0 0.162 0.24 0.062499999091345675 0.004377390258508967
1 0.31239349718990617 0.308 0.2767869943798123 0.004377390258508967