1 0.4616730135698672 0.45 0.8393460271397344 0.045233032671298135
0 0.042 0.45 0.020833333030448556 0.045233032671298135
1 0.10542958438082406 0.282 0.21085916876164812 0.043773902585118776
1 0.716 0.4899999999999927 0.568 0.04085564241277461
0 0.4320000000000009 0.4899999999999927 0.29166666242628164 0.04085564241277461
1 0.26037563647782097 0.534 0.41675127295564196 0.035019122068100844
0 0.11454166537940727 0.534 0.22908333075881454 0.035019122068100844
0 0.9690416681053684 0.59 0.06191666378926311 0.033559991981921486
1 0.052468472472562554 0.82 0.10493694494512511 0.029182601723412516
1 0.5275533279554929 0.9100000000000072 0.14710665591098587 0.027723471637247712
0 0.4540000000000009 0.9100000000000072 0.18749999727403882 0.027723471637247712
1 0.3360179209651651 0.7499999999999927 0.6720358419303302 0.026264341551068354
1 0.08288725214917804 0.32799999999999274 0.16577450429835608 0.021886951292559388
1 0.852 0.088 0.296 0.020427821206394584
0 0.704000000000001 0.088 0.1458333312131417 0.020427821206394584
1 0.049659202043870664 0.26 0.09931840408774133 0.018968691120215226
1 0.96 0.25399999999999273 0.08 0.016050430947871064
0 0.9200000000000009 0.25399999999999273 0.1458333312131417 0.016050430947871064
1 0.965 0.5699999999999927 0.07 0.016050430947871064
0 0.9129166674238786 0.5699999999999927 0.17416666515224277 0.016050430947871064
1 0.7614964498065192 0.7979999999999927 0.29099289961303837 0.016050430947871064
0 0.6160000000000009 0.7979999999999927 0.1458333312131417 0.016050430947871064
1 0.933 0.336 0.134 0.014591300861706258
0 0.8660000000000009 0.336 0.1458333312131417 0.014591300861706258
1 0.3770960320381528 0.582 0.27819206407630553 0.014591300861706258
0 0.2380000000000009 0.582 0.1458333312131417 0.014591300861706258
1 0.608 0.6339999999999927 0.784 0.011673040689362096
0 0.2160000000000009 0.6339999999999927 0.1458333312131417 0.011673040689362096
1 0.575 0.6539999999999927 0.85 0.011673040689362096
0 0.15 0.6539999999999927 0.10416666515224278 0.011673040689362096
0 0.9611666669695514 0.8059999999999927 0.07766666606089712 0.011673040689362096
1 0.1760934640527712 0.876 0.3521869281055424 0.010213910603197292
1 0.6142998789949743 0.386 0.14859975798994857 0.005836520344688324
0 0.54 0.386 0.08333333212179422 0.005836520344688324
1 0.1305858350030212 0.99 0.2611716700060424 0.004377390258508967
0 0.009624999772836419 0.99 0.019249999545672837 0.004377390258508967