0 0.966 0.6979999999999927 0.062499999091345675 0.04085564241277461
1 0.918 0.148 0.164 0.02480521146490355
0 0.8359999999999995 0.148 0.18749999727403793 0.02480521146490355
1 0.21756734028171695 0.072 0.3671346805634339 0.020427821206394584
0 0.034 0.072 0.062499999091345675 0.020427821206394584
1 0.1582810741907756 0.6680000000000073 0.3165621483815512 0.017509561034050422
0 0.025874999318509253 0.6680000000000073 0.051749998637018506 0.017509561034050422
1 0.3761569498552549 0.25399999999999273 0.25231389971050977 0.016050430947871064
0 0.25000000000000044 0.25399999999999273 0.1041666651522437 0.016050430947871064
1 0.945 0.7200000000000073 0.11 0.013132170775541454
0 0.8900000000000005 0.7200000000000073 0.12499999818269225 0.013132170775541454
1 0.945 0.3019999999999927 0.11 0.011673040689362096
0 0.8900000000000005 0.3019999999999927 0.14583333121314082 0.011673040689362096
1 0.6723247576466629 0.3679999999999927 0.38864951529332575 0.011673040689362096
0 0.4780000000000005 0.3679999999999927 0.12499999818269225 0.011673040689362096
1 0.2503992149841183 0.4119999999999927 0.36879842996823664 0.011673040689362096
0 0.06600000000000046 0.4119999999999927 0.12499999818269225 0.011673040689362096
1 0.145796644853428 0.5099999999999927 0.291593289706856 0.011673040689362096
1 0.815 0.5139999999999927 0.37 0.011673040689362096
0 0.6299999999999996 0.5139999999999927 0.16666666424358936 0.011673040689362096
1 0.17500463284679654 0.758 0.3500092656935931 0.010213910603197292
1 0.6540160657444962 0.898 0.2640321314889925 0.010213910603197292
0 0.5220000000000005 0.898 0.1041666651522437 0.010213910603197292
1 0.10777017520847676 0.908 0.21554035041695352 0.008754780517017934
0 0.9440000000000005 0.7899999999999927 0.08333333212179514 0.007295650430853129