1 0.776 0.4960000000000009 0.448 0.029182601723414338
0 0.5519999999999982 0.4960000000000009 0.22916666333493413 0.029182601723414338
1 0.885 0.18 0.23 0.027723471637244073
0 0.77 0.18 0.12499999818269135 0.027723471637244073
1 0.4510778254846318 0.05399999999999909 0.49015565096926367 0.024805211464901732
0 0.20599999999999818 0.05399999999999909 0.27083332939583127 0.024805211464901732
1 0.1900462232664413 0.7079999999999991 0.2280924465328826 0.024805211464901732
0 0.076 0.7079999999999991 0.12499999818269135 0.024805211464901732
1 0.7197465745160898 0.8459999999999991 0.48749314903217966 0.024805211464901732
0 0.476 0.8459999999999991 0.16666666424358845 0.024805211464901732
1 0.041238848792891074 0.9897986971337741 0.08247769758578215 0.020402605732451774
1 0.2133859082336967 0.634 0.23077181646739336 0.023346081378731467
0 0.09799999999999819 0.634 0.18749999727403702 0.023346081378731467
1 0.6802984389358225 0.004471737823140757 0.3845968778716451 0.008943475646281514
0 0.488 0.004471737823140757 0.20833333030448556 0.008943475646281514
1 0.09045602946479994 0.2600000000000009 0.18091205892959988 0.021886951292561206
1 0.912 0.4399999999999991 0.176 0.020427821206389127
0 0.824 0.4399999999999991 0.2499999963653827 0.020427821206389127
1 0.912 0.9898930446984022 0.176 0.02021391060319547
0 0.8240000000000018 0.9898930446984022 0.2916666624262834 0.02021391060319547
1 0.2143626424981121 0.506 0.23272528499622422 0.018968691120218865
0 0.098 0.506 0.16666666424358845 0.018968691120218865
1 0.04553875730758045 0.742 0.0910775146151609 0.018968691120218865
1 0.4555767515011212 0.4480000000000009 0.23915350300224236 0.0175095610340486
0 0.3359999999999982 0.4480000000000009 0.18749999727403702 0.0175095610340486
1 0.47318359820029765 0.3039999999999991 0.3623671964005953 0.013132170775535997
0 0.292 0.3039999999999991 0.12499999818269135 0.013132170775535997
1 0.21440840635370842 0.539999999999999 0.23281681270741683 0.013132170775535997
0 0.09799999999999819 0.539999999999999 0.18749999727403702 0.013132170775535997
1 0.11272850242813728 0.6919999999999991 0.22545700485627457 0.013132170775535997
0 0.026041666288059786 0.6919999999999991 0.05208333257611957 0.013132170775535997
1 0.5088806691890204 0.9019999999999991 0.2377613383780408 0.013132170775535997
0 0.39 0.9019999999999991 0.16666666424358845 0.013132170775535997
1 0.02520417126070788 0.49200000000000094 0.05040834252141576 0.010213910603195472
1 0.782 0.6140000000000009 0.436 0.010213910603195472
0 0.5639999999999982 0.6140000000000009 0.020833333030448556 0.010213910603195472
1 0.836 0.9099999999999991 0.328 0.008754780517023391
0 0.6719999999999982 0.9099999999999991 0.10416666515224278 0.008754780517023391
1 0.2132188937106548 0.144 0.4264377874213096 0.007295650430853129
1 0.917 0.304 0.166 0.0043773902585126055