1 0.7192553825683317 0.22400000000000728 0.2265107651366634 0.027723471637247712
0 0.606 0.22400000000000728 0.12499999818269135 0.027723471637247712
1 0.928 0.18400000000000727 0.144 0.017509561034050422
0 0.8560000000000009 0.18400000000000727 0.16666666424359028 0.017509561034050422
1 0.23988054989441207 0.6840000000000073 0.3277610997888241 0.017509561034050422
0 0.076 0.6840000000000073 0.10416666515224278 0.017509561034050422
1 0.09319919597124408 0.7760000000000072 0.18639839194248817 0.017509561034050422
1 0.7534860262195234 0.24999999999999273 0.3389720524390468 0.016050430947871064
0 0.584 0.24999999999999273 0.10416666515224278 0.016050430947871064
1 0.3145645074742215 0.926 0.197129014948443 0.014591300861706258
0 0.2160000000000009 0.926 0.18749999727403882 0.014591300861706258
1 0.09030280347713505 0.8640000000000073 0.1806056069542701 0.013132170775541454
0 0.024874999318510164 0.8640000000000073 0.04974999863702033 0.013132170775541454
1 0.6851467434277656 0.8719999999999927 0.22229348685553124 0.011673040689362096
0 0.574 0.8719999999999927 0.08333333212179422 0.011673040689362096
1 0.653092808888604 0.368 0.3301856177772079 0.010213910603197292
0 0.488 0.368 0.12499999818269135 0.010213910603197292
1 0.5034660910536822 0.388 0.3149321821073645 0.010213910603197292
0 0.346 0.388 0.062499999091345675 0.010213910603197292
1 0.6470716809812375 0.666 0.16614336196247495 0.010213910603197292
0 0.564 0.666 0.08333333212179422 0.010213910603197292
1 0.7135312390457275 0.826 0.17106247809145497 0.010213910603197292
0 0.628 0.826 0.08333333212179422 0.010213910603197292
1 0.6694488502019204 0.4099999999999927 0.27889770040384065 0.007295650430853129
0 0.53 0.4099999999999927 0.062499999091345675 0.007295650430853129
0 0.9671666669695514 0.7979999999999927 0.06566666606089712 0.007295650430853129
1 0.7551196821010253 0.9179999999999927 0.058239364202050635 0.007295650430853129
0 0.726 0.9179999999999927 0.062499999091345675 0.007295650430853129
1 0.6231744367184392 0.9339999999999927 0.2703488734368784 0.007295650430853129
0 0.488 0.9339999999999927 0.12499999818269135 0.007295650430853129
1 0.6866414794103257 0.62 0.2252829588206514 0.004377390258508967