1 0.5590388687728014 0.314 0.27007773754560277 0.023346081378731467
0 0.42400000000000043 0.314 0.08333333212179514 0.023346081378731467
1 0.704265391834328 0.29600000000000043 0.27653078366865613 0.020427821206390036
0 0.5660000000000005 0.29600000000000043 0.08333333212179514 0.020427821206390036
1 0.858 0.42600000000000043 0.284 0.020427821206390036
0 0.7159999999999995 0.42600000000000043 0.16666666424358936 0.020427821206390036
1 0.934 0.47 0.132 0.018968691120218865
0 0.8610833343934295 0.47 0.2778333312131408 0.018968691120218865
1 0.19365638178069958 0.118 0.38731276356139915 0.0175095610340486
1 0.934 0.7019999999999995 0.132 0.01605043094787743
0 0.8679999999999995 0.7019999999999995 0.16666666424358936 0.01605043094787743
1 0.94 0.7639999999999996 0.12 0.01605043094787743
0 0.88 0.7639999999999996 0.062499999091345675 0.01605043094787743
1 0.36993114067064287 0.5420000000000005 0.2598622813412858 0.014591300861707169
0 0.24000000000000046 0.5420000000000005 0.12499999818269225 0.014591300861707169
1 0.12747565892792317 0.77 0.25495131785584635 0.013132170775535997
1 0.945 0.136 0.11 0.011673040689365734
0 0.89 0.136 0.04166666606089711 0.011673040689365734
1 0.09297361978957451 0.584 0.18594723957914902 0.011673040689365734
1 0.17193135629821973 0.8180000000000005 0.34386271259643947 0.0087547805170243
1 0.019933503008617664 0.556 0.03986700601723533 0.005836520344682867