1 0.899 0.36000000000000365 0.202 0.023346081378731467
0 0.7979999999999982 0.36000000000000365 0.18749999727403702 0.023346081378731467
1 0.35997702740028764 0.362 0.2719540548005753 0.021886951292559388
0 0.22399999999999817 0.362 0.1458333312131399 0.021886951292559388
1 0.646923268851353 0.9620000000000036 0.28184653770270596 0.0189686911202225
0 0.506 0.9620000000000036 0.2499999963653827 0.0189686911202225
1 0.5564760057010116 0.638 0.14495201140202335 0.017509561034050422
0 0.48399999999999815 0.638 0.18749999727403702 0.017509561034050422
1 0.7259368888685694 0.24 0.13587377773713888 0.014591300861706258
0 0.658 0.24 0.12499999818269135 0.014591300861706258
1 0.18715805417735282 0.6079999999999963 0.27431610835470566 0.013132170775534177
0 0.05 0.6079999999999963 0.08333333212179422 0.013132170775534177
1 0.38361077256115095 0.922 0.2752215451223019 0.011673040689362096
0 0.246 0.922 0.08333333212179422 0.011673040689362096