1 0.849 0.09800000000000728 0.302 0.05252868310215126
0 0.698 0.09800000000000728 0.5624999918221146 0.05252868310215126
1 0.746 0.712 0.508 0.043773902585118776
0 0.492 0.712 0.22916666333493596 0.043773902585118776
0 0.9909583337119393 0.11799999999999272 0.018083332576121394 0.026264341551068354
0 0.9643333339391025 0.518 0.07133333212179514 0.02480521146490355
1 0.909 0.502 0.182 0.023346081378724192
0 0.8180000000000005 0.502 0.08333333212179514 0.023346081378724192
1 0.23972032013753097 0.39199999999999274 0.47944064027506195 0.021886951292559388
1 0.1328948168466759 0.622 0.2657896336933518 0.018968691120215226
1 0.6056170630112465 0.24000000000000726 0.487234126022493 0.017509561034050422
0 0.36199999999999954 0.24000000000000726 0.20833333030448647 0.017509561034050422
1 0.40933838367556746 0.2620000000000073 0.3546767673511349 0.017509561034050422
0 0.23200000000000046 0.2620000000000073 0.14583333121314082 0.017509561034050422
1 0.5844909148479623 0.6480000000000072 0.42498182969592474 0.017509561034050422
0 0.37200000000000044 0.6480000000000072 0.12499999818269225 0.017509561034050422
1 0.7146802567387313 0.5400000000000073 0.33736051347746254 0.013132170775541454
0 0.5459999999999996 0.5400000000000073 0.16666666424358936 0.013132170775541454
0 0.9483333339391025 0.8600000000000073 0.10333333212179514 0.013132170775541454
1 0.871 0.578 0.258 0.010213910603197292
0 0.7420000000000004 0.578 0.1041666651522437 0.010213910603197292
1 0.15612223331491396 0.782 0.19624446662982792 0.005836520344688324