1 0.899 0.798 0.202 0.02480521146490355
0 0.7979999999999996 0.798 0.18749999727403793 0.02480521146490355
1 0.774 0.23 0.452 0.021886951292559388
0 0.5479999999999996 0.23 0.20833333030448647 0.021886951292559388
1 0.894 0.478 0.212 0.01605043094787834
0 0.7880000000000005 0.478 0.12499999818269225 0.01605043094787834
1 0.856 0.152 0.288 0.014591300861706258
0 0.7120000000000004 0.152 0.12499999818269225 0.014591300861706258
1 0.3683317635894914 0.968 0.2006635271789828 0.014591300861706258
0 0.26800000000000046 0.968 0.08333333212179514 0.014591300861706258
1 0.4645870295791997 0.7320000000000019 0.9291740591583993 0.013132170775537815
1 0.5 0.9780000000000019 1.0 0.011673040689365734
1 0.3346583395108337 0.8479999999999982 0.20131667902166736 0.010213910603193653
0 0.23400000000000046 0.8479999999999982 0.12499999818269225 0.010213910603193653
1 0.753 0.646 0.494 0.008754780517025211
1 0.6092612970851564 0.31400000000000183 0.3145225941703129 0.0043773902585126055
1 0.7116650462715229 0.48399999999999815 0.4353300925430458 0.002918260172340524