1 0.4862738612422436 0.7319999999999991 0.12454772248448717 0.020427821206389127
0 0.424 0.7319999999999991 0.12499999818269225 0.020427821206389127
1 0.934 0.33 0.132 0.014591300861706258
0 0.868 0.33 0.14583333121314082 0.014591300861706258
1 0.8856638971851366 0.71 0.2073277943702733 0.014591300861706258
0 0.7819999999999998 0.71 0.08333333212179468 0.014591300861706258
1 0.22124290827585083 0.795999999999999 0.33048581655170167 0.013132170775535997
0 0.05924999954567306 0.795999999999999 0.11849999909134612 0.013132170775535997
1 0.4371303684397303 0.148 0.24226073687946065 0.011673040689365734
0 0.316 0.148 0.16666666424358936 0.011673040689365734
1 0.7543957653442226 0.30400000000000094 0.20479153068844516 0.010213910603195472
0 0.652 0.30400000000000094 0.14583333121314082 0.010213910603195472
1 0.7342864747061856 0.3619999999999991 0.33657294941237115 0.008754780517023391
0 0.5659999999999997 0.3619999999999991 0.08333333212179468 0.008754780517023391
1 0.33006125857981694 0.551999999999999 0.18012251715963384 0.008754780517023391
0 0.23999999999999977 0.551999999999999 0.08333333212179468 0.008754780517023391
1 0.907 0.136 0.186 0.007295650430853129
0 0.8139999999999997 0.136 0.10416666515224324 0.007295650430853129
1 0.8064579955427736 0.812 0.26491599108554736 0.007295650430853129
0 0.6739999999999998 0.812 0.08333333212179468 0.007295650430853129
1 0.7626210354854475 0.8980000000000009 0.13324207097089494 0.005836520344682867
1 0.6253787466890803 0.018 0.1867574933781607 0.0043773902585126055
1 0.6301425745460647 0.458 0.19628514909212935 0.002918260172340524