1 0.662542978051517 0.10799999999999636 0.4010859561030338 0.0423147724989467
0 0.462 0.10799999999999636 0.312499995456732 0.0423147724989467
1 0.11578196506979657 0.8700000000000037 0.23156393013959314 0.023346081378731467
1 0.5400974026300083 0.826 0.28419480526001645 0.021886951292559388
0 0.3979999999999982 0.826 0.18749999727403702 0.021886951292559388
1 0.705660082246799 0.892 0.291320164493598 0.021886951292559388
0 0.56 0.892 0.20833333030448556 0.021886951292559388
1 0.49836350982018485 0.932 0.4167270196403697 0.021886951292559388
0 0.2899999999999982 0.932 0.18749999727403702 0.021886951292559388
0 0.9823333339391029 0.18599999999999636 0.03533333212179423 0.020427821206387305
1 0.07077678001840468 0.10200000000000364 0.14155356003680936 0.0189686911202225
1 0.17017172716129972 0.40800000000000364 0.34034345432259944 0.0189686911202225
0 0.013249999545672835 0.40800000000000364 0.02649999909134567 0.0189686911202225
1 0.894 0.6400000000000037 0.212 0.0189686911202225
0 0.7879999999999981 0.6400000000000037 0.10416666515224278 0.0189686911202225
1 0.753 0.01 0.494 0.017509561034050422
0 0.5059999999999982 0.01 0.10416666515224278 0.017509561034050422
1 0.2119540374427106 0.424 0.2559080748854212 0.017509561034050422
0 0.084 0.424 0.16666666424358845 0.017509561034050422
1 0.1049094157033378 0.182 0.2098188314066756 0.014591300861706258
0 0.013249999545672835 0.182 0.02649999909134567 0.014591300861706258
0 0.9823333339391029 0.854 0.03533333212179423 0.014591300861706258
1 0.7373199538253775 0.18199999999999636 0.26663990765075507 0.013132170775534177
0 0.604 0.18199999999999636 0.12499999818269135 0.013132170775534177
1 0.975 0.8299999999999964 0.05 0.013132170775534177
0 0.9385416671967142 0.8299999999999964 0.12291666560657177 0.013132170775534177
1 0.41125285018195973 0.48 0.13450570036391946 0.011673040689362096
0 0.344 0.48 0.08333333212179422 0.011673040689362096
1 0.796 0.792 0.408 0.011673040689362096
0 0.592 0.792 0.12499999818269135 0.011673040689362096
1 0.8474776522623415 0.404 0.13895530452468302 0.010213910603197292
0 0.778 0.404 0.12499999818269135 0.010213910603197292