1 0.08500949922818836 0.296 0.17001899845637672 0.020427821206394584
1 0.5975368189828523 0.436 0.21907363796570462 0.020427821206394584
0 0.48800000000000093 0.436 0.16666666424359028 0.020427821206394584
1 0.961 0.9179999999999927 0.078 0.016050430947871064
0 0.922 0.9179999999999927 0.062499999091345675 0.016050430947871064
1 0.8240163591492264 0.9519999999999927 0.17603271829845288 0.016050430947871064
0 0.7360000000000009 0.9519999999999927 0.1458333312131417 0.016050430947871064
1 0.3548417521573701 0.528 0.10168350431474027 0.010213910603197292
0 0.304 0.528 0.12499999818269135 0.010213910603197292
1 0.5609307412399476 0.874 0.21386148247989514 0.008754780517017934
0 0.454 0.874 0.08333333212179422 0.008754780517017934