1 0.919 0.108 0.162 0.07441563439471065
0 0.838 0.108 0.2499999963653845 0.07441563439471065
1 0.28556079447583127 0.462 0.30312158895166247 0.045233032671298135
0 0.13399999999999954 0.462 0.18749999727403793 0.045233032671298135
1 0.28551620586369425 0.492 0.30303241172738854 0.045233032671298135
0 0.13399999999999954 0.492 0.18749999727403793 0.045233032671298135
1 0.18267644971463187 0.598 0.36535289942926374 0.03939651232660981
0 0.03808333257612139 0.598 0.07616666515224278 0.03939651232660981
1 0.822 0.206 0.356 0.033559991981921486
0 0.6440000000000005 0.206 0.37499999454807675 0.033559991981921486
1 0.04942314109711742 0.312 0.09884628219423484 0.033559991981921486
1 0.7855822562862709 0.48800000000000726 0.32716451257254175 0.03210086189575668
0 0.6219999999999996 0.48800000000000726 0.16666666424358936 0.03210086189575668
1 0.914 0.642 0.172 0.02480521146490355
0 0.8279999999999995 0.642 0.18749999727403793 0.02480521146490355
1 0.67 0.694 0.66 0.02480521146490355
0 0.34 0.694 0.27083332939583304 0.02480521146490355
1 0.10561372585929757 0.338 0.21122745171859514 0.020427821206394584
0 0.9913333339391024 0.4979999999999927 0.017333332121795136 0.016050430947871064
1 0.4365652491577357 0.6119999999999928 0.10513049831547142 0.011673040689362096
0 0.384 0.6119999999999928 0.062499999091345675 0.011673040689362096
1 0.37046346646635586 0.7379999999999928 0.10492693293271169 0.011673040689362096
0 0.31800000000000045 0.7379999999999928 0.1041666651522437 0.011673040689362096
1 0.39969124882743473 0.8479999999999928 0.20738249765486944 0.011673040689362096
0 0.29600000000000043 0.8479999999999928 0.14583333121314082 0.011673040689362096
1 0.919 0.222 0.162 0.010213910603197292
0 0.8380000000000004 0.222 0.14583333121314082 0.010213910603197292
1 0.23544534317142826 0.882 0.2028906863428565 0.010213910603197292
0 0.13400000000000045 0.882 0.1041666651522437 0.010213910603197292