0 0.9731250006814899 0.7460000000000004 0.053749998637020326 0.020427821206390036
1 0.20753569617637185 0.8340000000000004 0.4150713923527437 0.020427821206390036
1 0.68219909161555 0.9100000000000005 0.36839818323110013 0.020427821206390036
0 0.49799999999999817 0.9100000000000005 0.1458333312131399 0.020427821206390036
1 0.5260129403881747 0.474 0.25202588077634935 0.018968691120218865
0 0.3999999999999982 0.474 0.020833333030448556 0.018968691120218865
1 0.35507630362429154 0.27600000000000047 0.49415260724858306 0.014591300861707169
0 0.108 0.27600000000000047 0.08333333212179422 0.014591300861707169
1 0.695 0.6060000000000004 0.61 0.014591300861707169
0 0.3899999999999982 0.6060000000000004 0.18749999727403702 0.014591300861707169
1 0.26352313146708184 0.7940000000000005 0.4630462629341637 0.014591300861707169
0 0.05245833280328407 0.7940000000000005 0.10491666560656814 0.014591300861707169
1 0.852 0.032 0.296 0.013132170775535997
0 0.7039999999999982 0.032 0.062499999091345675 0.013132170775535997
1 0.04727450049905565 0.378 0.0945490009981113 0.011673040689365734
1 0.906 0.5940000000000004 0.188 0.0087547805170243
0 0.812 0.5940000000000004 0.08333333212179422 0.0087547805170243