1 0.6091431644537469 0.5920000000000036 0.18628632890749394 0.0189686911202225
0 0.5159999999999996 0.5920000000000036 0.16666666424358936 0.0189686911202225
1 0.41541527250951865 0.136 0.7308305450190373 0.014591300861706258
0 0.07187499931850926 0.136 0.1437499986370185 0.014591300861706258
1 0.10588507089003815 0.082 0.2117701417800763 0.011673040689362096
0 0.9811666669695515 0.774 0.037666666060897115 0.011673040689362096
1 0.7189801239555205 0.016 0.20996024791104081 0.010213910603197292
0 0.6140000000000004 0.016 0.12499999818269225 0.010213910603197292
1 0.942 0.418 0.116 0.007295650430853129
0 0.884 0.418 0.062499999091345675 0.007295650430853129
1 0.2943658656710559 0.046 0.09673173134211174 0.004377390258508967