1 0.799 0.5119999999999982 0.402 0.03355999198192512
0 0.598 0.5119999999999982 0.2499999963653827 0.03355999198192512
1 0.7137132248046364 0.714 0.3154264496092728 0.03210086189575668
0 0.556 0.714 0.12499999818269135 0.03210086189575668
1 0.45490493674893695 0.176 0.9098098734978739 0.023346081378731467
0 0.0480833325761223 0.176 0.0961666651522446 0.023346081378731467
1 0.5541057060171369 0.646 0.40821141203427397 0.021886951292559388
0 0.35 0.646 0.062499999091345675 0.021886951292559388
1 0.7350792978734626 0.1459999999999982 0.4461585957469251 0.018968691120218865
0 0.512 0.1459999999999982 0.2499999963653827 0.018968691120218865
1 0.8210965346854501 0.13399999999999818 0.23019306937090006 0.017509561034046783
0 0.7059999999999982 0.13399999999999818 0.10416666515224278 0.017509561034046783
1 0.27574547594499016 0.798 0.28749095188998036 0.01605043094787834
0 0.132 0.798 0.062499999091345675 0.01605043094787834
1 0.734 0.18800000000000183 0.532 0.013132170775537815
0 0.4680000000000009 0.18800000000000183 0.18749999727403882 0.013132170775537815
1 0.22316804207295082 0.15200000000000183 0.31033608414590164 0.011673040689365734
0 0.068 0.15200000000000183 0.062499999091345675 0.011673040689365734
1 0.7782699407263208 0.10599999999999818 0.22853988145264156 0.010213910603193653
0 0.6639999999999981 0.10599999999999818 0.10416666515224278 0.010213910603193653
1 0.767 0.8979999999999981 0.466 0.010213910603193653
0 0.5339999999999981 0.8979999999999981 0.020833333030448556 0.010213910603193653
1 0.45440099927168376 0.574 0.4048019985433675 0.005836520344681048
0 0.252 0.574 0.08333333212179422 0.005836520344681048