1 0.5515890984472508 0.5039999999999927 0.4551781968945015 0.06566085387767816
0 0.32399999999999957 0.5039999999999927 0.18749999727403793 0.06566085387767816
1 0.9 0.981679134095204 0.2 0.036641731809591876
0 0.7437500022716349 0.981679134095204 0.5124999954567302 0.036641731809591876
1 0.597 0.6420000000000072 0.806 0.05690607336066023
0 0.194 0.6420000000000072 0.29166666242628164 0.05690607336066023
1 0.5979838507731824 0.5219999999999927 0.4599677015463649 0.04085564241277461
0 0.36799999999999955 0.5219999999999927 0.18749999727403793 0.04085564241277461
1 0.917 0.976 0.166 0.030641731809591875
0 0.8284583346205932 0.976 0.34308333075881364 0.030641731809591875
1 0.747560323593022 0.9970691320906917 0.17512064718604414 0.005861735818616581
0 0.66 0.9970691320906917 0.3124999954567302 0.005861735818616581
1 0.16204347572750338 0.5339999999999927 0.32408695145500677 0.026264341551068354
0 0.028916665606570406 0.5339999999999927 0.05783333121314081 0.026264341551068354
1 0.895 0.9499999999999927 0.21 0.021886951292559388
0 0.7900000000000005 0.9499999999999927 0.14583333121314082 0.021886951292559388
1 0.3756938611849364 0.392 0.29938772236987277 0.020427821206394584
0 0.22600000000000045 0.392 0.08333333212179514 0.020427821206394584
1 0.08630311345977862 0.512 0.17260622691955724 0.020427821206394584
1 0.722 0.654 0.556 0.020427821206394584
0 0.444 0.654 0.2499999963653845 0.020427821206394584
0 0.9395416671967151 0.4699999999999927 0.12091666560656995 0.016050430947871064
1 0.4006407773047231 0.9933521747845734 0.24128155460944617 0.01329565043085313
0 0.28000000000000047 0.9933521747845734 0.1041666651522437 0.01329565043085313
1 0.8097367611318173 0.9079999999999927 0.25547352226363457 0.011673040689362096
0 0.6819999999999995 0.9079999999999927 0.16666666424358936 0.011673040689362096
1 0.49095572400649323 0.8879999999999927 0.31391144801298654 0.007295650430853129
0 0.33400000000000046 0.8879999999999927 0.1041666651522437 0.007295650430853129
1 0.933 0.8899999999999927 0.134 0.007295650430853129
0 0.8660000000000004 0.8899999999999927 0.1041666651522437 0.007295650430853129
1 0.5253793043674837 0.532 0.07875860873496732 0.005836520344688324
0 0.486 0.532 0.062499999091345675 0.005836520344688324