1 0.1875887607093773 0.6539999999999927 0.3751775214187546 0.04085564241277461
0 0.9390833343934301 0.406 0.1218333312131399 0.029182601723412516
0 0.9807500004543271 0.6379999999999927 0.038499999091345674 0.026264341551068354
0 0.9751666669695515 0.66 0.04966666606089711 0.023346081378724192
1 0.08648113857075078 0.3059999999999927 0.17296227714150156 0.021886951292559388
1 0.6162639962425528 0.174 0.4645279924851056 0.018968691120215226
0 0.3839999999999982 0.174 0.1458333312131399 0.018968691120215226
1 0.18720333115353788 0.766 0.14640666230707575 0.018968691120215226
0 0.11399999999999819 0.766 0.18749999727403702 0.018968691120215226
1 0.6668794776553113 0.792 0.1537589553106227 0.018968691120215226
0 0.5899999999999982 0.792 0.020833333030448556 0.018968691120215226
1 0.5546309782653989 0.19200000000000728 0.7532619565307977 0.017509561034050422
0 0.178 0.19200000000000728 0.16666666424358845 0.017509561034050422
1 0.09399538163001671 0.8619999999999928 0.18799076326003342 0.016050430947871064
1 0.037210213729669706 0.5320000000000072 0.07442042745933941 0.013132170775541454
1 0.499651805092064 0.664 0.44730361018412806 0.010213910603197292
0 0.276 0.664 0.04166666606089711 0.010213910603197292
1 0.1747979976942461 0.752 0.14559599538849216 0.008754780517017934
0 0.102 0.752 0.08333333212179422 0.008754780517017934
1 0.8 0.46 0.4 0.004377390258508967