1 0.29375148617252855 0.62 0.24750297234505705 0.0306417318095846
0 0.16999999999999818 0.62 0.020833333030448556 0.0306417318095846
1 0.883 0.72 0.234 0.0306417318095846
0 0.766 0.72 0.16666666424358845 0.0306417318095846
1 0.10201813767342902 0.302 0.20403627534685803 0.029182601723414338
1 0.856 0.066 0.288 0.024805211464901732
0 0.712 0.066 0.2499999963653827 0.024805211464901732
1 0.6260557786065146 0.42599999999999955 0.1321115572130293 0.021886951292560297
0 0.56 0.42599999999999955 0.16666666424358845 0.021886951292560297
1 0.5915808560092574 0.9720000000000004 0.27916171201851464 0.020427821206390036
0 0.4519999999999982 0.9720000000000004 0.10416666515224278 0.020427821206390036
1 0.937 0.544 0.126 0.018968691120218865
0 0.874 0.544 0.12499999818269135 0.018968691120218865
1 0.733146889386182 0.564 0.39029377877236404 0.018968691120218865
0 0.5379999999999981 0.564 0.062499999091345675 0.018968691120218865
1 0.4545286259914319 0.11200000000000046 0.1370572519828638 0.014591300861707169
0 0.3859999999999982 0.11200000000000046 0.062499999091345675 0.014591300861707169
1 0.948 0.13400000000000045 0.104 0.014591300861707169
0 0.896 0.13400000000000045 0.16666666424358845 0.014591300861707169
1 0.775 0.548 0.45 0.013132170775535997
0 0.55 0.548 0.04166666606089711 0.013132170775535997
1 0.4137749128208179 0.0049182601723414335 0.2715498256416358 0.009836520344682867
0 0.278 0.0049182601723414335 0.12499999818269135 0.009836520344682867
1 0.581465318006256 0.374 0.390930636012512 0.011673040689365734
0 0.3859999999999982 0.374 0.10416666515224278 0.011673040689365734
1 0.921 0.2920000000000005 0.158 0.0029182601723414334