1 0.4476905817224115 0.18599999999999273 0.29538116344482296 0.016050430947871064
0 0.3 0.18599999999999273 0.08333333212179422 0.016050430947871064
1 0.19586392370588146 0.26999999999999275 0.3917278474117629 0.016050430947871064
0 0.0390833325761223 0.26999999999999275 0.0781666651522446 0.016050430947871064
1 0.06987865970007624 0.11 0.13975731940015249 0.014591300861706258
1 0.942 0.342 0.116 0.014591300861706258
0 0.884 0.342 0.12499999818269135 0.014591300861706258
1 0.5970358966829854 0.368 0.4220717933659707 0.014591300861706258
0 0.386 0.368 0.08333333212179422 0.014591300861706258
1 0.11760748654147755 0.5759999999999927 0.2352149730829551 0.011673040689362096
1 0.03762228399645392 0.376 0.07524456799290784 0.008754780517017934