1 0.837 0.87 0.326 0.023346081378731467
0 0.6739999999999996 0.87 0.16666666424358936 0.023346081378731467
1 0.19021106165367654 0.005471737823139847 0.3804221233073531 0.010943475646279694
1 0.923 0.69 0.154 0.018968691120218865
0 0.8460000000000004 0.69 0.14583333121314082 0.018968691120218865
1 0.3281694984376736 0.7900000000000005 0.2403389968753472 0.014591300861707169
0 0.20800000000000046 0.7900000000000005 0.12499999818269225 0.014591300861707169
1 0.1486077777483315 0.027999999999999546 0.121215555496663 0.010213910603194563
0 0.08800000000000045 0.027999999999999546 0.1041666651522437 0.010213910603194563
1 0.745 0.598 0.51 0.005836520344682867
0 0.49 0.598 0.04166666606089711 0.005836520344682867