1 0.5200883735681145 0.384 0.15217674713622908 0.0350191220680972
0 0.4440000000000009 0.384 0.18749999727403882 0.0350191220680972
1 0.21488742117159654 0.0640000000000009 0.4297748423431931 0.03355999198192694
1 0.765 0.042 0.47 0.023346081378731467
0 0.5300000000000009 0.042 0.18749999727403882 0.023346081378731467
1 0.8147159062426709 0.9079999999999991 0.15743181248534166 0.020427821206389127
0 0.7360000000000009 0.9079999999999991 0.2083333303044874 0.020427821206389127
1 0.841 0.7520000000000009 0.318 0.0175095610340486
0 0.6820000000000009 0.7520000000000009 0.2499999963653845 0.0175095610340486
1 0.971 0.462 0.058 0.01605043094787834
0 0.942 0.462 0.08333333212179422 0.01605043094787834
0 0.9349166674238786 0.962 0.1301666651522428 0.01605043094787834
1 0.012344636410337898 0.584 0.024689272820675796 0.014591300861706258
1 0.49790328429362307 0.2979999999999991 0.15180656858724614 0.013132170775535997
0 0.422 0.2979999999999991 0.12499999818269135 0.013132170775535997
1 0.760220096489481 0.14 0.15644019297896194 0.011673040689365734
0 0.6820000000000009 0.14 0.16666666424359028 0.011673040689365734
1 0.7380419411121238 0.358 0.15608388222424766 0.011673040689365734
0 0.66 0.358 0.08333333212179422 0.011673040689365734
1 0.982 0.10800000000000091 0.036 0.010213910603195472
0 0.9611666669695514 0.10800000000000091 0.07766666606089712 0.010213910603195472
1 0.7842563963908288 0.5520000000000009 0.16051279278165748 0.010213910603195472
0 0.704 0.5520000000000009 0.062499999091345675 0.010213910603195472
1 0.9147000875112217 0.7920000000000009 0.16140017502244336 0.010213910603195472
0 0.834 0.7920000000000009 0.04166666606089711 0.010213910603195472
1 0.4323584546335369 0.4559999999999991 0.1527169092670738 0.008754780517023391
0 0.356 0.4559999999999991 0.12499999818269135 0.008754780517023391
1 0.8147339510282563 0.304 0.15746790205651268 0.007295650430853129
0 0.736 0.304 0.12499999818269135 0.007295650430853129