1 0.19720419099329592 0.3920000000000036 0.39440838198659184 0.04085564241278189
1 0.6039357466919246 0.458 0.28387149338384915 0.036478252154265645
0 0.462 0.458 0.16666666424358845 0.036478252154265645
0 0.8976666678782058 0.154 0.20466666424358845 0.03210086189575668
1 0.18356582438989427 0.31000000000000366 0.36713164877978854 0.02626434155107563
1 0.15515483101412428 0.292 0.31030966202824856 0.02480521146490355
1 0.026913581491471633 0.6960000000000036 0.053827162982943266 0.023346081378731467
1 0.5795381054612244 0.162 0.5590762109224489 0.017509561034050422
0 0.29999999999999816 0.162 0.22916666333493413 0.017509561034050422
1 0.2755332757873584 0.244 0.2750665515747169 0.014591300861706258
0 0.138 0.244 0.16666666424358845 0.014591300861706258
0 0.9823333339391029 0.456 0.03533333212179423 0.014591300861706258
1 0.5901471453192407 0.24599999999999636 0.14429429063848148 0.013132170775534177
0 0.518 0.24599999999999636 0.12499999818269135 0.013132170775534177
1 0.05546341019478859 0.5 0.11092682038957719 0.011673040689362096
1 0.5612735573060927 0.564 0.2825471146121854 0.011673040689362096
0 0.42 0.564 0.16666666424358845 0.011673040689362096
1 0.905 0.634 0.19 0.010213910603197292
0 0.81 0.634 0.12499999818269135 0.010213910603197292
1 0.6965890622095139 0.43999999999999634 0.42517812441902786 0.005836520344681048
0 0.484 0.43999999999999634 0.04166666606089711 0.005836520344681048