1 0.14927426045076936 0.8919999999999927 0.2985485209015387 0.05106955301597191
0 0.049083330758813645 0.8919999999999927 0.09816666151762729 0.05106955301597191
1 0.12246001456667181 0.09800000000000728 0.24492002913334363 0.03210086189575668
0 0.02612499886418209 0.09800000000000728 0.05224999772836418 0.03210086189575668
1 0.11843170930395991 0.604 0.23686341860791982 0.029182601723412516
1 0.04144633797573533 0.13800000000000728 0.08289267595147067 0.027723471637247712
1 0.09731045403565076 0.3360000000000073 0.19462090807130153 0.027723471637247712
1 0.09447764866885427 0.04799999999999272 0.18895529733770855 0.021886951292559388
1 0.1233931286974248 0.5019999999999927 0.2467862573948496 0.021886951292559388
1 0.19734367172178735 0.7719999999999927 0.3946873434435747 0.021886951292559388
1 0.21892511561623723 0.8480000000000073 0.38585023123247447 0.013132170775541454
0 0.03383333303044856 0.8480000000000073 0.06766666606089712 0.013132170775541454
1 0.3121064316869615 0.2859999999999927 0.18421286337392304 0.011673040689362096
0 0.22 0.2859999999999927 0.08333333212179422 0.011673040689362096