0 0.9272916676510418 0.6739999999999982 0.14541666469791653 0.03355999198192512
1 0.7911685883834106 0.3000000000000018 0.2503371767668214 0.020427821206390945
0 0.6660000000000005 0.3000000000000018 0.1041666651522437 0.020427821206390945
1 0.19834336745878225 0.6539999999999981 0.3966867349175645 0.017509561034046783
1 0.746 0.7040000000000018 0.508 0.013132170775537815
0 0.49200000000000044 0.7040000000000018 0.1041666651522437 0.013132170775537815
1 0.806 0.7200000000000019 0.388 0.013132170775537815
0 0.6120000000000004 0.7200000000000019 0.1041666651522437 0.013132170775537815
1 0.26796896079369165 0.8620000000000018 0.5359379215873833 0.013132170775537815
1 0.806 0.2820000000000018 0.388 0.011673040689365734
0 0.6120000000000004 0.2820000000000018 0.14583333121314082 0.011673040689365734
1 0.822 0.5360000000000018 0.356 0.011673040689365734
0 0.6440000000000005 0.5360000000000018 0.12499999818269225 0.011673040689365734
1 0.7424012217026693 0.7880000000000018 0.24080244340533863 0.011673040689365734
0 0.6220000000000004 0.7880000000000018 0.08333333212179514 0.011673040689365734
1 0.74879544988927 0.8480000000000019 0.12159089977854001 0.011673040689365734
0 0.6880000000000005 0.8480000000000019 0.08333333212179514 0.011673040689365734
1 0.952 0.31199999999999817 0.096 0.010213910603193653
0 0.904 0.31199999999999817 0.062499999091345675 0.010213910603193653
1 0.33577825568808295 0.6600000000000018 0.23155651137616587 0.0043773902585126055
0 0.22 0.6600000000000018 0.062499999091345675 0.0043773902585126055