1 0.05974828733714003 0.7020000000000036 0.11949657467428006 0.02626434155107563
1 0.959 0.288 0.082 0.021886951292559388
0 0.9017083341662665 0.288 0.19658333166746705 0.021886951292559388
1 0.49944563898124217 0.5139999999999963 0.5508912779624843 0.020427821206387305
0 0.22400000000000092 0.5139999999999963 0.27083332939583304 0.020427821206387305
1 0.14815169736618644 0.40600000000000364 0.2963033947323729 0.0189686911202225
0 0.012666666060898025 0.40600000000000364 0.02533333212179605 0.0189686911202225
1 0.054945309017733965 0.676 0.10989061803546793 0.017509561034050422
1 0.769 0.38799999999999635 0.462 0.013132170775534177
0 0.5380000000000009 0.38799999999999635 0.16666666424359028 0.013132170775534177
1 0.08353509752802166 0.718 0.1670701950560433 0.011673040689362096
0 0.028666666060898023 0.718 0.057333332121796046 0.011673040689362096