1 0.929 0.21800000000000183 0.142 0.04231477249895033
0 0.858 0.21800000000000183 0.062499999091345675 0.04231477249895033
1 0.6363643378704497 0.458 0.2727286757408992 0.029182601723412516
0 0.5 0.458 0.27083332939583304 0.029182601723412516
1 0.7023001597325174 0.9559999999999982 0.25260031946503475 0.017509561034046783
0 0.5760000000000004 0.9559999999999982 0.12499999818269225 0.017509561034046783
1 0.32659185382282113 0.39 0.6291837076456422 0.01605043094787834
0 0.026833333030449012 0.39 0.053666666060898024 0.01605043094787834
1 0.8116563403571122 0.37399999999999817 0.2753126807142244 0.010213910603193653
0 0.6740000000000005 0.37399999999999817 0.1041666651522437 0.010213910603193653
1 0.988 0.766 0.024 0.008754780517025211
0 0.9723750002271636 0.766 0.055249999545672834 0.008754780517025211