1 0.08170874752218515 0.3 0.1634174950443703 0.043773902585118776
1 0.486980464035214 0.3800000000000073 0.857960928070428 0.04231477249895397
0 0.07587499931850834 0.3800000000000073 0.1517499986370167 0.04231477249895397
1 0.3932863687300323 0.3960000000000073 0.7865727374600646 0.04231477249895397
0 0.016874999318508343 0.3960000000000073 0.033749998637016686 0.04231477249895397
1 0.20586190494650872 0.162 0.41172380989301743 0.035019122068100844
0 0.9427500004543272 0.722 0.11449999909134567 0.023346081378724192
1 0.968 0.892 0.064 0.023346081378724192
0 0.936 0.892 0.12499999818269135 0.023346081378724192
1 0.784 0.57 0.432 0.020427821206394584
0 0.568 0.57 0.2499999963653827 0.020427821206394584
1 0.3158089244573639 0.034 0.6316178489147278 0.018968691120215226
1 0.855 0.616 0.29 0.018968691120215226
0 0.71 0.616 0.20833333030448556 0.018968691120215226
1 0.763 0.642 0.474 0.018968691120215226
0 0.526 0.642 0.08333333212179422 0.018968691120215226
1 0.936 0.868 0.128 0.018968691120215226
0 0.8719999999999982 0.868 0.10416666515224278 0.018968691120215226
1 0.40318114351684015 0.5660000000000073 0.14636228703368034 0.017509561034050422
0 0.33 0.5660000000000073 0.20833333030448556 0.017509561034050422
1 0.29835681259879676 0.08599999999999272 0.1527136251975935 0.016050430947871064
0 0.222 0.08599999999999272 0.2499999963653827 0.016050430947871064
1 0.4545647719575918 0.24199999999999272 0.2931295439151836 0.016050430947871064
0 0.308 0.24199999999999272 0.2499999963653827 0.016050430947871064
1 0.3038733739388517 0.8859999999999927 0.42374674787770344 0.016050430947871064
0 0.09199999999999818 0.8859999999999927 0.062499999091345675 0.016050430947871064
1 0.15777548243588352 0.18 0.31555096487176704 0.014591300861706258
1 0.849 0.222 0.302 0.014591300861706258
0 0.6979999999999982 0.222 0.10416666515224278 0.014591300861706258
1 0.283945385848494 0.9933521747845734 0.567890771696988 0.01329565043085313
0 0.03287499931850835 0.9933521747845734 0.0657499986370167 0.01329565043085313
1 0.027302582708311093 0.13000000000000728 0.054605165416622185 0.013132170775541454
1 0.030290582181100034 0.7319999999999928 0.06058116436220007 0.011673040689362096
1 0.887 0.9199999999999927 0.226 0.011673040689362096
0 0.774 0.9199999999999927 0.12499999818269135 0.011673040689362096
1 0.07332832349862292 0.114 0.14665664699724584 0.010213910603197292
1 0.05914079277836754 0.814 0.11828158555673508 0.010213910603197292
1 0.20123370197057922 0.65 0.40246740394115843 0.008754780517017934
1 0.5533673157090161 0.918 0.29473463141803224 0.005836520344688324
0 0.4059999999999982 0.918 0.062499999091345675 0.005836520344688324