0 0.922750002271635 0.7399999999999991 0.15449999545673018 0.06711998396385206
1 0.4580854152369493 0.164 0.9161708304738986 0.026264341551071994
0 0.9671250006814908 0.2799999999999991 0.06574999863701851 0.020427821206389127
1 0.3060837350009697 0.5739999999999991 0.6121674700019394 0.020427821206389127
1 0.944 0.256 0.112 0.018968691120218865
0 0.8880000000000009 0.256 0.18749999727403882 0.018968691120218865
1 0.3538120494243567 0.9926226097414883 0.4916240988487134 0.014754780517023391
0 0.10800000000000046 0.9926226097414883 0.12499999818269225 0.014754780517023391
1 0.1070512806227889 0.2779999999999991 0.2141025612455778 0.013132170775535997
0 0.9887500004543271 0.39199999999999907 0.02249999909134567 0.013132170775535997
1 0.7 0.17 0.6 0.011673040689365734
0 0.4000000000000009 0.17 0.1458333312131417 0.011673040689365734
1 0.982 0.5299999999999991 0.036 0.008754780517023391
0 0.964 0.5299999999999991 0.062499999091345675 0.008754780517023391