1 0.4377010269804568 0.6360000000000072 0.46740205396091367 0.06711998396385752
0 0.20399999999999954 0.6360000000000072 0.2499999963653836 0.06711998396385752
1 0.555433832683475 0.406 0.37486766536694993 0.02480521146490355
0 0.368 0.406 0.12499999818269135 0.02480521146490355
0 0.9349166674238786 0.26999999999999275 0.1301666651522428 0.016050430947871064
1 0.927 0.11 0.146 0.014591300861706258
0 0.8540000000000009 0.11 0.1458333312131417 0.014591300861706258
1 0.6714816024898146 0.338 0.13096320497962916 0.014591300861706258
0 0.6060000000000009 0.338 0.16666666424359028 0.014591300861706258
1 0.566412502735061 0.16199999999999273 0.26882500547012206 0.011673040689362096
0 0.4320000000000009 0.16199999999999273 0.1458333312131417 0.011673040689362096
1 0.29932288585384503 0.5319999999999927 0.57864577170769 0.011673040689362096
0 0.02583333303044901 0.5319999999999927 0.05166666606089802 0.011673040689362096
0 0.974 0.5759999999999927 0.04166666606089711 0.011673040689362096
1 0.781 0.376 0.438 0.008754780517017934
0 0.562 0.376 0.10416666515224278 0.008754780517017934