1 0.705 0.5880000000000073 0.59 0.037937382240445
0 0.4100000000000009 0.5880000000000073 0.27083332939583304 0.037937382240445
1 0.792 0.546 0.416 0.029182601723412516
0 0.584 0.546 0.08333333212179422 0.029182601723412516
1 0.781 0.4660000000000073 0.438 0.027723471637247712
0 0.5620000000000009 0.4660000000000073 0.16666666424359028 0.027723471637247712
1 0.464621169358089 0.7439999999999928 0.929242338716178 0.026264341551068354
0 0.9673333339391029 0.408 0.06533333212179424 0.020427821206394584
1 0.656 0.24 0.688 0.018968691120215226
0 0.3120000000000009 0.24 0.18749999727403882 0.018968691120215226
1 0.2786162569438202 0.682 0.27723251388764036 0.014591300861706258
0 0.13999999999999954 0.682 0.16666666424358936 0.014591300861706258
1 0.5 0.2620000000000073 1.0 0.013132170775541454
0 0.013666666060897115 0.2620000000000073 0.02733333212179423 0.013132170775541454
1 0.6136691542800254 0.036 0.14733830856005078 0.008754780517017934
0 0.54 0.036 0.08333333212179422 0.008754780517017934
1 0.018272935568354114 0.678 0.03654587113670823 0.008754780517017934
1 0.43328745559674187 0.2919999999999927 0.8665749111934837 0.007295650430853129