1 0.929 0.8919999999999964 0.142 0.035019122068093565
0 0.858 0.8919999999999964 0.12499999818269135 0.035019122068093565
1 0.6752920045366263 0.6780000000000036 0.41458400907325266 0.03355999198192876
0 0.468 0.6780000000000036 0.4374999936394233 0.03355999198192876
1 0.935 0.27999999999999636 0.13 0.0306417318095846
0 0.87 0.27999999999999636 0.20833333030448556 0.0306417318095846
1 0.918 0.01599999999999636 0.164 0.020427821206387305
0 0.8359999999999982 0.01599999999999636 0.10416666515224278 0.020427821206387305
1 0.43091385491872825 0.17199999999999635 0.33782770983745647 0.020427821206387305
0 0.262 0.17199999999999635 0.12499999818269135 0.020427821206387305
1 0.81 0.122 0.38 0.017509561034050422
0 0.6199999999999982 0.122 0.18749999727403702 0.017509561034050422
1 0.44956103256699864 0.038 0.11512206513399724 0.010213910603197292
0 0.3920000000000009 0.038 0.06249999909134749 0.010213910603197292
1 0.6325208839613206 0.99 0.30504176792264115 0.010213910603197292
0 0.4799999999999982 0.99 0.10416666515224278 0.010213910603197292
0 0.9519583337119384 0.15 0.09608333257612321 0.007295650430853129