1 0.907 0.678 0.186 0.05106955301597191
0 0.8132500013629811 0.678 0.37349999727403793 0.05106955301597191
1 0.03693165667662606 0.01711956303856641 0.07386331335325212 0.03423912607713282
1 0.269815752095868 0.144 0.363631504191736 0.03210086189575668
0 0.10129166583373399 0.144 0.20258333166746798 0.03210086189575668
1 0.5506404471762962 0.37399999999999634 0.4932808943525924 0.0306417318095846
0 0.304 0.37399999999999634 0.29166666242628164 0.0306417318095846
1 0.22778868141995418 0.038 0.45557736283990835 0.029182601723412516
0 0.08895833189463155 0.038 0.1779166637892631 0.029182601723412516
1 0.14358580701697202 0.298 0.28717161403394403 0.021886951292559388
1 0.68 0.8200000000000036 0.64 0.0189686911202225
0 0.35999999999999954 0.8200000000000036 0.16666666424358936 0.0189686911202225
1 0.951 0.37 0.098 0.017509561034050422
0 0.9020000000000005 0.37 0.14583333121314082 0.017509561034050422
0 0.9625416671967151 0.624 0.07491666560656995 0.017509561034050422
1 0.5253296559011232 0.7960000000000036 0.7226593118022465 0.01605043094787834
0 0.16400000000000045 0.7960000000000036 0.1041666651522437 0.01605043094787834
1 0.8159701840581801 0.06 0.13194036811636034 0.014591300861706258
0 0.7499999999999996 0.06 0.16666666424358936 0.014591300861706258
1 0.5509533036732682 0.066 0.2539066073465365 0.014591300861706258
0 0.42400000000000043 0.066 0.12499999818269225 0.014591300861706258
1 0.6579800372795335 0.258 0.37996007455906694 0.014591300861706258
0 0.468 0.258 0.062499999091345675 0.014591300861706258
1 0.19686892181387156 0.3 0.3937378436277431 0.011673040689362096
1 0.5517400299061341 0.018 0.49548005981226834 0.010213910603197292
0 0.30400000000000044 0.018 0.12499999818269225 0.010213910603197292