1 0.37941090033868474 0.13000000000000728 0.5028218006773696 0.05252868310215126
0 0.12799999999999978 0.13000000000000728 0.08333333212179468 0.05252868310215126
1 0.26190357025028016 0.934 0.28780714050056033 0.030641731809591875
0 0.11799999999999977 0.934 0.14583333121314035 0.030641731809591875
1 0.7344515914927715 0.45399999999999274 0.23690318298554303 0.026264341551068354
0 0.616 0.45399999999999274 0.020833333030448556 0.026264341551068354
1 0.944 0.8299999999999927 0.112 0.026264341551068354
0 0.8880000000000005 0.8299999999999927 0.14583333121314082 0.026264341551068354
1 0.3296164749592372 0.886 0.2912329499184743 0.020427821206394584
0 0.18400000000000044 0.886 0.12499999818269225 0.020427821206394584
1 0.13414743598297127 0.29400000000000726 0.26829487196594254 0.017509561034050422
1 0.33131434850324376 0.15 0.36262869700648753 0.014591300861706258
0 0.15000000000000022 0.15 0.16666666424358983 0.014591300861706258
1 0.05505291783496932 0.3459999999999927 0.11010583566993865 0.011673040689362096
1 0.922 0.6899999999999927 0.156 0.011673040689362096
0 0.8439999999999995 0.6899999999999927 0.16666666424358936 0.011673040689362096
1 0.9058941620135079 0.8599999999999928 0.16778832402701574 0.011673040689362096
0 0.822 0.8599999999999928 0.062499999091345675 0.011673040689362096