0 0.9540833343934301 0.3320000000000009 0.0918333312131399 0.052528683102145805
0 0.9529166674238786 0.954000000000001 0.09416666515224278 0.03647825215426746
0 0.964875001135817 0.4639999999999991 0.070249997728366 0.024805211464901732
0 0.9421250006814899 0.0960000000000009 0.11574999863702033 0.021886951292561206
1 0.2705445572140743 0.1639999999999991 0.5410891144281486 0.020427821206389127
1 0.29551508691520395 0.44999999999999907 0.3910301738304079 0.020427821206389127
0 0.1 0.44999999999999907 0.10416666515224278 0.020427821206389127
1 0.5237258993706583 0.706 0.21945179874131646 0.018968691120218865
0 0.4139999999999982 0.706 0.020833333030448556 0.018968691120218865
1 0.15895455150845827 0.462 0.31790910301691655 0.01605043094787834
1 0.22236893501250415 0.954 0.4447378700250083 0.01605043094787834
1 0.12285333190356869 0.302 0.24570666380713738 0.011673040689365734
0 0.005833333030448557 0.302 0.011666666060897115 0.011673040689365734
1 0.815 0.35800000000000093 0.37 0.010213910603195472
0 0.63 0.35800000000000093 0.12499999818269135 0.010213910603195472
1 0.7578993980636315 0.6060000000000009 0.4477987961272629 0.010213910603195472
0 0.5339999999999981 0.6060000000000009 0.062499999091345675 0.010213910603195472
1 0.14631205690138996 0.929999999999999 0.2926241138027799 0.008754780517023391
0 0.016833333030448556 0.929999999999999 0.03366666606089711 0.008754780517023391
1 0.935 0.598 0.13 0.007295650430853129
0 0.87 0.598 0.08333333212179422 0.007295650430853129
1 0.2691614091773263 0.69 0.21032281835465255 0.007295650430853129
0 0.164 0.69 0.08333333212179422 0.007295650430853129
1 0.02839268111999263 0.254 0.05678536223998526 0.002918260172340524
1 0.5591165126376436 0.484 0.31023302527528723 0.002918260172340524