1 0.4887225886774941 0.706 0.5014451773549882 0.04231477249895033
0 0.23799999999999819 0.706 0.22916666333493413 0.04231477249895033
1 0.20801441147392324 0.7960000000000003 0.2440288229478465 0.03501912206809675
0 0.08599999999999818 0.7960000000000003 0.10416666515224278 0.03501912206809675
1 0.771 0.976 0.458 0.03355999198192603
0 0.542 0.976 0.16666666424358845 0.03355999198192603
1 0.10931202156109976 0.9927043495691464 0.21862404312219952 0.014591300861707169
1 0.07418528196394981 0.26 0.14837056392789963 0.018968691120218865
1 0.30663638846535834 0.5940000000000002 0.24527277693071664 0.016050430947877885
0 0.184 0.5940000000000002 0.12499999818269135 0.016050430947877885
1 0.955 0.058 0.09 0.014591300861707169
0 0.91 0.058 0.16666666424358845 0.014591300861707169
1 0.1300665099547241 0.624 0.2401330199094482 0.014591300861707169
0 0.025833333030448557 0.624 0.051666666060897114 0.014591300861707169
1 0.939 0.928 0.122 0.011673040689365734
0 0.8779999999999982 0.928 0.10416666515224278 0.011673040689365734
1 0.34708709399336113 0.84 0.37017418798672225 0.0087547805170243
0 0.162 0.84 0.08333333212179422 0.0087547805170243