0 0.9656666678782049 0.688 0.06866666424359028 0.02480521146490355
0 0.9587083341662664 0.402 0.08258333166746706 0.023346081378724192
1 0.6839925527672968 0.758 0.21598510553459346 0.018968691120215226
0 0.576000000000001 0.758 0.27083332939583304 0.018968691120215226
1 0.8211191416367665 0.9219999999999927 0.11823828327353295 0.016050430947871064
0 0.762 0.9219999999999927 0.12499999818269135 0.016050430947871064
1 0.3521286904674507 0.092 0.15625738093490144 0.014591300861706258
0 0.2740000000000009 0.092 0.1458333312131417 0.014591300861706258
1 0.5601350453251798 0.892 0.20427009065035964 0.014591300861706258
0 0.458 0.892 0.12499999818269135 0.014591300861706258
1 0.40316261994742125 0.946 0.13032523989484252 0.014591300861706258
0 0.3380000000000009 0.946 0.16666666424359028 0.014591300861706258
1 0.978 0.8620000000000073 0.044 0.013132170775541454
0 0.9467500004543271 0.8620000000000073 0.10649999909134567 0.013132170775541454
1 0.045231001463593205 0.25999999999999274 0.09046200292718641 0.011673040689362096
1 0.38613544876175093 0.166 0.16027089752350185 0.010213910603197292
0 0.306 0.166 0.10416666515224278 0.010213910603197292