0 0.90908333439343 0.846 0.1818333312131399 0.045233032671298135
1 0.08907137402400804 0.72 0.17814274804801608 0.035019122068100844
1 0.635 0.13400000000000728 0.73 0.027723471637247712
0 0.2699999999999982 0.13400000000000728 0.18749999727403702 0.027723471637247712
0 0.9841250006814899 0.9119999999999927 0.03174999863702033 0.026264341551068354
1 0.895 0.006201302866225888 0.21 0.012402605732451775
0 0.7900000000000018 0.006201302866225888 0.33333332848718056 0.012402605732451775
1 0.825 0.362 0.35 0.02480521146490355
0 0.65 0.362 0.20833333030448556 0.02480521146490355
1 0.5443821167089372 0.8899999999999927 0.5687642334178745 0.021886951292559388
0 0.26 0.8899999999999927 0.12499999818269135 0.021886951292559388
1 0.8093203229568189 0.9299999999999927 0.36264064591363787 0.021886951292559388
0 0.6279999999999982 0.9299999999999927 0.1458333312131399 0.021886951292559388
1 0.28387981240109184 0.858 0.22375962480218367 0.018968691120215226
0 0.17199999999999818 0.858 0.1458333312131399 0.018968691120215226
1 0.5623870141509724 0.08399999999999272 0.4527740283019448 0.016050430947871064
0 0.336 0.08399999999999272 0.20833333030448556 0.016050430947871064
1 0.26597884987205545 0.91 0.3359576997441109 0.014591300861706258
0 0.098 0.91 0.16666666424358845 0.014591300861706258
1 0.0785127055615394 0.152 0.1570254111230788 0.010213910603197292
1 0.11809436142927734 0.7379999999999928 0.2361887228585547 0.007295650430853129