1 0.8149515576436351 0.328 0.32590311528727034 0.023346081378724192
0 0.652 0.328 0.16666666424358845 0.023346081378724192
1 0.19608985358933206 0.5119999999999927 0.3921797071786641 0.021886951292559388
1 0.06595593853035553 0.676 0.13191187706071106 0.020427821206394584
0 0.9477083341662655 0.04 0.10458333166746889 0.018968691120215226
1 0.12315983042799143 0.752 0.24631966085598286 0.018968691120215226
1 0.311629685233107 0.2740000000000073 0.207259370466214 0.017509561034050422
0 0.2080000000000009 0.2740000000000073 0.16666666424359028 0.017509561034050422
1 0.5101117444326173 0.4020000000000073 0.3002234888652347 0.017509561034050422
0 0.36000000000000093 0.4020000000000073 0.10416666515224461 0.017509561034050422
1 0.41429471632170134 0.11599999999999272 0.2165894326434027 0.016050430947871064
0 0.3060000000000009 0.11599999999999272 0.1458333312131417 0.016050430947871064
1 0.8749834210699046 0.17399999999999272 0.22996684213980917 0.016050430947871064
0 0.7599999999999982 0.17399999999999272 0.18749999727403702 0.016050430947871064
1 0.962 0.6219999999999927 0.076 0.016050430947871064
0 0.9239999999999982 0.6219999999999927 0.10416666515224278 0.016050430947871064
1 0.4887617158230278 0.17 0.32152343164605557 0.014591300861706258
0 0.328 0.17 0.062499999091345675 0.014591300861706258
1 0.3870897286976269 0.422 0.29417945739525386 0.014591300861706258
0 0.2400000000000009 0.422 0.16666666424359028 0.014591300861706258
1 0.757407026561108 0.0012830426938890015 0.33881405312221613 0.002566085387778003
0 0.588 0.0012830426938890015 0.12499999818269135 0.002566085387778003
0 0.9517500004543271 0.08000000000000727 0.09649999909134567 0.013132170775541454
1 0.08428949804588592 0.06199999999999272 0.16857899609177185 0.011673040689362096
1 0.13140557734444883 0.38399999999999274 0.26281115468889765 0.011673040689362096
1 0.2288969986365437 0.5219999999999927 0.28179399727308735 0.011673040689362096
0 0.088 0.5219999999999927 0.10416666515224278 0.011673040689362096
1 0.1502648977077124 0.04 0.3005297954154248 0.010213910603197292
1 0.09463878812914754 0.53 0.18927757625829508 0.004377390258508967