1 0.32013459104753295 0.252 0.6402691820950659 0.035019122068100844
1 0.054178991154800314 0.21799999999999273 0.10835798230960063 0.016050430947871064
0 0.019666666060897113 0.21799999999999273 0.039333332121794226 0.016050430947871064
0 0.9563333339391029 0.7499999999999927 0.08733333212179423 0.016050430947871064
1 0.917 0.8939999999999927 0.166 0.016050430947871064
0 0.834000000000001 0.8939999999999927 0.2083333303044874 0.016050430947871064
1 0.781 0.058 0.438 0.014591300861706258
0 0.5620000000000009 0.058 0.1458333312131417 0.014591300861706258
1 0.2084412345238361 0.196 0.3128824690476722 0.014591300861706258
0 0.07287499931850926 0.196 0.1457499986370185 0.014591300861706258
1 0.873 0.21 0.254 0.014591300861706258
0 0.7460000000000009 0.21 0.18749999727403882 0.014591300861706258
1 0.933 0.35000000000000725 0.134 0.013132170775541454
0 0.866 0.35000000000000725 0.08333333212179422 0.013132170775541454
1 0.7929016272057916 0.5440000000000073 0.1578032544115831 0.013132170775541454
0 0.714 0.5440000000000073 0.12499999818269135 0.013132170775541454
1 0.41847808602440184 0.038 0.6209561720488036 0.010213910603197292
0 0.10800000000000046 0.038 0.12499999818269225 0.010213910603197292