1 0.6497883556560137 0.12800000000000364 0.18357671131202732 0.01605043094787834
0 0.558 0.12800000000000364 0.16666666424358936 0.01605043094787834
1 0.7291921063876851 0.36800000000000366 0.23438421277537008 0.01605043094787834
0 0.6119999999999998 0.36800000000000366 0.10416666515224324 0.01605043094787834
1 0.06511577930496264 0.5619999999999927 0.13023155860992527 0.016050430947871064
1 0.15965458680156736 0.8759999999999927 0.1593091736031347 0.016050430947871064
0 0.08166666606089734 0.8759999999999927 0.16333333212179468 0.016050430947871064
1 0.16286996907846332 0.158 0.18573993815692666 0.010213910603197292
0 0.0714583328032852 0.158 0.1429166656065704 0.010213910603197292
0 0.9807500004543269 0.336 0.038499999091346125 0.010213910603197292
1 0.985 0.716 0.03 0.010213910603197292
0 0.9589583337119391 0.716 0.08208333257612185 0.010213910603197292