1 0.951 0.774 0.098 0.030641731809591875
0 0.902 0.774 0.16666666424358845 0.030641731809591875
1 0.314427703531981 0.09000000000000728 0.600855407063962 0.027723471637247712
0 0.014 0.09000000000000728 0.020833333030448556 0.027723471637247712
1 0.24923686987919974 0.744 0.40647373975839945 0.02480521146490355
0 0.08549999909134658 0.744 0.17099999818269315 0.02480521146490355
1 0.5052791432876711 0.106 0.4225582865753422 0.023346081378724192
0 0.2940000000000009 0.106 0.18749999727403882 0.023346081378724192
1 0.09953395239355632 0.7739999999999927 0.19906790478711264 0.021886951292559388
0 0.9905416671967141 0.3300000000000073 0.018916665606571768 0.017509561034050422
0 0.9517500004543271 0.68 0.09649999909134567 0.010213910603197292
1 0.08577533420813052 0.36 0.17155066841626104 0.008754780517017934
1 0.2886678997166564 0.248 0.5773357994333128 0.005836520344688324
0 0.005624999772836418 0.248 0.011249999545672835 0.005836520344688324
1 0.6610391518453107 0.558 0.3220783036906214 0.005836520344688324
0 0.49999999999999817 0.558 0.062499999091345675 0.005836520344688324