1 0.546786035029083 0.402 0.377572070058166 0.03939651232660981
0 0.3579999999999982 0.402 0.18749999727403702 0.03939651232660981
1 0.689 0.3840000000000073 0.622 0.037937382240445
0 0.37799999999999817 0.3840000000000073 0.18749999727403702 0.037937382240445
1 0.5077070160364238 0.4859999999999927 0.36741403207284745 0.026264341551068354
0 0.324 0.4859999999999927 0.16666666424358845 0.026264341551068354
1 0.901 0.6419999999999927 0.198 0.026264341551068354
0 0.802 0.6419999999999927 0.16666666424358845 0.026264341551068354
0 0.9470833343934301 0.784 0.1058333312131399 0.02480521146490355
1 0.857 0.04799999999999272 0.286 0.021886951292559388
0 0.7139999999999982 0.04799999999999272 0.18749999727403702 0.021886951292559388
1 0.05932595784692421 0.5719999999999927 0.11865191569384842 0.021886951292559388
1 0.5657339201552677 0.562 0.4834678403105354 0.018968691120215226
0 0.3239999999999982 0.562 0.27083332939583127 0.018968691120215226
1 0.2485179010783595 0.59 0.237035802156719 0.018968691120215226
0 0.12999999999999817 0.59 0.10416666515224278 0.018968691120215226
1 0.89 0.294 0.22 0.014591300861706258
0 0.78 0.294 0.16666666424358845 0.014591300861706258
1 0.36277571914811413 0.9520000000000073 0.1215514382962283 0.013132170775541454
0 0.302 0.9520000000000073 0.08333333212179422 0.013132170775541454
1 0.885 0.6039999999999928 0.23 0.011673040689362096
0 0.7699999999999981 0.6039999999999928 0.1458333312131399 0.011673040689362096