1 0.833 0.086 0.334 0.030641731809591875
0 0.666 0.086 0.20833333030448556 0.030641731809591875
0 0.9539166674238786 0.7239999999999928 0.09216666515224278 0.026264341551068354
0 0.9329166674238786 0.428 0.1341666651522428 0.023346081378724192
1 0.21602137962669804 0.422 0.3160427592533961 0.020427821206394584
0 0.06545833280328407 0.422 0.13091666560656814 0.020427821206394584
1 0.022629428457486937 0.948 0.045258856914973875 0.020427821206394584
1 0.045536788218778386 0.6060000000000073 0.09107357643755677 0.017509561034050422
1 0.47277564476729456 0.7199999999999928 0.6535512895345892 0.016050430947871064
0 0.146 0.7199999999999928 0.12499999818269135 0.016050430947871064
1 0.21683946162054782 0.098 0.43367892324109564 0.014591300861706258
0 0.016666666060897114 0.098 0.03333333212179423 0.014591300861706258
1 0.06494940846464306 0.514 0.12989881692928612 0.014591300861706258
0 0.03287499931850835 0.514 0.0657499986370167 0.014591300861706258
1 0.876 0.768 0.248 0.014591300861706258
0 0.7519999999999982 0.768 0.1458333312131399 0.014591300861706258
1 0.882 0.772 0.236 0.014591300861706258
0 0.7639999999999982 0.772 0.1458333312131399 0.014591300861706258
1 0.5383731099468642 0.878 0.4807462198937283 0.014591300861706258
0 0.29799999999999816 0.878 0.1458333312131399 0.014591300861706258
1 0.698 0.5040000000000073 0.604 0.013132170775541454
0 0.396 0.5040000000000073 0.16666666424358845 0.013132170775541454
1 0.925 0.7400000000000073 0.15 0.013132170775541454
0 0.85 0.7400000000000073 0.16666666424358845 0.013132170775541454
1 0.4512902056109269 0.8900000000000072 0.7865804112218538 0.013132170775541454
0 0.07066666606089711 0.8900000000000072 0.14133333212179422 0.013132170775541454
1 0.779 0.9840000000000073 0.442 0.013132170775541454
0 0.5579999999999982 0.9840000000000073 0.1458333312131399 0.013132170775541454
1 0.6402458962083092 0.1399999999999927 0.3404917924166184 0.011673040689362096
0 0.4699999999999982 0.1399999999999927 0.10416666515224278 0.011673040689362096
1 0.329531256189166 0.6019999999999928 0.32306251237833206 0.011673040689362096
0 0.16799999999999818 0.6019999999999928 0.10416666515224278 0.011673040689362096
1 0.30529941491764473 0.8239999999999927 0.4705988298352895 0.011673040689362096
0 0.06999999999999817 0.8239999999999927 0.10416666515224278 0.011673040689362096
1 0.32862272161673173 0.724 0.6572454432334635 0.010213910603197292
1 0.925 0.682 0.15 0.008754780517017934
0 0.85 0.682 0.12499999818269135 0.008754780517017934
1 0.524 0.762 0.952 0.008754780517017934
0 0.04799999999999818 0.762 0.062499999091345675 0.008754780517017934
1 0.5 0.772 1.0 0.008754780517017934
1 0.19284313890074736 0.96 0.3096862778014947 0.005836520344688324
0 0.03983333303044856 0.96 0.07966666606089712 0.005836520344688324