1 0.915 0.44399999999999273 0.17 0.036478252154265645
0 0.83 0.44399999999999273 0.22916666333493596 0.036478252154265645
1 0.022958358428665632 0.182 0.045916716857331265 0.033559991981921486
1 0.1964938125003655 0.792 0.392987625000731 0.033559991981921486
1 0.6291790925186792 0.226 0.31435818503735846 0.029182601723412516
0 0.47199999999999953 0.226 0.20833333030448647 0.029182601723412516
0 0.9879166674238782 0.344 0.024166665152243694 0.02480521146490355
1 0.03039699523691661 0.6760000000000073 0.06079399047383322 0.017509561034050422
1 0.5284142192439777 0.9680000000000073 0.4568284384879553 0.017509561034050422
0 0.30000000000000043 0.9680000000000073 0.1041666651522437 0.017509561034050422
1 0.7693034000064117 0.424 0.3106068000128234 0.014591300861706258
0 0.6140000000000004 0.424 0.12499999818269225 0.014591300861706258
1 0.11070820588744164 0.698 0.22141641177488328 0.014591300861706258
1 0.504450377427188 0.20799999999999272 0.10490075485437592 0.011673040689362096
0 0.45200000000000046 0.20799999999999272 0.1041666651522437 0.011673040689362096
1 0.04844461243195065 0.9219999999999927 0.0968892248639013 0.007295650430853129
1 0.7772341022857127 0.854 0.1984682045714253 0.005836520344688324
0 0.678 0.854 0.062499999091345675 0.005836520344688324