1 0.7896102604862335 0.77 0.3352205209724671 0.045233032671298135
0 0.6219999999999982 0.77 0.062499999091345675 0.045233032671298135
1 0.7063892126389274 0.3140000000000073 0.3207784252778547 0.04231477249895397
0 0.5460000000000018 0.3140000000000073 0.2916666624262834 0.04231477249895397
1 0.1364371458908463 0.6760000000000073 0.2728742917816926 0.04231477249895397
0 0.04541666469791744 0.6760000000000073 0.09083332939583488 0.04231477249895397
1 0.763 0.1699999999999927 0.474 0.04085564241277461
0 0.526 0.1699999999999927 0.20833333030448556 0.04085564241277461
1 0.6810013501340454 0.452 0.16200270026809085 0.035019122068100844
0 0.5999999999999982 0.452 0.10416666515224278 0.035019122068100844
1 0.92 0.035999999999992725 0.16 0.021886951292559388
0 0.84 0.035999999999992725 0.12499999818269135 0.021886951292559388
1 0.46275761229599083 0.31799999999999273 0.15751522459198167 0.021886951292559388
0 0.3839999999999982 0.31799999999999273 0.27083332939583127 0.021886951292559388
1 0.898 0.192 0.204 0.020427821206394584
0 0.796 0.192 0.16666666424358845 0.020427821206394584
1 0.17352913192004416 0.2799999999999927 0.3470582638400883 0.016050430947871064
1 0.6261815606104737 0.30000000000000726 0.1603631212209475 0.013132170775541454
0 0.546 0.30000000000000726 0.08333333212179422 0.013132170775541454
1 0.925 0.4239999999999927 0.15 0.011673040689362096
0 0.85 0.4239999999999927 0.12499999818269135 0.011673040689362096
1 0.887 0.8559999999999928 0.226 0.011673040689362096
0 0.774 0.8559999999999928 0.12499999818269135 0.011673040689362096
1 0.6078138262598314 0.8319999999999927 0.16362765251966266 0.007295650430853129
0 0.5259999999999981 0.8319999999999927 0.062499999091345675 0.007295650430853129