1 0.509 0.7659999999999981 0.982 0.017509561034046783
0 0.055874999318508346 0.7659999999999981 0.11174999863701669 0.017509561034046783
1 0.84 0.192 0.32 0.014591300861706258
0 0.6799999999999982 0.192 0.18749999727403702 0.014591300861706258
1 0.6990452814135624 0.5 0.32209056282712484 0.014591300861706258
0 0.538 0.5 0.16666666424358845 0.014591300861706258
1 0.39942013270805365 0.7800000000000018 0.7988402654161073 0.011673040689365734
1 0.11029801692322326 0.11199999999999818 0.22059603384644652 0.010213910603193653
1 0.845 0.23199999999999818 0.31 0.010213910603193653
0 0.6899999999999982 0.23199999999999818 0.062499999091345675 0.010213910603193653
1 0.10486993420554609 0.29999999999999816 0.20973986841109218 0.010213910603193653
1 0.28816003807686136 0.816 0.30032007615372275 0.008754780517025211
0 0.138 0.816 0.08333333212179422 0.008754780517025211