1 0.27978676169825667 0.9780000000000036 0.4115735233965133 0.02626434155107563
0 0.12554166537940684 0.9780000000000036 0.25108333075881367 0.02626434155107563
1 0.5251128599909602 0.21600000000000363 0.4022257199819205 0.0189686911202225
0 0.324 0.21600000000000363 0.2499999963653845 0.0189686911202225
1 0.12019330516320997 0.13 0.24038661032641995 0.017509561034050422
1 0.44897539718573487 0.30000000000000365 0.5539507943714698 0.01605043094787834
0 0.17200000000000046 0.30000000000000365 0.1041666651522437 0.01605043094787834
1 0.20972455797540032 0.676 0.41944911595080064 0.014591300861706258
0 0.019666666060897342 0.676 0.039333332121794684 0.014591300861706258
0 0.9420000000000005 0.002918260172340524 0.08333333212179514 0.005836520344681048
1 0.879 0.422 0.242 0.011673040689362096
0 0.7580000000000005 0.422 0.1041666651522437 0.011673040689362096
1 0.11134607734882229 0.782 0.22269215469764458 0.011673040689362096
0 0.025249999545673064 0.782 0.05049999909134613 0.011673040689362096
0 0.9719583337119393 0.348 0.05608333257612139 0.010213910603197292
1 0.5716573851377652 0.476 0.25531477027553046 0.010213910603197292
0 0.444 0.476 0.062499999091345675 0.010213910603197292
1 0.06063139638210714 0.612 0.12126279276421428 0.010213910603197292
1 0.863 0.9059999999999964 0.274 0.005836520344681048
0 0.7260000000000004 0.9059999999999964 0.08333333212179514 0.005836520344681048