1 0.871 0.536 0.258 0.036478252154265645
0 0.742 0.536 0.12499999818269135 0.036478252154265645
1 0.909 0.7120000000000019 0.182 0.0350191220680972
0 0.818 0.7120000000000019 0.12499999818269135 0.0350191220680972
1 0.19033733355093227 0.078 0.38067466710186454 0.02480521146490355
0 0.03229166583373444 0.078 0.06458333166746888 0.02480521146490355
1 0.714855493351507 0.422 0.553710986703014 0.023346081378731467
0 0.4380000000000009 0.422 0.2083333303044874 0.023346081378731467
1 0.779 0.236 0.442 0.021886951292559388
0 0.5580000000000009 0.236 0.16666666424359028 0.021886951292559388
1 0.059127255864310425 0.3420000000000018 0.11825451172862085 0.020427821206390945
0 0.011458332803285884 0.3420000000000018 0.022916665606571768 0.020427821206390945
1 0.08235264348161672 0.514 0.16470528696323344 0.01605043094787834
0 0.023041666288060696 0.514 0.04608333257612139 0.01605043094787834
1 0.537640791401258 0.534 0.3712815828025159 0.014591300861706258
0 0.3520000000000009 0.534 0.1458333312131417 0.014591300861706258
1 0.03540056973596256 0.05400000000000182 0.07080113947192512 0.013132170775537815
0 0.012833333030448557 0.05400000000000182 0.025666666060897115 0.013132170775537815
0 0.991541667196715 0.8240000000000018 0.01691666560656995 0.013132170775537815
1 0.969 0.2680000000000018 0.062 0.011673040689365734
0 0.932541667196715 0.2680000000000018 0.13491666560656995 0.011673040689365734
1 0.5214199830312746 0.5560000000000018 0.18683996606254913 0.011673040689365734
0 0.428 0.5560000000000018 0.12499999818269135 0.011673040689365734
1 0.19234642944758343 0.06599999999999819 0.26469285889516686 0.010213910603193653
0 0.06124999954567283 0.06599999999999819 0.12249999909134567 0.010213910603193653
1 0.952 0.9079999999999981 0.096 0.010213910603193653
0 0.904 0.9079999999999981 0.12499999818269135 0.010213910603193653
1 0.06514025870837395 0.268 0.1302805174167479 0.008754780517025211
1 0.947 0.482 0.106 0.008754780517025211
0 0.894 0.482 0.10416666515224278 0.008754780517025211
1 0.07618459677358169 0.232 0.15236919354716338 0.007295650430853129
1 0.5675397747784873 0.348 0.2790795495569746 0.007295650430853129
0 0.428 0.348 0.062499999091345675 0.007295650430853129
1 0.828 0.584 0.344 0.005836520344681048
0 0.656 0.584 0.062499999091345675 0.005836520344681048