1 0.8 0.7240000000000036 0.4 0.03355999198192876
0 0.5999999999999982 0.7240000000000036 0.10416666515224278 0.03355999198192876
1 0.947 0.09 0.106 0.03210086189575668
0 0.894 0.09 0.20833333030448556 0.03210086189575668
0 0.9819166674238786 0.098 0.03616666515224279 0.03210086189575668
1 0.10469574386666318 0.97 0.20939148773332636 0.03210086189575668
1 0.6748145483604275 0.0016604329523943306 0.42962909672085514 0.003320865904788661
0 0.46 0.0016604329523943306 0.2499999963653827 0.003320865904788661
1 0.5680112196623249 0.938 0.4760224393246499 0.029182601723412516
0 0.33 0.938 0.20833333030448556 0.029182601723412516
0 0.9649166674238786 0.987069132090688 0.07016666515224279 0.025861735818623856
0 0.949875001135817 0.3940000000000036 0.100249997728366 0.023346081378731467
0 0.9811250006814899 0.11600000000000364 0.037749998637020325 0.0189686911202225
1 0.909 0.43600000000000366 0.182 0.0189686911202225
0 0.8179999999999982 0.43600000000000366 0.22916666333493413 0.0189686911202225
1 0.3322957664233018 0.328 0.2645915328466035 0.017509561034050422
0 0.19999999999999818 0.328 0.18749999727403702 0.017509561034050422
1 0.7660693917259832 0.07400000000000363 0.2881387834519665 0.01605043094787834
0 0.6219999999999982 0.07400000000000363 0.1458333312131399 0.01605043094787834
0 0.9807500004543271 0.168 0.038499999091345674 0.010213910603197292
1 0.4540821810147554 0.416 0.2681643620295108 0.002918260172344162