1 0.6565769851346067 0.6020000000000036 0.46515397026921346 0.08025215473939169
0 0.4240000000000018 0.6020000000000036 0.2916666624262834 0.08025215473939169
1 0.946 0.52 0.108 0.043773902585118776
0 0.8782916676510413 0.52 0.24341666469791745 0.043773902585118776
1 0.2795679007640392 0.01999999999999636 0.5591358015280784 0.035019122068093565
1 0.4320663425344501 0.6400000000000037 0.8641326850689002 0.03355999198192876
0 0.10537499840985584 0.6400000000000037 0.21074999681971168 0.03355999198192876
1 0.962 0.41 0.076 0.02480521146490355
0 0.9239999999999982 0.41 0.062499999091345675 0.02480521146490355
1 0.29947188305476447 0.16400000000000364 0.530943766109529 0.023346081378731467
0 0.053458332803285886 0.16400000000000364 0.10691666560657177 0.023346081378731467
1 0.5570960692077987 0.14999999999999636 0.7621921384155976 0.020427821206387305
0 0.1760000000000009 0.14999999999999636 0.1458333312131417 0.020427821206387305
1 0.88 0.324 0.24 0.017509561034050422
0 0.76 0.324 0.12499999818269135 0.017509561034050422
1 0.1164122092254347 0.22200000000000364 0.2328244184508694 0.01605043094787834
1 0.6969835775691936 0.7780000000000037 0.24196715513838718 0.01605043094787834
0 0.576 0.7780000000000037 0.12499999818269135 0.01605043094787834
1 0.1797815691411024 0.802 0.3315631382822048 0.014591300861706258
0 0.04866666606089803 0.802 0.09733333212179605 0.014591300861706258
1 0.886 0.38199999999999634 0.228 0.013132170775534177
0 0.7719999999999981 0.38199999999999634 0.10416666515224278 0.013132170775534177
1 0.956 0.5599999999999964 0.088 0.013132170775534177
0 0.9091250006814898 0.5599999999999964 0.18174999863702032 0.013132170775534177
1 0.41589157546342176 0.226 0.11178315092684352 0.007295650430853129
0 0.36000000000000093 0.226 0.10416666515224461 0.007295650430853129