1 0.975 0.284 0.05 0.030641731809591875
0 0.9385416671967151 0.284 0.12291666560656996 0.030641731809591875
1 0.21177454564145864 0.108 0.3675490912829173 0.029182601723412516
0 0.08170833234895826 0.108 0.16341666469791652 0.029182601723412516
0 0.955708334166266 0.766 0.08858333166746797 0.029182601723412516
0 0.9562916676510418 0.5180000000000072 0.08741666469791654 0.027723471637247712
1 0.7014875408356434 0.4019999999999927 0.37097508167128673 0.026264341551068354
0 0.5160000000000005 0.4019999999999927 0.12499999818269225 0.026264341551068354
1 0.883 0.654 0.234 0.02480521146490355
0 0.7659999999999996 0.654 0.18749999727403793 0.02480521146490355
1 0.03539768069807178 0.666 0.07079536139614356 0.02480521146490355
1 0.15273040050592862 0.516 0.24946080101185725 0.023346081378724192
0 0.02962499977283642 0.516 0.05924999954567284 0.023346081378724192
1 0.894 0.02 0.212 0.018968691120215226
0 0.7880000000000005 0.02 0.14583333121314082 0.018968691120215226
1 0.818 0.8460000000000073 0.364 0.017509561034050422
0 0.6360000000000005 0.8460000000000073 0.14583333121314082 0.017509561034050422
1 0.932 0.11799999999999272 0.136 0.011673040689362096
0 0.8640000000000004 0.11799999999999272 0.12499999818269225 0.011673040689362096
1 0.7045014699353523 0.15599999999999273 0.39700293987070473 0.011673040689362096
0 0.5060000000000004 0.15599999999999273 0.1041666651522437 0.011673040689362096
1 0.07861347693560583 0.5999999999999928 0.15722695387121166 0.011673040689362096
1 0.23426335269316043 0.028 0.28052670538632085 0.010213910603197292
0 0.09400000000000046 0.028 0.08333333212179514 0.010213910603197292
1 0.7290075962469541 0.928 0.2740151924939082 0.010213910603197292
0 0.5920000000000004 0.928 0.1041666651522437 0.010213910603197292