1 0.28545643425804335 0.3019999999999964 0.5709128685160867 0.03793738224043773
1 0.19852316671884002 0.32799999999999635 0.39704633343768003 0.03793738224043773
1 0.701 0.426 0.598 0.029182601723412516
0 0.4019999999999982 0.426 0.22916666333493413 0.029182601723412516
1 0.29941583925562737 0.5980000000000036 0.5068316785112548 0.023346081378731467
0 0.05945833280328407 0.5980000000000036 0.11891666560656813 0.023346081378731467
1 0.24448391393035673 0.076 0.48896782786071347 0.021886951292559388
1 0.4579619832786611 0.49799999999999633 0.3479239665573223 0.020427821206387305
0 0.2839999999999982 0.49799999999999633 0.1458333312131399 0.020427821206387305
1 0.09631868422243314 0.42600000000000365 0.19263736844486629 0.0189686911202225
1 0.7320144792394349 0.742 0.35602895847886973 0.017509561034050422
0 0.5539999999999982 0.742 0.22916666333493413 0.017509561034050422
1 0.8315651067232429 0.574 0.18713021344648587 0.011673040689362096
0 0.738 0.574 0.16666666424358845 0.011673040689362096