1 0.5606026280455626 0.12400000000000182 0.3812052560911252 0.027723471637244073
0 0.37000000000000044 0.12400000000000182 0.1041666651522437 0.027723471637244073
1 0.7034476531064578 0.3559999999999982 0.3868953062129158 0.026264341551071994
0 0.51 0.3559999999999982 0.29166666242628164 0.026264341551071994
0 0.9899583337119393 0.664 0.020083332576121393 0.02480521146490355
1 0.21941742269244424 0.67 0.4388348453848885 0.021886951292559388
1 0.75 0.7919999999999981 0.5 0.018968691120218865
0 0.5 0.7919999999999981 0.29166666242628164 0.018968691120218865
1 0.3374532994209794 0.322 0.36690659884195886 0.014591300861706258
0 0.15400000000000044 0.322 0.08333333212179514 0.014591300861706258
1 0.41015103675748243 0.762 0.2523020735149648 0.014591300861706258
0 0.28399999999999953 0.762 0.18749999727403793 0.014591300861706258
1 0.642 0.01600000000000182 0.716 0.011673040689365734
0 0.2840000000000005 0.01600000000000182 0.14583333121314082 0.011673040689365734