1 0.38992315089956175 0.3719999999999964 0.21184630179912348 0.020427821206387305
0 0.284 0.3719999999999964 0.12499999818269135 0.020427821206387305
1 0.04173249624699838 0.09800000000000364 0.08346499249399676 0.0189686911202225
1 0.06131329702075709 0.8040000000000036 0.12262659404151419 0.01605043094787834
1 0.30528045148004096 0.07399999999999636 0.21456090296008187 0.013132170775534177
0 0.198 0.07399999999999636 0.12499999818269135 0.013132170775534177
1 0.2599766243833492 0.08199999999999637 0.21195324876669838 0.013132170775534177
0 0.154 0.08199999999999637 0.12499999818269135 0.013132170775534177
1 0.756 0.306 0.488 0.010213910603197292
0 0.512 0.306 0.08333333212179422 0.010213910603197292
1 0.10623414512428099 0.814 0.21246829024856198 0.010213910603197292