1 0.8297230927543972 0.716 0.2034461855087943 0.023346081378731467
0 0.7279999999999998 0.716 0.10416666515224324 0.023346081378731467
1 0.5559977685950487 0.7599999999999996 0.30799553719009737 0.021886951292560297
0 0.402 0.7599999999999996 0.12499999818269225 0.021886951292560297
1 0.9173557533961653 0.5780000000000004 0.13871150679233052 0.014591300861707169
0 0.848 0.5780000000000004 0.16666666424358936 0.014591300861707169
1 0.989 0.67 0.022 0.013132170775535997
0 0.9681666669695512 0.67 0.06366666606089758 0.013132170775535997
1 0.8387598360579575 0.2739999999999995 0.069519672115915 0.010213910603194563
0 0.804 0.2739999999999995 0.020833333030448556 0.010213910603194563
1 0.05814679731910769 0.2920000000000005 0.11629359463821538 0.0087547805170243
1 0.924 0.536 0.152 0.005836520344682867
0 0.8480000000000002 0.536 0.062499999091346126 0.005836520344682867