1 0.3598669466982283 0.6099999999999982 0.6277338933964566 0.040855642412778254
0 0.05945833280328407 0.6099999999999982 0.11891666560656813 0.040855642412778254
1 0.45353768669791317 0.804 0.9070753733958263 0.036478252154265645
0 0.015666666060897113 0.804 0.031333332121794226 0.036478252154265645
1 0.6295183656639493 0.9420000000000018 0.5190367313278984 0.027723471637244073
0 0.36999999999999816 0.9420000000000018 0.18749999727403702 0.027723471637244073
1 0.08364695070589005 0.9439999999999982 0.1672939014117801 0.026264341551071994
1 0.069171349850787 0.052 0.138342699701574 0.021886951292559388
1 0.05527902923428701 0.17000000000000182 0.11055805846857401 0.020427821206390945
1 0.6936705804158683 0.20200000000000182 0.3233411608317365 0.020427821206390945
0 0.532 0.20200000000000182 0.12499999818269135 0.020427821206390945
1 0.218230996449176 0.312 0.304461992898352 0.014591300861706258
0 0.06599999999999819 0.312 0.10416666515224278 0.014591300861706258
1 0.11354991576957946 0.4880000000000018 0.22709983153915891 0.011673040689365734
1 0.48364106640041066 0.392 0.3152821328008213 0.007295650430853129
0 0.3259999999999982 0.392 0.062499999091345675 0.007295650430853129
1 0.19357470119029493 0.1 0.38714940238058987 0.005836520344681048