1 0.677 0.48200000000000726 0.646 0.03210086189575668
0 0.354 0.48200000000000726 0.2499999963653827 0.03210086189575668
1 0.8606570061149196 0.374 0.23331401222983914 0.029182601723412516
0 0.744 0.374 0.20833333030448556 0.029182601723412516
1 0.97 0.432 0.06 0.023346081378724192
0 0.9399999999999982 0.432 0.062499999091345675 0.023346081378724192
1 0.0476961418745268 0.872 0.0953922837490536 0.020427821206394584
1 0.43030883263805847 0.178 0.5206176652761169 0.018968691120215226
0 0.16999999999999818 0.178 0.1458333312131399 0.018968691120215226
1 0.7147129362389242 0.244 0.4374258724778483 0.018968691120215226
0 0.496 0.244 0.20833333030448556 0.018968691120215226
1 0.7186861544259718 0.398 0.22937230885194368 0.018968691120215226
0 0.6039999999999982 0.398 0.10416666515224278 0.018968691120215226
1 0.25346314590451946 0.21400000000000727 0.382926291809039 0.017509561034050422
0 0.07266666606089711 0.21400000000000727 0.14533333212179422 0.017509561034050422
1 0.975 0.3140000000000073 0.05 0.017509561034050422
0 0.9499999999999982 0.3140000000000073 0.062499999091345675 0.017509561034050422
1 0.33082777738519326 0.16599999999999274 0.6616555547703865 0.016050430947871064
1 0.7415189348475615 0.2299999999999927 0.21103786969512295 0.011673040689362096
0 0.636 0.2299999999999927 0.12499999818269135 0.011673040689362096
1 0.16828640804377573 0.7879999999999927 0.14857281608755146 0.011673040689362096
0 0.09399999999999818 0.7879999999999927 0.10416666515224278 0.011673040689362096