1 0.5682129276980359 0.2939999999999964 0.3804258553960717 0.03793738224043773
0 0.37800000000000183 0.2939999999999964 0.2916666624262834 0.03793738224043773
0 0.9623333339391029 0.122 0.07533333212179423 0.036478252154265645
0 0.9615416671967141 0.09799999999999637 0.07691666560657177 0.027723471637240437
1 0.857 0.11599999999999636 0.286 0.027723471637240437
0 0.714 0.11599999999999636 0.12499999818269135 0.027723471637240437
1 0.33767495656088065 0.186 0.37134991312176135 0.021886951292559388
0 0.1519999999999982 0.186 0.1458333312131399 0.021886951292559388
1 0.955 0.14000000000000365 0.09 0.0189686911202225
0 0.9081250006814898 0.14000000000000365 0.18374999863702032 0.0189686911202225
1 0.5972643397426982 0.45 0.5025286794853965 0.017509561034050422
0 0.3459999999999982 0.45 0.1458333312131399 0.017509561034050422
1 0.31016069092490944 0.054000000000003635 0.25232138184981884 0.01605043094787834
0 0.184 0.054000000000003635 0.16666666424358845 0.01605043094787834
1 0.7575289811589319 0.388 0.3870579623178637 0.014591300861706258
0 0.564 0.388 0.12499999818269135 0.014591300861706258
1 0.4520821230966758 0.524 0.12416424619335158 0.014591300861706258
0 0.39 0.524 0.12499999818269135 0.014591300861706258
1 0.43214795032590336 0.4899999999999964 0.36829590065180673 0.013132170775534177
0 0.2479999999999982 0.4899999999999964 0.1458333312131399 0.013132170775534177
1 0.3940708443242456 0.576 0.37614168864849123 0.011673040689362096
0 0.206 0.576 0.08333333212179422 0.011673040689362096
1 0.82 0.268 0.36 0.010213910603197292
0 0.6399999999999981 0.268 0.1458333312131399 0.010213910603197292
1 0.7366579218320021 0.306 0.3893158436640042 0.010213910603197292
0 0.542 0.306 0.08333333212179422 0.010213910603197292
1 0.03358899982771254 0.306 0.06717799965542508 0.010213910603197292