1 0.19854048201142632 0.6019999999999928 0.39708096402285264 0.026264341551068354
1 0.11191874696569903 0.7459999999999927 0.22383749393139807 0.026264341551068354
1 0.15275457109022317 0.7559999999999927 0.30550914218044634 0.026264341551068354
1 0.1733724838902717 0.228 0.18674496778054345 0.02480521146490355
0 0.08 0.228 0.10416666515224278 0.02480521146490355
1 0.13129396735858154 0.246 0.2625879347171631 0.020427821206394584
1 0.054393543891747866 0.97 0.10878708778349573 0.018968691120215226
1 0.14275953829397986 0.4040000000000073 0.2855190765879597 0.017509561034050422
0 0.011083332576122302 0.4040000000000073 0.022166665152244604 0.017509561034050422
1 0.08950035959808429 0.8059999999999927 0.17900071919616858 0.016050430947871064
1 0.2874345854647554 0.9139999999999927 0.1988691709295108 0.007295650430853129
0 0.188 0.9139999999999927 0.062499999091345675 0.007295650430853129