1 0.976 0.398 0.048 0.058365203446828676
0 0.8874583346205932 0.398 0.22508333075881365 0.058365203446828676
1 0.791180149047997 0.07999999999999909 0.32636029809599404 0.03939651232660799
0 0.628 0.07999999999999909 0.35416666151762727 0.03939651232660799
0 0.9511250006814903 0.198 0.09774999863701941 0.03793738224043773
1 0.928 0.322 0.144 0.023346081378731467
0 0.8560000000000004 0.322 0.08333333212179514 0.023346081378731467
1 0.5621363167501168 0.484 0.3042726335002335 0.023346081378731467
0 0.4100000000000005 0.484 0.14583333121314082 0.023346081378731467
1 0.5654896801037653 0.1780000000000009 0.3109793602075306 0.021886951292561206
0 0.4100000000000005 0.1780000000000009 0.1041666651522437 0.021886951292561206
1 0.928 0.49200000000000094 0.144 0.021886951292561206
0 0.8498750011358175 0.49200000000000094 0.3002499977283651 0.021886951292561206
1 0.944 0.286 0.112 0.018968691120218865
0 0.888 0.286 0.020833333030448556 0.018968691120218865
1 0.5002711924555661 0.896 0.2205423849111321 0.018968691120218865
0 0.38999999999999957 0.896 0.16666666424358936 0.018968691120218865
1 0.7838929148679413 0.824000000000001 0.37978582973588254 0.0175095610340486
0 0.5940000000000004 0.824000000000001 0.12499999818269225 0.0175095610340486
1 0.6920411281235792 0.8640000000000009 0.3040822562471585 0.0175095610340486
0 0.5399999999999996 0.8640000000000009 0.20833333030448647 0.0175095610340486
1 0.44748810114174964 0.392 0.4429762022834993 0.01605043094787834
0 0.22599999999999953 0.392 0.18749999727403793 0.01605043094787834
1 0.6010045298050013 0.612 0.38200905961000264 0.01605043094787834
0 0.4100000000000005 0.612 0.12499999818269225 0.01605043094787834
1 0.83 0.878 0.34 0.01605043094787834
0 0.6600000000000005 0.878 0.12499999818269225 0.01605043094787834
1 0.928 0.15799999999999909 0.144 0.013132170775535997
0 0.8560000000000004 0.15799999999999909 0.08333333212179514 0.013132170775535997
1 0.895 0.543999999999999 0.21 0.013132170775535997
0 0.7900000000000005 0.543999999999999 0.14583333121314082 0.013132170775535997
1 0.11798798733100148 0.5699999999999991 0.23597597466200296 0.013132170775535997
1 0.4456854196943273 0.198 0.3753708393886545 0.011673040689365734
0 0.25800000000000045 0.198 0.12499999818269225 0.011673040689365734
1 0.10327178156385754 0.42 0.20654356312771507 0.011673040689365734
1 0.12041356081780259 0.4060000000000009 0.24082712163560518 0.010213910603195472
0 0.014249999545673063 0.4060000000000009 0.028499999091346127 0.010213910603195472
1 0.3988999412974504 0.8339999999999991 0.21379988259490074 0.008754780517023391
0 0.2920000000000005 0.8339999999999991 0.12499999818269225 0.008754780517023391