0 0.8986666678782058 0.556 0.20266666424358845 0.035019122068100844
1 0.2765395401328133 0.202 0.5090790802656265 0.029182601723412516
0 0.06308333257612139 0.202 0.12616666515224279 0.029182601723412516
0 0.9463333339391029 0.272 0.10733333212179423 0.029182601723412516
1 0.624 0.9947043495691469 0.752 0.010591300861706258
0 0.24800000000000183 0.9947043495691469 0.37499999454807764 0.010591300861706258
0 0.9208333348477572 0.5000000000000073 0.15833333030448557 0.027723471637247712
1 0.787 0.7860000000000072 0.426 0.027723471637247712
0 0.574 0.7860000000000072 0.2499999963653827 0.027723471637247712
1 0.662 0.8199999999999927 0.676 0.021886951292559388
0 0.3239999999999982 0.8199999999999927 0.22916666333493413 0.021886951292559388
1 0.9086929049259852 0.768 0.1293858098519704 0.020427821206394584
0 0.844 0.768 0.12499999818269135 0.020427821206394584
1 0.841 0.434 0.318 0.018968691120215226
0 0.6819999999999982 0.434 0.10416666515224278 0.018968691120215226
1 0.765 0.9912578272199462 0.47 0.01748434556010761
0 0.5299999999999981 0.9912578272199462 0.1458333312131399 0.01748434556010761
1 0.1474072417525531 0.3320000000000073 0.2948144835051062 0.017509561034050422
0 0.9199999999999982 0.17999999999999272 0.020833333030448556 0.016050430947871064
1 0.42730059396380965 0.7319999999999928 0.3586011879276193 0.016050430947871064
0 0.248 0.7319999999999928 0.12499999818269135 0.016050430947871064
1 0.0411300837131148 0.2040000000000073 0.0822601674262296 0.013132170775541454
1 0.95 0.9957169573061183 0.1 0.008566085387763451
0 0.8999999999999981 0.9957169573061183 0.10416666515224278 0.008566085387763451
1 0.662 0.834 0.676 0.010213910603197292
0 0.324 0.834 0.08333333212179422 0.010213910603197292
1 0.83 0.712 0.34 0.008754780517017934
0 0.66 0.712 0.12499999818269135 0.008754780517017934