1 0.752617869437684 0.08600000000000728 0.16523573887536805 0.03210086189575668
0 0.67 0.08600000000000728 0.062499999091345675 0.03210086189575668
0 0.9457083341662664 0.6619999999999927 0.10858333166746706 0.026264341551068354
1 0.10605529622624453 0.76 0.21211059245248906 0.020427821206394584
1 0.27460343685231875 0.324 0.22520687370463746 0.014591300861706258
0 0.162 0.324 0.062499999091345675 0.014591300861706258
1 0.32441828031343356 0.005283042693889002 0.15283656062686715 0.010566085387778004
0 0.248 0.005283042693889002 0.062499999091345675 0.010566085387778004
1 0.4291702356033984 0.6240000000000073 0.19034047120679679 0.013132170775541454
0 0.334 0.6240000000000073 0.10416666515224278 0.013132170775541454
1 0.689 0.848 0.622 0.008754780517017934
0 0.378 0.848 0.08333333212179422 0.008754780517017934