1 0.3085880379227608 0.89 0.3091760758455216 0.0496104229298071
0 0.154 0.89 0.16666666424358936 0.0496104229298071
0 0.8944583346205932 0.5400000000000073 0.21108333075881364 0.03210086189575668
1 0.14152424016107262 0.13599999999999274 0.28304848032214525 0.026264341551068354
1 0.11365358547560936 0.027999999999992725 0.22730717095121872 0.021886951292559388
0 0.02666666606089734 0.027999999999992725 0.05333333212179468 0.021886951292559388
1 0.08754740152497016 0.292 0.17509480304994032 0.018968691120215226
1 0.11162787976130585 0.826 0.1992557595226117 0.014591300861706258
0 0.026833333030448558 0.826 0.053666666060897115 0.014591300861706258
1 0.36213186718495194 0.1420000000000073 0.22426373436990388 0.013132170775541454
0 0.24999999999999978 0.1420000000000073 0.08333333212179468 0.013132170775541454
1 0.030241118684267123 0.005999999999992724 0.060482237368534246 0.011673040689362096
0 0.010249999545673063 0.005999999999992724 0.020499999091346126 0.011673040689362096
1 0.19835179449895418 0.7839999999999927 0.15670358899790834 0.011673040689362096
0 0.12000000000000023 0.7839999999999927 0.18749999727403838 0.011673040689362096
1 0.902 0.266 0.196 0.008754780517017934
0 0.804 0.266 0.12499999818269225 0.008754780517017934
1 0.1562309067195854 0.868 0.3124618134391708 0.008754780517017934
0 0.011041666288060697 0.868 0.022083332576121394 0.008754780517017934
1 0.7136715314614576 0.17599999999999272 0.1873430629229151 0.007295650430853129
0 0.6199999999999998 0.17599999999999272 0.08333333212179468 0.007295650430853129
1 0.756 0.5939999999999928 0.488 0.007295650430853129
0 0.5119999999999998 0.5939999999999928 0.08333333212179468 0.007295650430853129
1 0.23585560407021466 0.562 0.35971120814042934 0.004377390258508967