0 0.9165000009086544 0.204 0.16699999818269134 0.029182601723412516
0 0.9327083341662664 0.394 0.13458333166746705 0.023346081378724192
1 0.952 0.116 0.096 0.020427821206394584
0 0.8895000009086543 0.116 0.22099999818269134 0.020427821206394584
1 0.5272915727042137 0.24 0.6345831454084273 0.018968691120215226
0 0.21 0.24 0.020833333030448556 0.018968691120215226
1 0.4880726742603647 0.788 0.10014534852072939 0.018968691120215226
0 0.4380000000000009 0.788 0.29166666242628164 0.018968691120215226
1 0.29915281830325696 0.6420000000000072 0.28630563660651387 0.017509561034050422
0 0.156 0.6420000000000072 0.12499999818269135 0.017509561034050422
1 0.34126214944933875 0.6619999999999927 0.19452429889867745 0.016050430947871064
0 0.244 0.6619999999999927 0.10416666515224278 0.016050430947871064
1 0.11571514296496208 0.7739999999999927 0.23143028592992415 0.016050430947871064
1 0.30672520682056437 0.89 0.27745041364112877 0.014591300861706258
0 0.1680000000000009 0.89 0.16666666424359028 0.014591300861706258
1 0.6556776465907397 0.20000000000000728 0.1953552931814793 0.013132170775541454
0 0.558 0.20000000000000728 0.020833333030448556 0.013132170775541454
1 0.36789215466850417 0.34 0.18378430933700837 0.010213910603197292
0 0.276 0.34 0.062499999091345675 0.010213910603197292
1 0.5983202302447435 0.434 0.38464046048948697 0.010213910603197292
0 0.4060000000000009 0.434 0.1458333312131417 0.010213910603197292
1 0.952 0.764 0.096 0.010213910603197292
0 0.904 0.764 0.12499999818269135 0.010213910603197292
1 0.8380097200381651 0.83 0.21201944007633028 0.010213910603197292
0 0.732 0.83 0.12499999818269135 0.010213910603197292