1 0.24119952439565964 0.47800000000000725 0.21439904879131927 0.017509561034050422
0 0.134 0.47800000000000725 0.16666666424358936 0.017509561034050422
1 0.903 0.15200000000000727 0.194 0.013132170775541454
0 0.806 0.15200000000000727 0.16666666424358936 0.013132170775541454
1 0.6085188599500293 0.5120000000000072 0.16903771990005861 0.013132170775541454
0 0.524 0.5120000000000072 0.12499999818269225 0.013132170775541454
1 0.892 0.7380000000000073 0.216 0.013132170775541454
0 0.784 0.7380000000000073 0.16666666424358936 0.013132170775541454
1 0.8993142775378197 0.011999999999992725 0.14262855507563926 0.011673040689362096
0 0.828 0.011999999999992725 0.14583333121314082 0.011673040689362096
1 0.25155348136761063 0.4239999999999927 0.14710696273522125 0.011673040689362096
0 0.178 0.4239999999999927 0.16666666424358936 0.011673040689362096