1 0.5568438292410001 0.158 0.20568765848200019 0.0612834636191692
0 0.454 0.158 0.08333333212179422 0.0612834636191692
1 0.3463387516550256 0.5820000000000036 0.15267750331005117 0.04085564241278189
0 0.27 0.5820000000000036 0.020833333030448556 0.04085564241278189
1 0.3137738020826737 0.752 0.2595476041653474 0.011673040689362096
0 0.184 0.752 0.10416666515224278 0.011673040689362096
1 0.8766621916064669 0.552 0.23732438321293375 0.010213910603197292
0 0.758 0.552 0.04166666606089711 0.010213910603197292
1 0.6135647069219422 0.75 0.23112941384388433 0.010213910603197292
0 0.498 0.75 0.10416666515224278 0.010213910603197292
1 0.4392107864550899 0.67 0.16242157291017975 0.002918260172344162