1 0.13550738375540822 0.8020000000000009 0.27101476751081643 0.04085564241278007
1 0.5667291852144317 0.09400000000000092 0.6974583704288634 0.03355999198192694
0 0.21800000000000183 0.09400000000000092 0.37499999454807764 0.03355999198192694
1 0.7929757327682637 0.398 0.3459514655365274 0.027723471637244073
0 0.6199999999999982 0.398 0.18749999727403702 0.027723471637244073
1 0.5502621852351822 0.418 0.3365243704703644 0.023346081378731467
0 0.382 0.418 0.12499999818269135 0.023346081378731467
1 0.09928476592554399 0.9915282621768602 0.19856953185108797 0.016943475646279692
1 0.20627151428054458 0.0011069553015968267 0.17254302856108916 0.0022139106031936534
0 0.11999999999999818 0.0011069553015968267 0.18749999727403702 0.0022139106031936534
1 0.5595530983846057 0.656 0.3351061967692112 0.01605043094787834
0 0.392 0.656 0.12499999818269135 0.01605043094787834
1 0.21648438098376027 0.216 0.16896876196752056 0.014591300861706258
0 0.13199999999999817 0.216 0.10416666515224278 0.014591300861706258
1 0.7098592536281157 0.79 0.5037185072562316 0.014591300861706258
0 0.458 0.79 0.12499999818269135 0.014591300861706258
1 0.5166412105497565 0.32999999999999907 0.5092824210995132 0.013132170775535997
0 0.2619999999999982 0.32999999999999907 0.10416666515224278 0.013132170775535997
1 0.08980525137341101 0.6219999999999991 0.17961050274682203 0.008754780517023391
1 0.4261890495512198 0.374 0.5003780991024396 0.0043773902585126055