1 0.19013029353258434 0.6739999999999982 0.3802605870651687 0.03355999198192512
0 0.06270833234895827 0.6739999999999982 0.12541666469791654 0.03355999198192512
1 0.739 0.8959999999999981 0.522 0.018968691120218865
0 0.4780000000000005 0.8959999999999981 0.14583333121314082 0.018968691120218865
1 0.608960281095638 0.4739999999999982 0.2819205621912761 0.017509561034046783
0 0.46800000000000047 0.4739999999999982 0.08333333212179514 0.017509561034046783
1 0.4592393209916845 0.738 0.266478641983369 0.014591300861706258
0 0.32600000000000046 0.738 0.14583333121314082 0.014591300861706258
1 0.49085787833181893 0.18400000000000183 0.13371575666363789 0.013132170775537815
0 0.42400000000000043 0.18400000000000183 0.1041666651522437 0.013132170775537815
1 0.10019709121035884 0.7040000000000018 0.2003941824207177 0.013132170775537815
1 0.04758601466159007 0.7200000000000019 0.09517202932318014 0.013132170775537815
1 0.05320387291195811 0.2820000000000018 0.10640774582391622 0.011673040689365734
1 0.08226993921926032 0.31199999999999817 0.16453987843852064 0.010213910603193653