1 0.7363440061107467 0.69 0.4646880122214934 0.02480521146490355
0 0.504 0.69 0.16666666424358845 0.02480521146490355
1 0.34931943092224355 0.15999999999999273 0.6986388618444871 0.021886951292559388
1 0.0829891343865238 0.516 0.1659782687730476 0.020427821206394584
1 0.974 0.15 0.052 0.018968691120215226
0 0.9062916676510413 0.15 0.18741666469791743 0.018968691120215226
1 0.822 0.45 0.356 0.018968691120215226
0 0.6439999999999981 0.45 0.27083332939583127 0.018968691120215226
1 0.606654393828383 0.5 0.31330878765676606 0.018968691120215226
0 0.45 0.5 0.16666666424358845 0.018968691120215226
0 0.9867083341662656 0.9200000000000073 0.026583331667468884 0.017509561034050422
1 0.5377145733476791 0.21799999999999273 0.1554291466953582 0.016050430947871064
0 0.46 0.21799999999999273 0.20833333030448556 0.016050430947871064
1 0.6369154345248117 0.072 0.1578308690496233 0.014591300861706258
0 0.5579999999999982 0.072 0.18749999727403702 0.014591300861706258
1 0.8446896928547394 0.24399999999999272 0.16137938570947882 0.011673040689362096
0 0.764 0.24399999999999272 0.12499999818269135 0.011673040689362096
0 0.9695416671967141 0.4699999999999927 0.06091666560657177 0.011673040689362096
1 0.4927054663572217 0.7379999999999928 0.15341093271444334 0.011673040689362096
0 0.416 0.7379999999999928 0.12499999818269135 0.011673040689362096
1 0.6500866172850146 0.338 0.3161732345700293 0.008754780517017934
0 0.492 0.338 0.12499999818269135 0.008754780517017934
1 0.3005300516562602 0.5659999999999927 0.5930601033125203 0.007295650430853129
0 0.022833333030448558 0.5659999999999927 0.045666666060897115 0.007295650430853129