1 0.2279242733011579 0.5259999999999964 0.11184854660231576 0.0423147724989467
0 0.172 0.5259999999999964 0.04166666606089711 0.0423147724989467
1 0.89 0.39799999999999636 0.22 0.035019122068093565
0 0.7799999999999981 0.39799999999999636 0.18749999727403702 0.035019122068093565
1 0.26347414662585106 0.48800000000000365 0.22294829325170212 0.03355999198192876
0 0.1519999999999982 0.48800000000000365 0.18749999727403702 0.03355999198192876
1 0.906 0.502 0.188 0.02480521146490355
0 0.812 0.502 0.20833333030448556 0.02480521146490355
1 0.6643960512677058 0.43 0.4607921025354117 0.021886951292559388
0 0.434 0.43 0.12499999818269135 0.021886951292559388
1 0.771 0.6280000000000037 0.458 0.0189686911202225
0 0.5419999999999981 0.6280000000000037 0.062499999091345675 0.0189686911202225
1 0.08720179958370863 0.7000000000000036 0.17440359916741727 0.0189686911202225
1 0.7502060612906807 0.46000000000000363 0.35241212258136145 0.01605043094787834
0 0.574 0.46000000000000363 0.08333333212179422 0.01605043094787834
1 0.912 0.5180000000000037 0.176 0.01605043094787834
0 0.824 0.5180000000000037 0.08333333212179422 0.01605043094787834
1 0.885 0.648 0.23 0.014591300861706258
0 0.7699999999999981 0.648 0.1458333312131399 0.014591300861706258
1 0.20909568148318067 0.17599999999999635 0.22219136296636133 0.013132170775534177
0 0.09799999999999819 0.17599999999999635 0.020833333030448556 0.013132170775534177
1 0.20955935431253783 0.3019999999999964 0.22311870862507566 0.013132170775534177
0 0.09799999999999819 0.3019999999999964 0.10416666515224278 0.013132170775534177
1 0.47332256652834437 0.142 0.5586451330566888 0.011673040689362096
0 0.19399999999999817 0.142 0.1458333312131399 0.011673040689362096
1 0.6218419702862993 0.148 0.46368394057259865 0.011673040689362096
0 0.3899999999999982 0.148 0.10416666515224278 0.011673040689362096
1 0.42891451345290804 0.404 0.44582902690581616 0.011673040689362096
0 0.206 0.404 0.08333333212179422 0.011673040689362096
1 0.7436721270202543 0.806 0.3593442540405085 0.011673040689362096
0 0.5639999999999982 0.806 0.10416666515224278 0.011673040689362096
1 0.5297646682824779 0.768 0.2355293365649559 0.010213910603197292
0 0.412 0.768 0.12499999818269135 0.010213910603197292
1 0.7456740022687282 0.818 0.4753480045374563 0.010213910603197292
0 0.5079999999999982 0.818 0.10416666515224278 0.010213910603197292