1 0.868 0.606 0.264 0.04815129284362774
0 0.7360000000000018 0.606 0.2916666624262834 0.04815129284362774
1 0.11469322567673407 0.226 0.22938645135346813 0.035019122068100844
0 0.046874999318508345 0.226 0.09374999863701669 0.035019122068100844
1 0.5948202187252627 0.23400000000000729 0.3656404374505255 0.03210086189575668
0 0.412 0.23400000000000729 0.16666666424358845 0.03210086189575668
1 0.03415382200618842 0.344 0.06830764401237684 0.023346081378724192
0 0.9785416671967141 0.89 0.04291666560657177 0.023346081378724192
1 0.5398128483571673 0.4819999999999927 0.47562569671433447 0.021886951292559388
0 0.30199999999999816 0.4819999999999927 0.18749999727403702 0.021886951292559388
0 0.9729166674238786 0.5879999999999928 0.054166665152242784 0.021886951292559388
1 0.027701079516464232 0.6379999999999927 0.055402159032928465 0.021886951292559388
1 0.955 0.34 0.09 0.020427821206394584
0 0.9099999999999981 0.34 0.1458333312131399 0.020427821206394584
1 0.5750291750514407 0.328 0.4780583501028814 0.018968691120215226
0 0.3359999999999982 0.328 0.18749999727403702 0.018968691120215226
1 0.6703946592424763 0.6740000000000073 0.36478931848495266 0.017509561034050422
0 0.488 0.6740000000000073 0.12499999818269135 0.017509561034050422
1 0.12301283756775593 0.4339999999999927 0.24602567513551185 0.016050430947871064
1 0.6785503981840375 0.092 0.48910079636807496 0.014591300861706258
0 0.434 0.092 0.20833333030448556 0.014591300861706258
1 0.31573405672957777 0.134 0.3514681134591556 0.014591300861706258
0 0.13999999999999818 0.134 0.1458333312131399 0.014591300861706258
1 0.20490360331469493 0.158 0.40980720662938985 0.014591300861706258
0 0.019666666060897113 0.158 0.039333332121794226 0.014591300861706258
1 0.21293362497425006 0.344 0.3418672499485001 0.014591300861706258
0 0.04704166628805979 0.344 0.09408333257611957 0.014591300861706258
0 0.9675416671967141 0.568 0.06491666560657176 0.014591300861706258
1 0.7003562545750701 0.10200000000000728 0.25271250915014026 0.013132170775541454
0 0.574 0.10200000000000728 0.12499999818269135 0.013132170775541454
0 0.9457500004543271 0.22400000000000728 0.10849999909134567 0.013132170775541454
1 0.8671759407169156 0.8040000000000073 0.1303518814338313 0.002918260172344162