1 0.815 0.034 0.37 0.023346081378731467
0 0.6299999999999996 0.034 0.18749999727403793 0.023346081378731467
1 0.08307747365736759 0.7139999999999982 0.16615494731473518 0.017509561034046783
1 0.27798475348529245 0.9519999999999982 0.2719695069705849 0.017509561034046783
0 0.142 0.9519999999999982 0.2499999963653845 0.017509561034046783
1 0.4943892731626606 0.468 0.2687785463253213 0.01605043094787834
0 0.35999999999999954 0.468 0.20833333030448647 0.01605043094787834
1 0.6840902503809789 0.898 0.5641805007619578 0.01605043094787834
0 0.4019999999999995 0.898 0.20833333030448647 0.01605043094787834
1 0.6867179754408671 0.628 0.41743595088173424 0.014591300861706258
0 0.4780000000000005 0.628 0.14583333121314082 0.014591300861706258
1 0.6464410081916548 0.842 0.42488201638330975 0.014591300861706258
0 0.43399999999999955 0.842 0.18749999727403793 0.014591300861706258
1 0.374677274062175 0.7759999999999981 0.66135454812435 0.010213910603193653
0 0.05845833280328543 0.7759999999999981 0.11691666560657087 0.010213910603193653