1 0.01827072999488746 0.3040000000000018 0.03654145998977492 0.06566085387768181
1 0.729909443333554 0.93 0.491818886667108 0.023346081378731467
0 0.484 0.93 0.062499999091345675 0.023346081378731467
1 0.7173082358517836 0.942 0.4906164717035672 0.023346081378731467
0 0.472 0.942 0.062499999091345675 0.023346081378731467
1 0.5270005230135726 0.4700000000000018 0.49800104602714507 0.020427821206390945
0 0.27800000000000047 0.4700000000000018 0.1041666651522437 0.020427821206390945
1 0.877 0.6539999999999981 0.246 0.017509561034046783
0 0.754 0.6539999999999981 0.2499999963653845 0.017509561034046783
1 0.754250829240259 0.128 0.38850165848051804 0.014591300861706258
0 0.5600000000000005 0.128 0.12499999818269225 0.014591300861706258
1 0.5705955580739241 0.188 0.19719111614784834 0.014591300861706258
0 0.4720000000000005 0.188 0.08333333212179514 0.014591300861706258
1 0.899 0.8620000000000018 0.202 0.013132170775537815
0 0.7980000000000005 0.8620000000000018 0.14583333121314082 0.013132170775537815
1 0.22223505635188348 0.112 0.44447011270376696 0.005836520344681048