1 0.858 0.578 0.284 0.02480521146490355
0 0.7160000000000004 0.578 0.08333333212179514 0.02480521146490355
1 0.13292118074103018 0.192 0.26584236148206036 0.021886951292559388
1 0.17942121715616077 0.4659999999999982 0.35884243431232155 0.018968691120218865
1 0.6264920176489631 0.308 0.5129840352979264 0.014591300861706258
0 0.37000000000000044 0.308 0.08333333212179514 0.014591300861706258
0 0.9847500004543271 0.572 0.03049999909134567 0.014591300861706258
1 0.07423559233805645 0.786 0.1484711846761129 0.014591300861706258
1 0.04111401155586918 0.03000000000000182 0.08222802311173837 0.013132170775537815
1 0.658 0.09800000000000182 0.684 0.013132170775537815
0 0.31599999999999956 0.09800000000000182 0.20833333030448647 0.013132170775537815
1 0.853 0.26200000000000184 0.294 0.013132170775537815
0 0.7060000000000004 0.26200000000000184 0.08333333212179514 0.013132170775537815
1 0.1958000694022694 0.2659999999999982 0.3676001388045388 0.010213910603193653
0 0.02162499977283642 0.2659999999999982 0.04324999954567284 0.010213910603193653
0 0.9833750002271636 0.36199999999999816 0.033249999545672836 0.010213910603193653
1 0.7279155263922308 0.6919999999999982 0.25983105278446145 0.010213910603193653
0 0.5980000000000004 0.6919999999999982 0.12499999818269225 0.010213910603193653
1 0.455522022888033 0.08 0.755044045776066 0.005836520344681048
0 0.078 0.08 0.04166666606089711 0.005836520344681048
1 0.6608020456796075 0.48 0.2576040913592151 0.005836520344681048
0 0.5320000000000005 0.48 0.08333333212179514 0.005836520344681048
1 0.4902935463785038 0.1340000000000018 0.26058709275700764 0.0043773902585126055