1 0.5161834596391909 0.10199999999999636 0.23236691927838182 0.020427821206387305
0 0.4000000000000009 0.10199999999999636 0.1458333312131417 0.020427821206387305
1 0.01789696795749933 0.134 0.03579393591499866 0.010213910603197292
1 0.38766588393091933 0.176 0.31933176786183864 0.010213910603197292
0 0.228 0.176 0.10416666515224278 0.010213910603197292
1 0.8630249089225154 0.29400000000000365 0.1860498178450307 0.008754780517025211
0 0.77 0.29400000000000365 0.12499999818269135 0.008754780517025211
1 0.8104502116938338 0.17799999999999636 0.12490042338766762 0.005836520344681048
0 0.748 0.17799999999999636 0.062499999091345675 0.005836520344681048
1 0.7973841688455768 0.3579999999999964 0.12276833769115365 0.005836520344681048
0 0.736 0.3579999999999964 0.062499999091345675 0.005836520344681048
1 0.7328239132834887 0.142 0.18564782656697754 0.004377390258508967
0 0.64 0.142 0.062499999091345675 0.004377390258508967