1 0.6746470991088072 0.514 0.3132941982176144 0.030641731809591875
0 0.5179999999999991 0.514 0.37499999454807587 0.030641731809591875
1 0.726 0.806 0.548 0.029182601723412516
0 0.4520000000000009 0.806 0.1458333312131417 0.029182601723412516
1 0.8161411408071181 0.608 0.3162822816142361 0.02480521146490355
0 0.658 0.608 0.10416666515224278 0.02480521146490355
1 0.288575077518065 0.45599999999999274 0.34515015503612995 0.021886951292559388
0 0.11600000000000091 0.45599999999999274 0.1458333312131417 0.021886951292559388
1 0.6589575319578571 0.228 0.3699150639157142 0.020427821206394584
0 0.4740000000000009 0.228 0.16666666424359028 0.020427821206394584
1 0.5197042189158365 0.486 0.22340843783167294 0.020427821206394584
0 0.4080000000000009 0.486 0.1458333312131417 0.020427821206394584
1 0.251948851125574 0.164 0.33589770225114807 0.018968691120215226
0 0.084 0.164 0.12499999818269135 0.018968691120215226
1 0.5958988238488119 0.5600000000000073 0.3757976476976237 0.017509561034050422
0 0.4080000000000009 0.5600000000000073 0.2083333303044874 0.017509561034050422
1 0.786 0.6420000000000072 0.428 0.017509561034050422
0 0.572000000000001 0.6420000000000072 0.1458333312131417 0.017509561034050422
0 0.9819583337119393 0.6939999999999927 0.03608333257612139 0.016050430947871064
1 0.08596252287127663 0.714 0.17192504574255327 0.014591300861706258
0 0.971541667196715 0.718 0.05691666560656995 0.014591300861706258
1 0.13642351644005157 0.8240000000000073 0.27284703288010315 0.013132170775541454
1 0.09753545958046471 0.18799999999999273 0.19507091916092942 0.011673040689362096
1 0.943 0.678 0.114 0.010213910603197292
0 0.886 0.678 0.12499999818269135 0.010213910603197292
1 0.5505590944259057 0.03 0.21711818885181128 0.008754780517017934
0 0.442 0.03 0.12499999818269135 0.008754780517017934
1 0.05921906907406992 0.82 0.11843813814813985 0.005836520344688324
1 0.4740028049882512 0.10600000000000728 0.21600560997650245 0.002918260172344162