1 0.6628704452220309 0.4099999999999927 0.11374089044406173 0.016050430947871064
0 0.6060000000000009 0.4099999999999927 0.1458333312131417 0.016050430947871064
1 0.37264082577761654 0.376 0.2492816515552331 0.014591300861706258
0 0.24800000000000091 0.376 0.2083333303044874 0.014591300861706258
1 0.7288048960952638 0.16 0.11360979219052751 0.010213910603197292
0 0.672 0.16 0.08333333212179422 0.010213910603197292
1 0.8993368956433678 0.228 0.17467379128673566 0.010213910603197292
0 0.812 0.228 0.12499999818269135 0.010213910603197292
1 0.738227564950821 0.13399999999999274 0.11245512990164207 0.007295650430853129
0 0.682 0.13399999999999274 0.10416666515224278 0.007295650430853129
1 0.923 0.242 0.154 0.004377390258508967