1 0.10190527301166913 0.97 0.20381054602333826 0.029182601723412516
1 0.3596642554177379 0.626 0.6153285108354758 0.02480521146490355
0 0.057249999545672836 0.626 0.11449999909134567 0.02480521146490355
1 0.6405195083679355 0.646 0.46503901673587095 0.021886951292559388
0 0.408 0.646 0.10416666515224278 0.021886951292559388
0 0.9670833343934301 0.26799999999999635 0.0658333312131399 0.020427821206387305
1 0.410123294314717 0.5099999999999963 0.39224658862943396 0.020427821206387305
0 0.2140000000000009 0.5099999999999963 0.16666666424359028 0.020427821206387305
1 0.965 0.04400000000000364 0.07 0.01605043094787834
0 0.928541667196715 0.04400000000000364 0.14291666560656996 0.01605043094787834
1 0.04594932455675098 0.698 0.09189864911350196 0.014591300861706258
1 0.916 0.6239999999999963 0.168 0.013132170775534177
0 0.832000000000001 0.6239999999999963 0.2083333303044874 0.013132170775534177
1 0.35105879853535316 0.962 0.3181175970707063 0.011673040689362096
0 0.192 0.962 0.10416666515224278 0.011673040689362096
1 0.856 0.61 0.288 0.010213910603197292
0 0.712 0.61 0.08333333212179422 0.010213910603197292
1 0.889 0.636 0.222 0.010213910603197292
0 0.778 0.636 0.12499999818269135 0.010213910603197292
1 0.28782470432108764 0.876 0.19164940864217533 0.007295650430853129
0 0.192 0.876 0.08333333212179422 0.007295650430853129
1 0.932 0.5559999999999964 0.136 0.005836520344681048
0 0.864 0.5559999999999964 0.062499999091345675 0.005836520344681048