1 0.7058022586247821 0.488 0.3156045172495642 0.07295650430853129
0 0.548 0.488 0.062499999091345675 0.07295650430853129
1 0.6299354475340533 0.516 0.3158708950681066 0.02480521146490355
0 0.47199999999999953 0.516 0.18749999727403793 0.02480521146490355
1 0.883 0.8399999999999928 0.234 0.021886951292559388
0 0.7659999999999996 0.8399999999999928 0.16666666424358936 0.021886951292559388
1 0.3857703844786406 0.034 0.3035407689572812 0.020427821206394584
0 0.234 0.034 0.27083332939583304 0.020427821206394584
1 0.25680244527713875 0.528 0.3896048905542775 0.020427821206394584
0 0.07266666606089711 0.528 0.14533333212179422 0.020427821206394584
1 0.06618548460532657 0.22600000000000728 0.13237096921065314 0.017509561034050422
1 0.41069879203720805 0.4600000000000073 0.20139758407441605 0.017509561034050422
0 0.31000000000000044 0.4600000000000073 0.12499999818269225 0.017509561034050422
1 0.08001341441225213 0.6159999999999928 0.16002682882450425 0.016050430947871064
1 0.829 0.282 0.342 0.014591300861706258
0 0.6580000000000005 0.282 0.14583333121314082 0.014591300861706258
1 0.948 0.506 0.104 0.014591300861706258
0 0.8959999999999996 0.506 0.16666666424358936 0.014591300861706258
1 0.867 0.86 0.266 0.014591300861706258
0 0.7340000000000004 0.86 0.14583333121314082 0.014591300861706258
1 0.5670953262121393 0.052000000000007277 0.2101906524242786 0.013132170775541454
0 0.46200000000000047 0.052000000000007277 0.1041666651522437 0.013132170775541454
1 0.5844944293315448 0.19799999999999274 0.30898885866308956 0.011673040689362096
0 0.43000000000000044 0.19799999999999274 0.08333333212179514 0.011673040689362096
1 0.785 0.3739999999999927 0.43 0.011673040689362096
0 0.5699999999999995 0.3739999999999927 0.16666666424358936 0.011673040689362096
1 0.7178101472956874 0.026 0.4236202945913747 0.010213910603197292
0 0.5060000000000004 0.026 0.12499999818269225 0.010213910603197292
1 0.12126117820716535 0.4879999999999927 0.2425223564143307 0.007295650430853129
1 0.937 0.652 0.126 0.005836520344688324
0 0.874 0.652 0.062499999091345675 0.005836520344688324
1 0.2511030749451811 0.238 0.09820614989036221 0.004377390258508967
0 0.202 0.238 0.062499999091345675 0.004377390258508967