1 0.5975447210657503 0.08400000000000023 0.09108944213150062 0.03793738224043818
0 0.552 0.08400000000000023 0.04166666606089711 0.03793738224043818
1 0.3312821549115124 0.82 0.3385643098230248 0.021886951292560297
0 0.16199999999999978 0.82 0.14583333121314035 0.021886951292560297
1 0.6532926928618099 0.06399999999999978 0.18258538572361976 0.02042782120638958
0 0.562 0.06399999999999978 0.27083332939583304 0.02042782120638958
1 0.0921915707757821 0.326 0.1843831415515642 0.018968691120218865
1 0.7481404123585658 0.494 0.2402808247171315 0.018968691120218865
0 0.6280000000000004 0.494 0.14583333121314082 0.018968691120218865
1 0.488491309933705 0.10999999999999978 0.17698261986740998 0.017509561034048146
0 0.40000000000000047 0.10999999999999978 0.14583333121314082 0.017509561034048146
0 0.9721666669695515 0.17599999999999977 0.05566666606089712 0.017509561034048146
1 0.7928704631216542 0.40400000000000025 0.24574092624330843 0.016050430947877885
0 0.67 0.40400000000000025 0.22916666333493596 0.016050430947877885
1 0.6467311671487701 0.73 0.2974623342975401 0.014591300861707169
0 0.49800000000000044 0.73 0.1041666651522437 0.014591300861707169
1 0.868 0.00391826017234132 0.264 0.00783652034468264
0 0.7360000000000004 0.00391826017234132 0.14583333121314082 0.00783652034468264
1 0.13712842160271066 0.21600000000000022 0.2342568432054213 0.010213910603195018
0 0.041249999545673065 0.21600000000000022 0.08249999909134613 0.010213910603195018
0 0.9505416671967151 0.26000000000000023 0.09891666560656995 0.010213910603195018
0 0.9829583337119393 0.122 0.034083332576121395 0.0087547805170243
1 0.24286702377053052 0.252 0.16173404754106105 0.0087547805170243
0 0.16200000000000045 0.252 0.08333333212179514 0.0087547805170243
1 0.848023014833072 0.13800000000000023 0.09604602966614402 0.0072956504308535845
0 0.8 0.13800000000000023 0.062499999091345675 0.0072956504308535845