1 0.666 0.31600000000000183 0.668 0.04377390258512241
0 0.332 0.31600000000000183 0.4583333266698719 0.04377390258512241
1 0.20365019934790143 0.386 0.40730039869580287 0.03210086189575668
1 0.21901047837660917 0.818 0.31802095675321834 0.02480521146490355
0 0.06124999954567283 0.818 0.12249999909134567 0.02480521146490355
1 0.11154478446736266 0.10800000000000182 0.2230895689347253 0.020427821206390945
0 0.9555000009086543 0.9040000000000018 0.08899999818269134 0.020427821206390945
1 0.6683200390875718 0.8879999999999982 0.6526400781751436 0.018968691120218865
0 0.3420000000000009 0.8879999999999982 0.22916666333493596 0.018968691120218865
1 0.4689413213148764 0.904 0.6418826426297528 0.01605043094787834
0 0.1480000000000009 0.904 0.18749999727403882 0.01605043094787834
1 0.1470935787827948 0.942 0.2941871575655896 0.01605043094787834
1 0.5605199205757262 0.354 0.5010398411514525 0.014591300861706258
0 0.3100000000000009 0.354 0.1458333312131417 0.014591300861706258
1 0.29740177425845105 0.866 0.4748035485169021 0.014591300861706258
0 0.07166666606089803 0.866 0.14333333212179605 0.014591300861706258
1 0.932 0.43400000000000183 0.136 0.013132170775537815
0 0.8640000000000009 0.43400000000000183 0.18749999727403882 0.013132170775537815
1 0.10313363514879166 0.02600000000000182 0.17026727029758332 0.011673040689365734
0 0.0350416662880607 0.02600000000000182 0.0700833325761214 0.011673040689365734