1 0.4841221064147976 0.94 0.9682442128295952 0.03939651232660981
1 0.955 0.9887043495691469 0.09 0.02259130086170626
0 0.9100000000000009 0.9887043495691469 0.16666666424359028 0.02259130086170626
1 0.7290761170125288 0.418 0.3341522340250576 0.021886951292559388
0 0.5620000000000009 0.418 0.16666666424359028 0.021886951292559388
1 0.8151774659242492 0.7580000000000018 0.3343549318484984 0.020427821206390945
0 0.648 0.7580000000000018 0.08333333212179422 0.020427821206390945
1 0.3538120494243567 0.0013773902585126052 0.4916240988487134 0.0027547805170252105
0 0.10800000000000046 0.0013773902585126052 0.12499999818269225 0.0027547805170252105
1 0.40168627883479985 0.458 0.6313725576695997 0.01605043094787834
0 0.08600000000000045 0.458 0.08333333212179514 0.01605043094787834
1 0.911 0.696 0.178 0.01605043094787834
0 0.822000000000001 0.696 0.16666666424359028 0.01605043094787834
1 0.20127828356392366 0.782 0.4025565671278473 0.014591300861706258
0 0.018874999318509254 0.782 0.03774999863701851 0.014591300861706258
1 0.873 0.9540000000000018 0.254 0.013132170775537815
0 0.746 0.9540000000000018 0.12499999818269135 0.013132170775537815
1 0.5966270208481764 0.4720000000000018 0.3292540416963529 0.011673040689365734
0 0.4320000000000009 0.4720000000000018 0.1458333312131417 0.011673040689365734
1 0.781 0.7420000000000018 0.438 0.011673040689365734
0 0.5620000000000009 0.7420000000000018 0.1458333312131417 0.011673040689365734
1 0.2678231110324123 0.698 0.3196462220648245 0.008754780517025211
0 0.108 0.698 0.062499999091345675 0.008754780517025211
1 0.2718488857348284 0.97 0.5436977714696568 0.008754780517025211
1 0.021994741061772856 0.432 0.04398948212354571 0.007295650430853129
1 0.6957368991910117 0.73 0.33147379838202323 0.007295650430853129
0 0.53 0.73 0.12499999818269135 0.007295650430853129