1 0.918 0.42000000000000726 0.164 0.027723471637247712
0 0.8359999999999995 0.42000000000000726 0.20833333030448647 0.027723471637247712
1 0.023191179743245357 0.9140000000000073 0.046382359486490714 0.027723471637247712
1 0.030557171599884896 0.8079999999999927 0.06111434319976979 0.021886951292559388
1 0.03530821044505865 0.9639999999999928 0.0706164208901173 0.016050430947871064
0 0.9515416671967151 0.378 0.09691666560656995 0.014591300861706258
1 0.7943966650306529 0.464 0.24079333006130582 0.014591300861706258
0 0.6740000000000005 0.464 0.1041666651522437 0.014591300861706258
0 0.9849166674238782 0.544 0.030166665152243696 0.014591300861706258
1 0.03885893890338002 0.3800000000000073 0.07771787780676004 0.013132170775541454
1 0.3575790232017939 0.9100000000000072 0.2791580464035878 0.013132170775541454
0 0.21799999999999956 0.9100000000000072 0.18749999727403793 0.013132170775541454
1 0.05564495023032714 0.9059999999999927 0.11128990046065428 0.011673040689362096
1 0.17928656494685402 0.188 0.35857312989370804 0.010213910603197292
1 0.1553239537675395 0.63 0.24264790753507895 0.008754780517017934
0 0.04304166628806115 0.63 0.0860833325761223 0.008754780517017934
1 0.875 0.6379999999999927 0.25 0.007295650430853129
0 0.75 0.6379999999999927 0.04166666606089711 0.007295650430853129