1 0.803 0.296 0.394 0.045233032671290856
0 0.6060000000000009 0.296 0.2499999963653845 0.045233032671290856
1 0.4460780586329474 0.4540000000000009 0.6761561172658949 0.029182601723414338
0 0.10799999999999954 0.4540000000000009 0.16666666424358936 0.029182601723414338
1 0.4958464828112965 0.3800000000000009 0.27969296562259294 0.021886951292561206
0 0.356 0.3800000000000009 0.10416666515224278 0.021886951292561206
1 0.4792354970816941 0.55 0.13847099416338823 0.01605043094787834
0 0.41 0.55 0.10416666515224278 0.01605043094787834
1 0.4743073518184001 0.058000000000000454 0.5606147036368002 0.014591300861707169
0 0.194 0.058000000000000454 0.08333333212179422 0.014591300861707169
0 0.9827500004543271 0.536 0.03449999909134567 0.014591300861706258
1 0.6230103573940705 0.65 0.14202071478814104 0.014591300861706258
0 0.552 0.65 0.10416666515224278 0.014591300861706258
1 0.3695141505177917 0.092 0.41502830103558336 0.013132170775535997
0 0.162 0.092 0.12499999818269135 0.013132170775535997
1 0.781 0.38999999999999907 0.438 0.013132170775535997
0 0.5620000000000009 0.38999999999999907 0.18749999727403882 0.013132170775535997
1 0.5296072761462647 0.6159999999999991 0.41121455229252935 0.013132170775535997
0 0.3240000000000009 0.6159999999999991 0.16666666424359028 0.013132170775535997
1 0.6654491714609158 0.33 0.4228983429218315 0.011673040689365734
0 0.4540000000000009 0.33 0.16666666424359028 0.011673040689365734
1 0.07613104426888595 0.6300000000000009 0.1522620885377719 0.010213910603195472
1 0.927 0.692000000000001 0.146 0.010213910603195472
0 0.854 0.692000000000001 0.04166666606089711 0.010213910603195472
1 0.4856968148078995 0.3619999999999991 0.279393629615799 0.008754780517023391
0 0.346 0.3619999999999991 0.12499999818269135 0.008754780517023391
1 0.09006195847764456 0.6559999999999991 0.18012391695528912 0.008754780517023391
1 0.06948253610758047 0.48600000000000093 0.13896507221516094 0.005836520344682867