1 0.933 0.026779995990968017 0.134 0.053559991981936034
0 0.8660000000000009 0.026779995990968017 0.16666666424359028 0.053559991981936034
1 0.16302840371105776 0.148 0.3260568074221155 0.05982433353300439
1 0.12158208628253032 0.224 0.24316417256506065 0.030641731809591875
1 0.852 0.5399999999999927 0.296 0.026264341551068354
0 0.704000000000001 0.5399999999999927 0.2499999963653845 0.026264341551068354
1 0.2742570039062894 0.8359999999999927 0.5485140078125788 0.026264341551068354
0 0.07133333212179468 0.8359999999999927 0.14266666424358937 0.026264341551068354
0 0.9783333339391029 0.622 0.04333333212179423 0.02480521146490355
1 0.09997587304344961 0.888 0.19995174608689922 0.02480521146490355
1 0.949 0.9891634796553189 0.102 0.021673040689362096
0 0.898 0.9891634796553189 0.062499999091345675 0.021673040689362096
1 0.4299157304864466 0.4779999999999927 0.4518314609728932 0.021886951292559388
0 0.20399999999999954 0.4779999999999927 0.2499999963653836 0.021886951292559388
1 0.6721921883931754 0.6919999999999927 0.3083843767863509 0.021886951292559388
0 0.5180000000000009 0.6919999999999927 0.22916666333493596 0.021886951292559388
1 0.16032696972527083 0.764 0.32065393945054166 0.018968691120215226
1 0.868 0.91 0.264 0.018968691120215226
0 0.736 0.91 0.08333333212179422 0.018968691120215226
1 0.5767209976802987 0.42000000000000726 0.1574419953605975 0.017509561034050422
0 0.4980000000000009 0.42000000000000726 0.16666666424359028 0.017509561034050422
1 0.4869625679514356 0.286 0.30592513590287124 0.014591300861706258
0 0.3340000000000009 0.286 0.18749999727403882 0.014591300861706258
1 0.12954760782826452 0.362 0.25909521565652904 0.014591300861706258
1 0.783173688150805 0.03800000000000728 0.15834737630160997 0.013132170775541454
0 0.704000000000001 0.03800000000000728 0.1458333312131417 0.013132170775541454
1 0.5182818513154261 0.5820000000000073 0.45256370263085227 0.013132170775541454
0 0.2920000000000009 0.5820000000000073 0.1458333312131417 0.013132170775541454
1 0.08186535238073066 0.9460000000000073 0.1437307047614613 0.013132170775541454
0 0.04145833280328543 0.9460000000000073 0.08291666560657086 0.013132170775541454
1 0.28507832796324056 0.13399999999999274 0.4421566559264811 0.011673040689362096
0 0.07366666606089711 0.13399999999999274 0.14733333212179422 0.011673040689362096
1 0.4327035746280826 0.31799999999999273 0.15340714925616522 0.011673040689362096
0 0.3560000000000009 0.31799999999999273 0.16666666424359028 0.011673040689362096
1 0.40076468710853985 0.37799999999999273 0.15352937421707974 0.011673040689362096
0 0.3240000000000009 0.37799999999999273 0.1458333312131417 0.011673040689362096
1 0.12338706339115106 0.658 0.24677412678230212 0.008754780517017934
1 0.3667416025510829 0.886 0.1494832051021658 0.008754780517017934
0 0.292 0.886 0.08333333212179422 0.008754780517017934
1 0.2294370772004768 0.7599999999999927 0.4588741544009536 0.007295650430853129