1 0.46057521235159765 0.5260000000000009 0.4731504247031953 0.029182601723414338
0 0.2239999999999991 0.5260000000000009 0.37499999454807587 0.029182601723414338
1 0.585 0.136 0.83 0.027723471637244073
0 0.1700000000000009 0.136 0.2499999963653845 0.027723471637244073
1 0.845 0.009471737823140756 0.31 0.018943475646281512
0 0.69 0.009471737823140756 0.10416666515224278 0.018943475646281512
1 0.1611353136097423 0.32399999999999907 0.3222706272194846 0.020427821206389127
1 0.14760296192893657 0.919999999999999 0.29520592385787314 0.020427821206389127
0 0.9615000009086543 0.28 0.07699999818269135 0.018968691120218865
1 0.7224440910792691 0.316 0.5008881821585383 0.018968691120218865
0 0.472 0.316 0.10416666515224278 0.018968691120218865
1 0.2529495794042423 0.3360000000000009 0.31789915880848457 0.0175095610340486
0 0.09400000000000092 0.3360000000000009 0.16666666424359028 0.0175095610340486
1 0.796 0.148 0.408 0.014591300861706258
0 0.592 0.148 0.12499999818269135 0.014591300861706258
1 0.13847266959424087 0.6239999999999991 0.15694533918848175 0.013132170775535997
0 0.07687499931851016 0.6239999999999991 0.15374999863702032 0.013132170775535997
1 0.6495881741571329 0.9899999999999991 0.6151763483142658 0.013132170775535997
0 0.3420000000000009 0.9899999999999991 0.1458333312131417 0.013132170775535997
1 0.942 0.296 0.116 0.011673040689365734
0 0.884 0.296 0.020833333030448556 0.011673040689365734
1 0.704221157168331 0.9340000000000009 0.1604423143366621 0.010213910603195472
0 0.624 0.9340000000000009 0.062499999091345675 0.010213910603195472
1 0.19986343808824858 0.9380000000000009 0.39972687617649716 0.010213910603195472