1 0.573 0.088 0.854 0.03939651232660981
0 0.16674999863702034 0.088 0.33349999727404067 0.03939651232660981
1 0.811 0.4 0.378 0.036478252154265645
0 0.622 0.4 0.2499999963653827 0.036478252154265645
1 0.833 0.42 0.334 0.036478252154265645
0 0.666 0.42 0.2499999963653827 0.036478252154265645
1 0.849 0.7500000000000018 0.302 0.020427821206390945
0 0.698 0.7500000000000018 0.16666666424358845 0.020427821206390945
1 0.974 0.7339999999999982 0.052 0.018968691120218865
0 0.9375416671967142 0.7339999999999982 0.12491666560657178 0.018968691120218865
1 0.049629412816157126 0.29999999999999816 0.09925882563231425 0.017509561034046783
1 0.22061040690509617 0.622 0.30122081381019233 0.01605043094787834
0 0.08708333257612139 0.622 0.17416666515224277 0.01605043094787834
1 0.963 0.6240000000000018 0.074 0.013132170775537815
0 0.926 0.6240000000000018 0.12499999818269135 0.013132170775537815
1 0.719 0.952 0.562 0.011673040689362096
0 0.43799999999999817 0.952 0.1458333312131399 0.011673040689362096
1 0.849 0.7059999999999982 0.302 0.010213910603193653
0 0.6979999999999982 0.7059999999999982 0.10416666515224278 0.010213910603193653
1 0.184105372506403 0.718 0.368210745012806 0.008754780517025211