1 0.53578548909021 0.446 0.20357097818041983 0.018968691120215226
0 0.4340000000000009 0.446 0.1458333312131417 0.018968691120215226
1 0.07924379324620895 0.5380000000000073 0.1584875864924179 0.013132170775541454
0 0.019874999318510164 0.5380000000000073 0.03974999863702033 0.013132170775541454
1 0.4977182412609154 0.5500000000000073 0.15143648252183084 0.013132170775541454
0 0.422 0.5500000000000073 0.10416666515224278 0.013132170775541454
1 0.7301986862783506 0.7620000000000072 0.33239737255670115 0.013132170775541454
0 0.564000000000001 0.7620000000000072 0.1458333312131417 0.013132170775541454
1 0.709204263449331 0.007999999999992725 0.16240852689866186 0.011673040689362096
0 0.628 0.007999999999992725 0.08333333212179422 0.011673040689362096
1 0.3395009281329685 0.7299999999999928 0.419001856265937 0.011673040689362096
0 0.13 0.7299999999999928 0.10416666515224278 0.011673040689362096
0 0.9617500004543271 0.494 0.07649999909134567 0.010213910603197292
1 0.7143678235618436 0.74 0.32473564712368713 0.010213910603197292
0 0.552 0.74 0.12499999818269135 0.010213910603197292
1 0.15319522817449796 0.494 0.09039045634899594 0.008754780517017934
0 0.108 0.494 0.10416666515224278 0.008754780517017934