1 0.2288949864110491 0.13800000000000182 0.28978997282209823 0.020427821206390945
0 0.084 0.13800000000000182 0.12499999818269135 0.020427821206390945
1 0.16918141052589453 0.926 0.2583628210517891 0.014591300861706258
0 0.04 0.926 0.04166666606089711 0.014591300861706258
1 0.5058016739618788 0.03600000000000182 0.3036033479237576 0.013132170775537815
0 0.3540000000000009 0.03600000000000182 0.1458333312131417 0.013132170775537815
1 0.943 0.1320000000000018 0.114 0.011673040689365734
0 0.886 0.1320000000000018 0.12499999818269135 0.011673040689365734
1 0.06501411026330971 0.7120000000000019 0.13002822052661941 0.011673040689365734
1 0.807 0.7180000000000019 0.386 0.011673040689365734
0 0.614 0.7180000000000019 0.10416666515224278 0.011673040689365734