1 0.369436373973977 0.8659999999999963 0.738872747947954 0.027723471637240437
1 0.08543011976298294 0.35400000000000365 0.17086023952596588 0.02626434155107563
1 0.08586805659818038 0.7499999999999963 0.17173611319636076 0.020427821206387305
1 0.934 0.9880000000000037 0.132 0.0189686911202225
0 0.8680000000000004 0.9880000000000037 0.08333333212179514 0.0189686911202225
1 0.631 0.356 0.738 0.017509561034050422
0 0.26200000000000045 0.356 0.14583333121314082 0.017509561034050422
1 0.10767146838692315 0.384 0.2153429367738463 0.017509561034050422
1 0.972 0.746 0.056 0.014591300861706258
0 0.9303333339391024 0.746 0.13933333212179513 0.014591300861706258
1 0.84305644946444 0.304 0.27411289892887997 0.010213910603197292
0 0.7060000000000004 0.304 0.12499999818269225 0.010213910603197292
1 0.7588632548234118 0.614 0.25772650964682364 0.010213910603197292
0 0.6300000000000004 0.614 0.08333333212179514 0.010213910603197292
1 0.21396244576250592 0.8839999999999963 0.42792489152501184 0.005836520344681048
0 0.9723750002271636 0.792 0.055249999545672834 0.004377390258508967