1 0.671832467129383 0.854 0.45166493425876614 0.035019122068100844
0 0.4460000000000009 0.854 0.18749999727403882 0.035019122068100844
1 0.8028667492744443 0.926 0.34573349854888874 0.030641731809591875
0 0.63 0.926 0.2499999963653827 0.030641731809591875
1 0.864 0.938 0.272 0.030641731809591875
0 0.728 0.938 0.2499999963653827 0.030641731809591875
1 0.891 0.602 0.218 0.023346081378724192
0 0.782 0.602 0.08333333212179422 0.023346081378724192
1 0.16406366290890492 0.7959999999999927 0.10812732581780983 0.021886951292559388
0 0.11 0.7959999999999927 0.04166666606089711 0.021886951292559388
1 0.3471445780494469 0.8819999999999927 0.6942891560988937 0.021886951292559388
0 0.0370833325761223 0.8819999999999927 0.0741666651522446 0.021886951292559388
1 0.4912957253533841 0.906 0.43459145070676825 0.020427821206394584
0 0.2740000000000018 0.906 0.2916666624262834 0.020427821206394584
1 0.902 0.6260000000000073 0.196 0.017509561034050422
0 0.804 0.6260000000000073 0.08333333212179422 0.017509561034050422
1 0.08327698888136183 0.834 0.16655397776272365 0.014591300861706258
0 0.010249999545672836 0.834 0.020499999091345672 0.014591300861706258