1 0.07896152483358537 0.43999999999999273 0.15792304966717075 0.0612834636191692
1 0.6229610211755358 0.9901382641813762 0.41792204235107144 0.019723471637247712
0 0.414 0.9901382641813762 0.27083332939583304 0.019723471637247712
1 0.853 0.8040000000000073 0.294 0.04231477249895397
0 0.7059999999999995 0.8040000000000073 0.43749999363942244 0.04231477249895397
1 0.35409847988193316 0.37400000000000727 0.7081969597638663 0.03210086189575668
1 0.978 0.782 0.044 0.029182601723412516
0 0.920708334166266 0.782 0.15858333166746796 0.029182601723412516
1 0.636 0.488 0.728 0.02480521146490355
0 0.27200000000000046 0.488 0.14583333121314082 0.02480521146490355
1 0.8231421770868351 0.734 0.2782843541736702 0.023346081378724192
0 0.6839999999999995 0.734 0.18749999727403793 0.023346081378724192
1 0.674 0.792 0.652 0.023346081378724192
0 0.3480000000000005 0.792 0.14583333121314082 0.023346081378724192
1 0.512 0.96 0.976 0.023346081378724192
0 0.053666666060897115 0.96 0.10733333212179423 0.023346081378724192
1 0.967 0.7019999999999927 0.066 0.021886951292559388
0 0.9253333339391024 0.7019999999999927 0.14933333212179514 0.021886951292559388
0 0.868 0.9819999999999928 0.2499999963653845 0.021886951292559388
0 0.963708334166266 0.952 0.07258333166746797 0.020427821206394584
1 0.14067943383027567 0.392 0.12535886766055138 0.018968691120215226
0 0.09108333257612139 0.392 0.18216666515224278 0.018968691120215226
1 0.05732744597600913 0.898 0.11465489195201826 0.018968691120215226
1 0.08162635051409871 0.7760000000000072 0.16325270102819742 0.017509561034050422
1 0.967 0.4939999999999927 0.066 0.016050430947871064
0 0.9201250006814903 0.4939999999999927 0.1597499986370194 0.016050430947871064
1 0.4124112052013406 0.44799999999999274 0.2568224104026813 0.011673040689362096
0 0.2840000000000005 0.44799999999999274 0.14583333121314082 0.011673040689362096
1 0.756411359397876 0.6299999999999927 0.4048227187957518 0.011673040689362096
0 0.5540000000000005 0.6299999999999927 0.14583333121314082 0.011673040689362096
1 0.5264754335389948 0.7519999999999927 0.26895086707798965 0.011673040689362096
0 0.39200000000000046 0.7519999999999927 0.08333333212179514 0.011673040689362096
1 0.896 0.368 0.208 0.010213910603197292
0 0.7920000000000005 0.368 0.08333333212179514 0.010213910603197292
1 0.7982573748222085 0.602 0.27251474964441696 0.010213910603197292
0 0.6620000000000005 0.602 0.08333333212179514 0.010213910603197292
1 0.766 0.3739999999999927 0.468 0.007295650430853129
0 0.532 0.3739999999999927 0.062499999091345675 0.007295650430853129
1 0.48105993825568705 0.8939999999999927 0.26611987651137403 0.007295650430853129
0 0.348 0.8939999999999927 0.062499999091345675 0.007295650430853129