1 0.925 0.6779999999999964 0.15 0.027723471637240437
0 0.8499999999999995 0.6779999999999964 0.18749999727403793 0.027723471637240437
1 0.5364760617376659 0.428 0.456952123475332 0.02480521146490355
0 0.30799999999999955 0.428 0.20833333030448647 0.02480521146490355
1 0.946 0.7280000000000036 0.108 0.023346081378731467
0 0.8920000000000005 0.7280000000000036 0.08333333212179514 0.023346081378731467
1 0.952 0.23000000000000365 0.096 0.0189686911202225
0 0.9039999999999996 0.23000000000000365 0.16666666424358936 0.0189686911202225
1 0.898 0.51 0.204 0.017509561034050422
0 0.7959999999999996 0.51 0.16666666424358936 0.017509561034050422
1 0.676351258357116 0.19400000000000364 0.24070251671423193 0.01605043094787834
0 0.5560000000000005 0.19400000000000364 0.14583333121314082 0.01605043094787834
1 0.7878100974032327 0.2600000000000036 0.2436201948064654 0.01605043094787834
0 0.6659999999999996 0.2600000000000036 0.16666666424358936 0.01605043094787834
1 0.047112644322681266 0.6700000000000036 0.09422528864536253 0.01605043094787834
1 0.7889081682870992 0.01 0.24581633657419844 0.014591300861706258
0 0.6660000000000005 0.01 0.08333333212179514 0.014591300861706258
1 0.10860298417152399 0.05 0.21720596834304798 0.014591300861706258
0 0.02304166628806115 0.05 0.0460833325761223 0.014591300861706258
1 0.881 0.078 0.238 0.014591300861706258
0 0.7620000000000005 0.078 0.14583333121314082 0.014591300861706258
0 0.969541667196715 0.366 0.06091666560656995 0.014591300861706258
1 0.816 0.62 0.368 0.014591300861706258
0 0.6319999999999996 0.62 0.16666666424358936 0.014591300861706258
1 0.7246626195920339 0.2919999999999964 0.3573252391840679 0.013132170775534177
0 0.5460000000000005 0.2919999999999964 0.12499999818269225 0.013132170775534177