1 0.318119509045604 0.23200000000000182 0.464239018091208 0.027723471637244073
0 0.11070833234895781 0.23200000000000182 0.22141666469791563 0.027723471637244073
1 0.34308659051679025 0.5180000000000018 0.6861731810335805 0.027723471637244073
1 0.1433629131833295 0.758 0.286725826366659 0.014591300861706258
1 0.917 0.8339999999999982 0.166 0.010213910603193653
0 0.834000000000001 0.8339999999999982 0.16666666424359028 0.010213910603193653
0 0.9669583337119393 0.342 0.0660833325761214 0.008754780517025211
1 0.4664109330718011 0.1 0.15682186614360216 0.005836520344681048
0 0.388 0.1 0.062499999091345675 0.005836520344681048
1 0.5247868202264381 0.25 0.16157364045287614 0.005836520344681048
0 0.444 0.25 0.08333333212179422 0.005836520344681048
1 0.927 0.31399999999999817 0.146 0.002918260172340524