1 0.15405202863200065 0.268 0.3081040572640013 0.030641731809591875
1 0.7975852560569874 0.418 0.3551705121139748 0.029182601723412516
0 0.6200000000000018 0.418 0.4166666606089748 0.029182601723412516
1 0.339100405542129 0.484 0.5022008110842581 0.029182601723412516
0 0.13774999863702034 0.484 0.2754999972740407 0.029182601723412516
1 0.6997579525863566 0.79 0.5275159051727133 0.020427821206394584
0 0.43600000000000183 0.79 0.2916666624262834 0.020427821206394584
1 0.5332043000509984 0.504 0.6744086001019969 0.018968691120215226
0 0.196 0.504 0.2499999963653827 0.018968691120215226
1 0.11606787246227032 0.522 0.23213574492454064 0.018968691120215226
1 0.03516952353067427 0.724 0.07033904706134854 0.018968691120215226
0 0.014499999091345672 0.724 0.028999998182691344 0.018968691120215226
1 0.13051067224030158 0.37 0.26102134448060316 0.014591300861706258
1 0.1646150844250933 0.456 0.3292301688501866 0.014591300861706258
1 0.3753788392130136 0.762 0.5107576784260273 0.014591300861706258
0 0.11999999999999818 0.762 0.18749999727403702 0.014591300861706258
1 0.12579682116295954 0.16399999999999273 0.15959364232591905 0.011673040689362096
0 0.04599999999999818 0.16399999999999273 0.062499999091345675 0.011673040689362096
1 0.17282516454763755 0.7319999999999928 0.16965032909527508 0.011673040689362096
0 0.088 0.7319999999999928 0.12499999818269135 0.011673040689362096
1 0.17245156782199592 0.712 0.16890313564399184 0.010213910603197292
0 0.08799999999999818 0.712 0.10416666515224278 0.010213910603197292
1 0.5996728292523367 0.756 0.35134565850467336 0.010213910603197292
0 0.42399999999999816 0.756 0.10416666515224278 0.010213910603197292