1 0.2735596997086941 0.97 0.4711193994173882 0.05398781318831607
0 0.06587499931851017 0.97 0.13174999863702033 0.05398781318831607
1 0.936 0.21600000000000727 0.128 0.03210086189575668
0 0.8720000000000009 0.21600000000000727 0.2083333303044874 0.03210086189575668
1 0.647283567098907 0.922 0.2665671341978141 0.030641731809591875
0 0.5140000000000009 0.922 0.16666666424359028 0.030641731809591875
1 0.692 0.0022956504308531294 0.616 0.004591300861706259
0 0.38399999999999906 0.0022956504308531294 0.35416666151762727 0.004591300861706259
1 0.12522375472059502 0.042 0.25044750944119004 0.029182601723412516
1 0.4697731225698399 0.674 0.6915462451396798 0.02480521146490355
0 0.124 0.674 0.12499999818269135 0.02480521146490355
1 0.844 0.146 0.312 0.020427821206394584
0 0.6880000000000009 0.146 0.1458333312131417 0.020427821206394584
1 0.806 0.718 0.388 0.020427821206394584
0 0.6120000000000009 0.718 0.2499999963653845 0.020427821206394584
1 0.876 0.18200000000000727 0.248 0.017509561034050422
0 0.7520000000000009 0.18200000000000727 0.16666666424359028 0.017509561034050422
1 0.925 0.5200000000000072 0.15 0.017509561034050422
0 0.8500000000000009 0.5200000000000072 0.16666666424359028 0.017509561034050422
1 0.22796197889505584 0.8480000000000073 0.4559239577901117 0.017509561034050422
0 0.986541667196715 0.934 0.02691666560656995 0.014591300861706258
1 0.03613752184982786 0.308 0.07227504369965572 0.010213910603197292
1 0.947 0.74 0.106 0.008754780517017934
0 0.894 0.74 0.10416666515224278 0.008754780517017934
1 0.855 0.772 0.29 0.008754780517017934
0 0.71 0.772 0.12499999818269135 0.008754780517017934
1 0.40993881015714306 0.856 0.3558776203142861 0.008754780517017934
0 0.232 0.856 0.08333333212179422 0.008754780517017934
1 0.8325774640335903 0.974 0.26915492806718067 0.008754780517017934
0 0.698 0.974 0.062499999091345675 0.008754780517017934
1 0.01961492862693194 0.986 0.03922985725386388 0.008754780517017934
1 0.20395611450576326 0.7159999999999928 0.2879122290115265 0.007295650430853129
0 0.06 0.7159999999999928 0.10416666515224278 0.007295650430853129