1 0.677222309114295 0.118 0.5584446182285902 0.046692162757462935
0 0.398 0.118 0.2499999963653827 0.046692162757462935
1 0.2886157548690062 0.814 0.1292315097380124 0.046692162757462935
0 0.224 0.814 0.08333333212179422 0.046692162757462935
1 0.6465752635922855 0.094 0.5611505271845708 0.0350191220680972
0 0.36599999999999816 0.094 0.1458333312131399 0.0350191220680972
1 0.7076599581794945 0.9897043495691469 0.5313199163589889 0.02059130086170626
0 0.44199999999999817 0.9897043495691469 0.062499999091345675 0.02059130086170626
1 0.937 0.04000000000000091 0.126 0.021886951292561206
0 0.8692916676510413 0.04000000000000091 0.26141666469791747 0.021886951292561206
1 0.6385972219764772 0.2080000000000009 0.2851944439529543 0.021886951292561206
0 0.49599999999999816 0.2080000000000009 0.18749999727403702 0.021886951292561206
1 0.97 0.545999999999999 0.06 0.020427821206389127
0 0.89708333439343 0.545999999999999 0.2058333312131399 0.020427821206389127
1 0.948 0.8319999999999991 0.104 0.020427821206389127
0 0.8959166674238787 0.8319999999999991 0.20816666515224277 0.020427821206389127
1 0.899 0.8720000000000009 0.202 0.0175095610340486
0 0.7979999999999982 0.8720000000000009 0.27083332939583127 0.0175095610340486
1 0.45447745802743156 0.914 0.26495491605486315 0.01605043094787834
0 0.322 0.914 0.20833333030448556 0.01605043094787834
1 0.6984462489389444 0.17999999999999908 0.14489249787788866 0.013132170775535997
0 0.6259999999999982 0.17999999999999908 0.062499999091345675 0.013132170775535997
1 0.38179420918082907 0.426 0.2715884183616581 0.011673040689365734
0 0.2459999999999982 0.426 0.10416666515224278 0.011673040689365734
1 0.31539023648048353 0.3080000000000009 0.13878047296096702 0.010213910603195472
0 0.246 0.3080000000000009 0.12499999818269135 0.010213910603195472
1 0.867 0.9860000000000009 0.266 0.010213910603195472
0 0.7339999999999982 0.9860000000000009 0.1458333312131399 0.010213910603195472
1 0.35597136742760993 0.764 0.2639427348552199 0.0043773902585126055