1 0.5566740964104547 0.844 0.3253481928209094 0.02480521146490355
0 0.3939999999999996 0.844 0.18749999727403793 0.02480521146490355
1 0.6700335719874825 0.5840000000000036 0.2280671439749649 0.0189686911202225
0 0.556 0.5840000000000036 0.22916666333493596 0.0189686911202225
1 0.525207049102381 0.6500000000000037 0.326414098204762 0.0189686911202225
0 0.36199999999999954 0.6500000000000037 0.20833333030448647 0.0189686911202225
1 0.017161227417742793 0.47 0.034322454835485586 0.010213910603197292
1 0.556643978228024 0.8 0.3252879564560481 0.010213910603197292
0 0.39400000000000046 0.8 0.1041666651522437 0.010213910603197292
1 0.4213166233729389 0.968 0.31463324674587784 0.007295650430853129
0 0.26400000000000046 0.968 0.1041666651522437 0.007295650430853129