1 0.18227437725248 0.7 0.36454875450496 0.045233032671298135
1 0.774 0.39599999999999275 0.452 0.021886951292559388
0 0.5480000000000009 0.39599999999999275 0.29166666242628164 0.021886951292559388
1 0.28902486729468185 0.3900000000000073 0.32604973458936365 0.017509561034050422
0 0.126 0.3900000000000073 0.12499999818269135 0.017509561034050422
1 0.5537104938053935 0.46399999999999275 0.33542098761078704 0.016050430947871064
0 0.3860000000000009 0.46399999999999275 0.1458333312131417 0.016050430947871064
1 0.942 0.49999999999999273 0.116 0.016050430947871064
0 0.884 0.49999999999999273 0.12499999818269135 0.016050430947871064
1 0.628 0.758 0.744 0.014591300861706258
0 0.2560000000000009 0.758 0.16666666424359028 0.014591300861706258
1 0.04547914675393167 0.79 0.09095829350786334 0.014591300861706258
1 0.40059050462409684 0.5739999999999927 0.8011810092481937 0.011673040689362096
1 0.29732627743580087 0.442 0.5946525548716017 0.010213910603197292
0 0.007249999545672836 0.442 0.014499999091345672 0.010213910603197292
1 0.04136580534732639 0.492 0.08273161069465278 0.010213910603197292
1 0.2523264526500425 0.16 0.504652905300085 0.008754780517017934
1 0.44215046783631806 0.306 0.8843009356726361 0.008754780517017934