1 0.1894926820529654 0.128 0.3789853641059308 0.05982433353300439
1 0.17780178918692036 0.548 0.17560357837384072 0.04815129284362774
0 0.0970833325761223 0.548 0.1941666651522446 0.04815129284362774
1 0.144203578353392 0.954 0.288407156706784 0.030641731809591875
0 0.04712499886418209 0.954 0.09424999772836418 0.030641731809591875
1 0.16408367385966086 0.33199999999999275 0.3281673477193217 0.026264341551068354
1 0.07476998963257757 0.7619999999999927 0.14953997926515514 0.026264341551068354
1 0.16929422305512706 0.464 0.3385884461102541 0.020427821206394584
1 0.07588791195917656 0.8640000000000073 0.15177582391835312 0.017509561034050422
1 0.14946252705145252 0.07799999999999273 0.29892505410290504 0.016050430947871064
1 0.025016553669802308 0.5339999999999927 0.050033107339604616 0.016050430947871064