1 0.34355388437302825 0.814 0.5911077687460565 0.029182601723412516
0 0.05004166628805979 0.814 0.10008333257611958 0.029182601723412516
1 0.02110978332735067 0.6499999999999927 0.04221956665470134 0.026264341551068354
1 0.931 0.7819999999999927 0.138 0.021886951292559388
0 0.852875001135817 0.7819999999999927 0.294249997728366 0.021886951292559388
1 0.5884151459555196 0.7940000000000073 0.6048302919110392 0.017509561034050422
0 0.2859999999999982 0.7940000000000073 0.18749999727403702 0.017509561034050422
1 0.20143895756246458 0.9279999999999927 0.40287791512492915 0.016050430947871064
1 0.4411584565878566 0.9929873922630286 0.31031691317571314 0.014025215473942807
0 0.286 0.9929873922630286 0.16666666424358845 0.014025215473942807
1 0.7065217552512022 0.8620000000000073 0.4730435105024044 0.013132170775541454
0 0.47 0.8620000000000073 0.08333333212179422 0.013132170775541454
1 0.35901536195828887 0.87 0.6020307239165777 0.010213910603197292
0 0.06024999954567284 0.87 0.12049999909134568 0.010213910603197292