1 0.6434413070426089 0.624 0.2828826140852179 0.020427821206394584
0 0.5020000000000009 0.624 0.18749999727403882 0.020427821206394584
1 0.1638252228556712 0.016000000000007276 0.1476504457113424 0.013132170775541454
0 0.09 0.016000000000007276 0.10416666515224278 0.013132170775541454
1 0.22896275884062925 0.4000000000000073 0.1499255176812585 0.013132170775541454
0 0.154 0.4000000000000073 0.10416666515224278 0.013132170775541454
0 0.9903333339391028 0.11599999999999272 0.01933333212179423 0.011673040689362096
1 0.5514797284306396 0.3059999999999927 0.14295945686127925 0.011673040689362096
0 0.48 0.3059999999999927 0.12499999818269135 0.011673040689362096
1 0.8891088276198097 0.8719999999999927 0.1262176552396195 0.011673040689362096
0 0.826000000000001 0.8719999999999927 0.16666666424359028 0.011673040689362096
1 0.49685542531324156 0.042 0.1417108506264831 0.010213910603197292
0 0.426 0.042 0.10416666515224278 0.010213910603197292
1 0.481737599662265 0.652 0.13547519932452998 0.010213910603197292
0 0.414 0.652 0.08333333212179422 0.010213910603197292
1 0.7821217983692768 0.408 0.04024359673855361 0.008754780517017934
0 0.7620000000000009 0.408 0.1458333312131417 0.008754780517017934