1 0.1825113986059332 0.47600000000000725 0.3650227972118664 0.04231477249895397
1 0.10240115020816756 0.66 0.20480230041633513 0.033559991981921486
1 0.5991898656043749 0.432 0.61037973120875 0.030641731809591875
0 0.2940000000000004 0.432 0.12499999818269225 0.030641731809591875
1 0.788 0.9139999999999927 0.424 0.026264341551068354
0 0.5760000000000004 0.9139999999999927 0.08333333212179514 0.026264341551068354
1 0.848 0.258 0.304 0.02480521146490355
0 0.696 0.258 0.22916666333493596 0.02480521146490355
1 0.5713656113462825 0.192 0.4907312226925651 0.023346081378724192
0 0.32600000000000046 0.192 0.12499999818269225 0.023346081378724192
1 0.5 0.048 1.0 0.020427821206394584
1 0.27854783949566536 0.166 0.3610956789913307 0.020427821206394584
0 0.09800000000000045 0.166 0.14583333121314082 0.020427821206394584
1 0.7780165426403928 0.364 0.2520330852807856 0.020427821206394584
0 0.6520000000000005 0.364 0.12499999818269225 0.020427821206394584
1 0.8082228625669163 0.718 0.3764457251338326 0.020427821206394584
0 0.6200000000000004 0.718 0.1041666651522437 0.020427821206394584
1 0.48694020684112455 0.136 0.12588041368224911 0.018968691120215226
0 0.42400000000000043 0.136 0.14583333121314082 0.018968691120215226
1 0.5478064948114725 0.78 0.24761298962294495 0.018968691120215226
0 0.42400000000000043 0.78 0.14583333121314082 0.018968691120215226
1 0.07358777337535775 0.022000000000007278 0.1471755467507155 0.017509561034050422
1 0.902 0.49000000000000726 0.196 0.017509561034050422
0 0.8040000000000005 0.49000000000000726 0.12499999818269225 0.017509561034050422
1 0.869 0.7960000000000073 0.262 0.017509561034050422
0 0.7380000000000004 0.7960000000000073 0.14583333121314082 0.017509561034050422
1 0.8126060493885552 0.8320000000000073 0.25721209877711043 0.017509561034050422
0 0.6840000000000005 0.8320000000000073 0.1041666651522437 0.017509561034050422
1 0.22705905925856495 0.58 0.4541181185171299 0.014591300861706258
0 0.03145833280328543 0.58 0.06291666560657086 0.014591300861706258
1 0.913 0.5620000000000073 0.174 0.013132170775541454
0 0.8260000000000004 0.5620000000000073 0.08333333212179514 0.013132170775541454
1 0.5 0.06399999999999273 1.0 0.011673040689362096
0 0.02624999954567329 0.06399999999999273 0.05249999909134658 0.011673040689362096
1 0.33639193335649226 0.2879999999999927 0.2367838667129845 0.011673040689362096
0 0.21800000000000044 0.2879999999999927 0.1041666651522437 0.011673040689362096
1 0.13347369843123125 0.9419999999999927 0.24294739686246247 0.011673040689362096
0 0.01641666651522428 0.9419999999999927 0.03283333303044856 0.011673040689362096
1 0.0751641489605845 0.198 0.150328297921169 0.010213910603197292
1 0.6634709888227881 0.222 0.3709419776455761 0.010213910603197292
0 0.4780000000000005 0.222 0.12499999818269225 0.010213910603197292
1 0.8590349995873416 0.138 0.26206999917468327 0.008754780517017934
1 0.22731898463832795 0.1 0.4546379692766559 0.005836520344688324