1 0.5237721224737493 0.6839999999999982 0.21154424494749854 0.040855642412778254
0 0.418 0.6839999999999982 0.22916666333493596 0.040855642412778254
1 0.791 0.772 0.418 0.021886951292559388
0 0.5819999999999995 0.772 0.16666666424358936 0.021886951292559388
1 0.764 0.5600000000000018 0.472 0.020427821206390945
0 0.5280000000000005 0.5600000000000018 0.14583333121314082 0.020427821206390945
1 0.17527990412681357 0.48799999999999816 0.2945598082536271 0.017509561034046783
0 0.04004166628806115 0.48799999999999816 0.0800833325761223 0.017509561034046783
1 0.42958858312898973 0.934 0.5871771662579794 0.01605043094787834
0 0.13599999999999954 0.934 0.18749999727403793 0.01605043094787834
1 0.3364790824300453 0.62 0.4009581648600906 0.014591300861706258
0 0.13599999999999954 0.62 0.16666666424358936 0.014591300861706258
1 0.23529434649636005 0.762 0.1985886929927201 0.014591300861706258
0 0.136 0.762 0.062499999091345675 0.014591300861706258
1 0.719634108827273 0.10199999999999909 0.3432682176545459 0.013132170775535997
0 0.5479999999999996 0.10199999999999909 0.18749999727403793 0.013132170775535997
1 0.883 0.1960000000000009 0.234 0.010213910603195472
0 0.7660000000000005 0.1960000000000009 0.1041666651522437 0.010213910603195472
1 0.6445205771634142 0.796 0.2130411543268283 0.007295650430853129
0 0.5380000000000005 0.796 0.08333333212179514 0.007295650430853129
1 0.024310261132577126 0.612 0.04862052226515425 0.005836520344681048