1 0.053250177386818906 0.716 0.10650035477363781 0.033559991981921486
1 0.838 0.384 0.324 0.029182601723412516
0 0.6759999999999982 0.384 0.22916666333493413 0.029182601723412516
1 0.23231792639831475 0.3659999999999927 0.2606358527966295 0.026264341551068354
0 0.102 0.3659999999999927 0.16666666424358845 0.026264341551068354
1 0.703 0.2299999999999927 0.594 0.021886951292559388
0 0.406 0.2299999999999927 0.20833333030448556 0.021886951292559388
1 0.3555812958727274 0.348 0.7111625917454548 0.020427821206394584
1 0.4515993481388832 0.756 0.39519869627776644 0.020427821206394584
0 0.254 0.756 0.16666666424358845 0.020427821206394584
1 0.08693249903482501 0.588 0.17386499806965003 0.014591300861706258
1 0.811 0.708 0.378 0.014591300861706258
0 0.622 0.708 0.08333333212179422 0.014591300861706258
1 0.4521054127660118 0.718 0.5042108255320236 0.014591300861706258
0 0.2 0.718 0.16666666424358845 0.014591300861706258
1 0.8463759701887775 0.2780000000000073 0.144751940377555 0.013132170775541454
0 0.7739999999999981 0.2780000000000073 0.020833333030448556 0.013132170775541454
1 0.5111670254685523 0.33399999999999275 0.4063340509371046 0.011673040689362096
0 0.308 0.33399999999999275 0.12499999818269135 0.011673040689362096
1 0.6484877521264861 0.4699999999999927 0.26897550425297234 0.011673040689362096
0 0.514 0.4699999999999927 0.12499999818269135 0.011673040689362096
1 0.947 0.8299999999999927 0.106 0.011673040689362096
0 0.8939999999999981 0.8299999999999927 0.1458333312131399 0.011673040689362096
1 0.1588458662402736 0.28 0.13369173248054722 0.010213910603197292
0 0.09199999999999818 0.28 0.1458333312131399 0.010213910603197292