1 0.605 0.3119999999999991 0.79 0.03939651232660799
0 0.2099999999999991 0.3119999999999991 0.37499999454807587 0.03939651232660799
1 0.5287005943063304 0.954000000000001 0.4414011886126609 0.03647825215426746
0 0.3080000000000009 0.954000000000001 0.18749999727403882 0.03647825215426746
1 0.10995574109534209 0.836 0.21991148219068418 0.023346081378731467
0 0.027666666060898022 0.836 0.055333332121796044 0.023346081378731467
1 0.904 0.1460000000000009 0.192 0.021886951292561206
0 0.808 0.1460000000000009 0.020833333030448556 0.021886951292561206
1 0.36415844324037244 0.3699999999999991 0.17631688648074487 0.020427821206389127
0 0.276 0.3699999999999991 0.062499999091345675 0.020427821206389127
1 0.687680304525542 0.9679999999999991 0.4553606090510839 0.020427821206389127
0 0.4600000000000009 0.9679999999999991 0.2083333303044874 0.020427821206389127
1 0.03739635538101174 0.036 0.07479271076202348 0.01605043094787834
1 0.16396242752162016 0.618 0.3279248550432403 0.01605043094787834
1 0.4273002167584136 0.118 0.43460043351682726 0.014591300861706258
0 0.21 0.118 0.10416666515224278 0.014591300861706258
1 0.876 0.11799999999999909 0.248 0.013132170775535997
0 0.752 0.11799999999999909 0.020833333030448556 0.013132170775535997
1 0.03837014413409907 0.7539999999999991 0.07674028826819813 0.013132170775535997
1 0.898 0.795999999999999 0.204 0.013132170775535997
0 0.7960000000000009 0.795999999999999 0.16666666424359028 0.013132170775535997
1 0.7776125307543734 0.174 0.37522506150874685 0.011673040689365734
0 0.59 0.174 0.10416666515224278 0.011673040689365734
1 0.3637129802020572 0.1500000000000009 0.17542596040411446 0.010213910603195472
0 0.276 0.1500000000000009 0.08333333212179422 0.010213910603195472
1 0.3208798656006702 0.7479999999999991 0.0897597312013404 0.008754780517023391
0 0.276 0.7479999999999991 0.062499999091345675 0.008754780517023391
1 0.904 0.07 0.192 0.007295650430853129
0 0.808 0.07 0.08333333212179422 0.007295650430853129