1 0.21496300313274058 0.8059999999999927 0.1299260062654812 0.036478252154265645
0 0.15 0.8059999999999927 0.04166666606089711 0.036478252154265645
1 0.45874533451309524 0.268 0.7694906690261906 0.033559991981921486
0 0.1411666651522437 0.268 0.2823333303044874 0.033559991981921486
1 0.10900914454264876 0.2360000000000073 0.21801828908529752 0.03210086189575668
1 0.19185174567660943 0.728 0.38370349135321885 0.030641731809591875
1 0.7716156989016426 0.08999999999999272 0.3312313978032853 0.016050430947871064
0 0.6060000000000009 0.08999999999999272 0.22916666333493596 0.016050430947871064
1 0.06098088169766243 0.39199999999999274 0.12196176339532486 0.016050430947871064
0 0.9403333339391029 0.616 0.11933333212179423 0.014591300861706258
1 0.07977937845791121 0.3820000000000073 0.15955875691582241 0.013132170775541454
1 0.34804509574007353 0.7800000000000072 0.396090191480147 0.013132170775541454
0 0.15000000000000047 0.7800000000000072 0.08333333212179514 0.013132170775541454
1 0.034059703364581764 0.3499999999999927 0.06811940672916353 0.011673040689362096
1 0.44507774509316095 0.9679999999999928 0.2661554901863219 0.011673040689362096
0 0.312 0.9679999999999928 0.10416666515224278 0.011673040689362096
1 0.862 0.164 0.276 0.010213910603197292
0 0.7240000000000009 0.164 0.1458333312131417 0.010213910603197292
1 0.938 0.328 0.124 0.010213910603197292
0 0.876 0.328 0.020833333030448556 0.010213910603197292
1 0.1311571623257223 0.4159999999999927 0.2623143246514446 0.007295650430853129
0 0.01404166628806115 0.4159999999999927 0.0280833325761223 0.007295650430853129
1 0.09129321158366384 0.05 0.18258642316732768 0.005836520344688324