1 0.943 0.878 0.114 0.0306417318095846
0 0.8859999999999982 0.878 0.18749999727403702 0.0306417318095846
1 0.39395601095896926 0.26 0.42791202191793853 0.029182601723414338
0 0.18 0.26 0.16666666424358845 0.029182601723414338
1 0.959 0.9079999999999996 0.082 0.021886951292560297
0 0.918 0.9079999999999996 0.04166666606089711 0.021886951292560297
0 0.9339166674238786 0.14600000000000046 0.1321666651522428 0.020427821206390036
1 0.30446434609122663 0.7460000000000004 0.5289286921824532 0.020427821206390036
0 0.06687499931850835 0.7460000000000004 0.1337499986370167 0.020427821206390036
1 0.894 0.37199999999999955 0.212 0.01605043094787743
0 0.7879999999999981 0.37199999999999955 0.10416666515224278 0.01605043094787743
1 0.834 0.058000000000000454 0.332 0.014591300861707169
0 0.6679999999999982 0.058000000000000454 0.10416666515224278 0.014591300861707169
1 0.5271000908285769 0.6660000000000005 0.2822001816571537 0.014591300861707169
0 0.386 0.6660000000000005 0.12499999818269135 0.014591300861707169
1 0.04916599451076217 0.032 0.09833198902152435 0.013132170775535997
1 0.24880413081102778 0.702 0.2656082616220556 0.011673040689365734
0 0.116 0.702 0.08333333212179422 0.011673040689365734
1 0.039463937831578734 0.5940000000000004 0.07892787566315747 0.0087547805170243
1 0.8625329285922617 0.638 0.14906585718452334 0.007295650430853129
0 0.7879999999999981 0.638 0.062499999091345675 0.007295650430853129
1 0.8621750234430492 0.662 0.14835004688609843 0.005836520344682867
0 0.7879999999999981 0.662 0.062499999091345675 0.005836520344682867
1 0.5463569562886678 0.5539999999999995 0.14471391257733557 0.004377390258511696
0 0.4739999999999982 0.5539999999999995 0.062499999091345675 0.004377390258511696