1 0.7979303897153299 0.5320000000000037 0.33986077943065995 0.055446943274488146
0 0.628 0.5320000000000037 0.020833333030448556 0.055446943274488146
1 0.26538777693937254 0.08399999999999636 0.38277555387874507 0.027723471637240437
0 0.08908333257612185 0.08399999999999636 0.1781666651522437 0.027723471637240437
1 0.971 0.7299999999999963 0.058 0.020427821206387305
0 0.9241250006814903 0.7299999999999963 0.1517499986370194 0.020427821206387305
1 0.060714274737248615 0.7799999999999964 0.12142854947449723 0.020427821206387305
1 0.629687070708404 0.8459999999999963 0.415374141416808 0.020427821206387305
0 0.422 0.8459999999999963 0.062499999091345675 0.020427821206387305
1 0.28072710514552957 0.8659999999999963 0.5214542102910591 0.020427821206387305
0 0.0464583328032852 0.8659999999999963 0.0929166656065704 0.020427821206387305
1 0.982 0.758 0.036 0.017509561034050422
0 0.9507500004543271 0.758 0.09849999909134567 0.017509561034050422
1 0.803 0.278 0.394 0.014591300861706258
0 0.6060000000000004 0.278 0.14583333121314082 0.014591300861706258
1 0.575126643207956 0.292 0.414253286415912 0.014591300861706258
0 0.36799999999999955 0.292 0.18749999727403793 0.014591300861706258
1 0.24169580528950702 0.628 0.22739161057901403 0.011673040689362096
0 0.12799999999999978 0.628 0.1249999981826918 0.011673040689362096
0 0.9420000000000005 0.9970817398276595 0.08333333212179514 0.005836520344681048
1 0.6729434756148471 0.098 0.2658869512296942 0.010213910603197292
0 0.54 0.098 0.062499999091345675 0.010213910603197292
1 0.9 0.434 0.2 0.010213910603197292
0 0.8000000000000005 0.434 0.1041666651522437 0.010213910603197292
1 0.3969000144649358 0.7 0.3858000289298716 0.010213910603197292
0 0.20400000000000046 0.7 0.14583333121314082 0.010213910603197292
1 0.03146249882407574 0.5040000000000037 0.06292499764815147 0.008754780517025211
1 0.96 0.8320000000000036 0.08 0.008754780517025211
0 0.9200000000000005 0.8320000000000036 0.08333333212179514 0.008754780517025211
1 0.906 0.988 0.188 0.007295650430853129
0 0.812 0.988 0.062499999091345675 0.007295650430853129
1 0.1222796216691404 0.20999999999999636 0.2445592433382808 0.005836520344681048