1 0.5952490524490586 0.6480000000000072 0.15449810489811716 0.027723471637247712
0 0.518 0.6480000000000072 0.08333333212179422 0.027723471637247712
1 0.563 0.7740000000000072 0.874 0.027723471637247712
0 0.12599999999999817 0.7740000000000072 0.1458333312131399 0.027723471637247712
1 0.5820566599597605 0.762 0.152113319919521 0.02480521146490355
0 0.506 0.762 0.16666666424358845 0.02480521146490355
1 0.5 0.754 1.0 0.020427821206394584
1 0.889 0.7300000000000073 0.222 0.017509561034050422
0 0.7779999999999981 0.7300000000000073 0.22916666333493413 0.017509561034050422
1 0.6820786619611027 0.6119999999999928 0.15615732392220524 0.016050430947871064
0 0.6039999999999982 0.6119999999999928 0.18749999727403702 0.016050430947871064
1 0.08006917767045343 0.8039999999999927 0.14413835534090685 0.016050430947871064
0 0.040458332803284064 0.8039999999999927 0.08091666560656813 0.016050430947871064
1 0.937 0.9239999999999927 0.126 0.016050430947871064
0 0.8739999999999982 0.9239999999999927 0.1458333312131399 0.016050430947871064
1 0.753 0.7180000000000073 0.494 0.013132170775541454
0 0.506 0.7180000000000073 0.12499999818269135 0.013132170775541454
1 0.2650992764904349 0.7500000000000073 0.14619855298086987 0.013132170775541454
0 0.19199999999999817 0.7500000000000073 0.10416666515224278 0.013132170775541454
1 0.07736005470643795 0.904 0.1547201094128759 0.008754780517017934
1 0.8375738833119449 0.6299999999999927 0.31514776662388977 0.007295650430853129
0 0.6799999999999982 0.6299999999999927 0.062499999091345675 0.007295650430853129