1 0.704 0.516 0.592 0.024805211464901732
0 0.408 0.516 0.3541666615176291 0.024805211464901732
1 0.7082156608375335 0.698 0.296431321675067 0.023346081378731467
0 0.5600000000000018 0.698 0.33333332848718056 0.023346081378731467
1 0.927 0.39800000000000046 0.146 0.020427821206390036
0 0.8539999999999982 0.39800000000000046 0.020833333030448556 0.020427821206390036
1 0.03946672269766168 0.8980000000000005 0.07893344539532336 0.020427821206390036
1 0.24386847669006056 0.9140000000000005 0.48773695338012113 0.020427821206390036
0 0.007458332803284066 0.9140000000000005 0.014916665606568132 0.020427821206390036
1 0.0755220360178464 0.368 0.1510440720356928 0.0175095610340486
1 0.7421804698516862 0.16999999999999954 0.3003609397033724 0.01605043094787743
0 0.5919999999999982 0.16999999999999954 0.1458333312131399 0.01605043094787743
1 0.0850562337535539 0.45199999999999957 0.1701124675071078 0.01605043094787743
0 0.9489583337119384 0.5379999999999996 0.10208333257612322 0.01605043094787743
1 0.04126396286987256 0.19000000000000045 0.08252792573974511 0.014591300861707169
1 0.889 0.5240000000000005 0.222 0.014591300861707169
0 0.778 0.5240000000000005 0.20833333030448556 0.014591300861707169
0 0.9341250006814898 0.164 0.13174999863702033 0.011673040689365734
1 0.748 0.242 0.504 0.011673040689365734
0 0.496 0.242 0.16666666424358845 0.011673040689365734
1 0.3200813189695946 0.576 0.28016263793918916 0.011673040689365734
0 0.1799999999999982 0.576 0.10416666515224278 0.011673040689365734
1 0.3105476050067773 0.874 0.2810952100135546 0.011673040689365734
0 0.17 0.874 0.08333333212179422 0.011673040689365734
1 0.7792452689780949 0.04000000000000023 0.30649053795618963 0.010213910603195018
0 0.6259999999999982 0.04000000000000023 0.10416666515224278 0.010213910603195018
1 0.6366451971770166 0.44999999999999957 0.4332903943540332 0.010213910603194563
0 0.42 0.44999999999999957 0.12499999818269135 0.010213910603194563
1 0.5379406731835843 0.6639999999999996 0.4318813463671686 0.010213910603194563
0 0.3219999999999982 0.6639999999999996 0.10416666515224278 0.010213910603194563
1 0.8191116980813767 0.8339999999999995 0.1502233961627535 0.010213910603194563
0 0.7439999999999982 0.8339999999999995 0.10416666515224278 0.010213910603194563
1 0.4999817893974341 0.034 0.8559635787948682 0.0087547805170243
0 0.07199999999999818 0.034 0.062499999091345675 0.0087547805170243
1 0.894 0.7580000000000005 0.212 0.0087547805170243
0 0.7879999999999981 0.7580000000000005 0.10416666515224278 0.0087547805170243
1 0.14627360517090165 0.9978113048707441 0.2765472103418033 0.004377390258511696
0 0.03524999954567284 0.9978113048707441 0.07049999909134567 0.004377390258511696
1 0.964 0.608 0.072 0.007295650430853129
0 0.928 0.608 0.04166666606089711 0.007295650430853129