1 0.4730347423871226 0.19399999999999637 0.8460694847742453 0.020427821206387305
0 0.07187499931851016 0.19399999999999637 0.14374999863702032 0.020427821206387305
1 0.2795626710453125 0.008742172780057445 0.559125342090625 0.01748434556011489
1 0.4714978597745876 0.022000000000003638 0.5629957195491752 0.0189686911202225
0 0.19000000000000092 0.022000000000003638 0.2499999963653845 0.0189686911202225
1 0.953 0.188 0.094 0.017509561034050422
0 0.906 0.188 0.10416666515224278 0.017509561034050422
1 0.877 0.20400000000000365 0.246 0.01605043094787834
0 0.7540000000000009 0.20400000000000365 0.16666666424359028 0.01605043094787834
1 0.85 0.031999999999996365 0.3 0.013132170775534177
0 0.700000000000001 0.031999999999996365 0.16666666424359028 0.013132170775534177
1 0.662994278708843 0.17199999999999635 0.35798855741768604 0.013132170775534177
0 0.484 0.17199999999999635 0.08333333212179422 0.013132170775534177
1 0.8108565534036725 0.102 0.37371310680734493 0.010213910603197292
0 0.624 0.102 0.12499999818269135 0.010213910603197292