1 0.917 0.414 0.166 0.05398781318831607
0 0.8339999999999982 0.414 0.27083332939583127 0.05398781318831607
0 0.8922916676510413 0.16 0.21541666469791745 0.033559991981921486
0 0.9592500013629814 0.48200000000000726 0.08149999727403702 0.027723471637247712
1 0.939 0.616 0.122 0.02480521146490355
0 0.8556666678782058 0.616 0.28866666424358844 0.02480521146490355
1 0.3882890696380236 0.846 0.6045781392760473 0.023346081378724192
0 0.11591666560657177 0.846 0.23183333121314353 0.023346081378724192
1 0.453279928415046 0.03999999999999272 0.494559856830092 0.021886951292559388
0 0.20600000000000182 0.03999999999999272 0.2916666624262834 0.021886951292559388
1 0.41752389400396894 0.39799999999999275 0.3790477880079379 0.021886951292559388
0 0.22799999999999818 0.39799999999999275 0.27083332939583127 0.021886951292559388
1 0.95 0.5979999999999928 0.1 0.021886951292559388
0 0.8927083341662656 0.5979999999999928 0.21458333166746887 0.021886951292559388
1 0.03376422540399653 0.342 0.06752845080799307 0.020427821206394584
1 0.857 0.708 0.286 0.020427821206394584
0 0.7140000000000019 0.708 0.2916666624262834 0.020427821206394584
1 0.6829709167762248 0.896 0.12994183355244968 0.020427821206394584
0 0.618 0.896 0.16666666424358845 0.020427821206394584
1 0.0934273680784645 0.5920000000000073 0.186854736156929 0.017509561034050422
1 0.7031810817284276 0.10999999999999273 0.25836216345685536 0.016050430947871064
0 0.574 0.10999999999999273 0.16666666424358845 0.016050430947871064
1 0.3910638525938102 0.024000000000007276 0.6101277051876205 0.013132170775541454
0 0.086 0.024000000000007276 0.16666666424358845 0.013132170775541454
1 0.17158820312720308 0.438 0.34317640625440615 0.010213910603197292
0 0.020249999545672834 0.438 0.04049999909134567 0.010213910603197292
1 0.20344715213189737 0.46 0.40689430426379475 0.010213910603197292
1 0.879 0.552 0.242 0.010213910603197292
0 0.758 0.552 0.12499999818269135 0.010213910603197292