1 0.3149564812457547 0.9619999999999991 0.12191296249150946 0.024805211464901732
0 0.254 0.9619999999999991 0.16666666424358936 0.024805211464901732
1 0.887 0.522 0.226 0.023346081378731467
0 0.7739999999999998 0.522 0.08333333212179468 0.023346081378731467
1 0.740582218966653 0.868 0.4531644379333061 0.023346081378731467
0 0.514 0.868 0.16666666424358936 0.023346081378731467
1 0.7896581049824383 0.706 0.33531620996487665 0.018968691120218865
0 0.622 0.706 0.14583333121314082 0.018968691120218865
1 0.925 0.922 0.15 0.018968691120218865
0 0.85 0.922 0.12499999818269225 0.018968691120218865
1 0.35916844101770196 0.6780000000000009 0.16633688203540395 0.0175095610340486
0 0.276 0.6780000000000009 0.12499999818269225 0.0175095610340486
1 0.436431999960155 0.9916226097414883 0.1288639999203101 0.01675478051702339
0 0.3719999999999998 0.9916226097414883 0.10416666515224324 0.01675478051702339
1 0.882 0.534 0.236 0.014591300861706258
0 0.764 0.534 0.12499999818269225 0.014591300861706258
0 0.9799583337119391 0.63 0.04008333257612185 0.014591300861706258
1 0.41295074100545914 0.718 0.20990148201091824 0.014591300861706258
0 0.3079999999999998 0.718 0.10416666515224324 0.014591300861706258
1 0.5228065522966394 0.5039999999999991 0.16961310459327889 0.013132170775535997
0 0.438 0.5039999999999991 0.12499999818269225 0.013132170775535997
1 0.9044401126800596 0.7879999999999991 0.1528802253601193 0.013132170775535997
0 0.8279999999999997 0.7879999999999991 0.10416666515224324 0.013132170775535997
1 0.548702309177255 0.5759999999999991 0.13340461835451015 0.008754780517023391
0 0.48199999999999976 0.5759999999999991 0.10416666515224324 0.008754780517023391