1 0.11992597321341873 0.20600000000000362 0.21985194642683745 0.01605043094787834
0 0.04666666606089734 0.20600000000000362 0.09333333212179468 0.01605043094787834
0 0.9781250006814903 0.136 0.043749998637019415 0.014591300861706258
1 0.12111339617357407 0.262 0.24222679234714814 0.014591300861706258
1 0.44471063512926323 0.5559999999999964 0.22142127025852643 0.013132170775534177
0 0.33400000000000046 0.5559999999999964 0.08333333212179514 0.013132170775534177
1 0.971 0.082 0.058 0.011673040689362096
0 0.9420000000000005 0.082 0.08333333212179514 0.011673040689362096
1 0.8559751118251393 0.202 0.08795022365027853 0.010213910603197292
0 0.8120000000000005 0.202 0.1041666651522437 0.010213910603197292
1 0.7091749984113362 0.41200000000000364 0.16234999682267243 0.008754780517025211
0 0.6280000000000004 0.41200000000000364 0.1041666651522437 0.008754780517025211
1 0.10282811939341854 0.092 0.2056562387868371 0.004377390258508967