0 0.9794583346205932 0.538 0.041083330758813645 0.045233032671298135
1 0.933 0.31399999999999273 0.134 0.04085564241277461
0 0.8660000000000004 0.31399999999999273 0.08333333212179514 0.04085564241277461
1 0.83 0.2 0.34 0.033559991981921486
0 0.66 0.2 0.2499999963653845 0.033559991981921486
1 0.5133721192089779 0.7539999999999927 0.1627442384179558 0.021886951292559388
0 0.43199999999999955 0.7539999999999927 0.18749999727403793 0.021886951292559388
1 0.46245564177181087 0.02 0.4089112835436217 0.020427821206394584
0 0.258 0.02 0.29166666242628164 0.020427821206394584
1 0.40912226883897346 0.578 0.21424453767794693 0.020427821206394584
0 0.302 0.578 0.22916666333493596 0.020427821206394584
1 0.3133610024859659 0.252 0.1947220049719317 0.014591300861706258
0 0.21600000000000044 0.252 0.1041666651522437 0.014591300861706258
1 0.18766687107323288 0.684 0.29133374214646574 0.014591300861706258
0 0.05224999954567284 0.684 0.10449999909134568 0.014591300861706258
1 0.20879265152385143 0.7740000000000072 0.22558530304770283 0.013132170775541454
0 0.09599999999999977 0.7740000000000072 0.08333333212179468 0.013132170775541454
1 0.1325845377373603 0.17 0.2651690754747206 0.010213910603197292
1 0.16983817329655904 0.07199999999999272 0.31967634659311805 0.007295650430853129
0 0.025833333030448557 0.07199999999999272 0.051666666060897114 0.007295650430853129