1 0.78 0.394 0.44 0.035019122068100844
0 0.559999999999999 0.394 0.37499999454807587 0.035019122068100844
1 0.889 0.408 0.222 0.035019122068100844
0 0.7779999999999991 0.408 0.37499999454807587 0.035019122068100844
1 0.975 0.46399999999999275 0.05 0.026264341551068354
0 0.8812500013629806 0.46399999999999275 0.23749999727403884 0.026264341551068354
1 0.5355093393683673 0.3459999999999927 0.14301867873673474 0.016050430947871064
0 0.464 0.3459999999999927 0.12499999818269135 0.016050430947871064
1 0.09724676369032022 0.48000000000000725 0.19449352738064044 0.013132170775541454
0 0.029249999545672836 0.48000000000000725 0.05849999909134567 0.013132170775541454
1 0.8727887165057436 0.48200000000000726 0.0815774330114873 0.013132170775541454
0 0.832 0.48200000000000726 0.10416666515224278 0.013132170775541454
1 0.04334438124154985 0.17 0.0866887624830997 0.010213910603197292
1 0.986 0.63 0.028 0.010213910603197292
0 0.9599583337119393 0.63 0.0800833325761214 0.010213910603197292
1 0.522116948095073 0.492 0.07623389619014596 0.004377390258508967