1 0.4786635234528367 0.7379999999999991 0.7413270469056733 0.024805211464901732
0 0.108 0.7379999999999991 0.12499999818269135 0.024805211464901732
1 0.035455636348620825 0.502 0.07091127269724165 0.023346081378731467
1 0.23558802030883816 0.1459999999999991 0.4711760406176763 0.020427821206389127
1 0.944 0.926 0.112 0.018968691120218865
0 0.888 0.926 0.12499999818269135 0.018968691120218865
1 0.744 0.1720000000000009 0.512 0.0175095610340486
0 0.488 0.1720000000000009 0.20833333030448556 0.0175095610340486
1 0.33139199685809945 0.56 0.2507839937161989 0.014591300861706258
0 0.206 0.56 0.08333333212179422 0.014591300861706258
1 0.048753476559993944 0.818 0.09750695311998789 0.014591300861706258
0 0.03587499931850834 0.818 0.07174999863701668 0.014591300861706258
1 0.07782763348239678 0.95 0.15565526696479356 0.014591300861706258
1 0.10664831402792334 0.5839999999999991 0.21329662805584668 0.013132170775535997
1 0.3846220998455356 0.082 0.24924419969107112 0.011673040689365734
0 0.26 0.082 0.16666666424358845 0.011673040689365734
1 0.5795893547128326 0.312 0.3791787094256652 0.011673040689365734
0 0.39 0.312 0.12499999818269135 0.011673040689365734
1 0.4076051717891132 0.504 0.25121034357822647 0.011673040689365734
0 0.2819999999999982 0.504 0.10416666515224278 0.011673040689365734
1 0.0581878106429831 0.512 0.1163756212859662 0.011673040689365734
1 0.4546116182112055 0.924 0.369223236422411 0.011673040689365734
0 0.27 0.924 0.08333333212179422 0.011673040689365734
1 0.1142457525939808 0.7800000000000009 0.2284915051879616 0.010213910603195472
0 0.025249999545672835 0.7800000000000009 0.05049999909134567 0.010213910603195472
1 0.2806070360776957 0.9160000000000009 0.5612140721553914 0.010213910603195472
1 0.4214931154775768 0.795999999999999 0.1269862309551536 0.008754780517023391
0 0.3579999999999982 0.795999999999999 0.062499999091345675 0.008754780517023391
1 0.12396032127814396 0.9439999999999991 0.11992064255628793 0.008754780517023391
0 0.064 0.9439999999999991 0.12499999818269135 0.008754780517023391
1 0.857 0.432 0.286 0.007295650430853129
0 0.714 0.432 0.08333333212179422 0.007295650430853129
1 0.3343109568485634 0.15600000000000092 0.3646219136971267 0.005836520344682867
0 0.152 0.15600000000000092 0.08333333212179422 0.005836520344682867