1 0.5374008046723775 0.020000000000007276 0.530801609344755 0.027723471637247712
0 0.272 0.020000000000007276 0.2499999963653827 0.027723471637247712
1 0.23352523653855134 0.10799999999999273 0.4670504730771027 0.026264341551068354
1 0.8197691333437906 0.126 0.1835382666875812 0.02480521146490355
0 0.728 0.126 0.20833333030448556 0.02480521146490355
1 0.4184967782874592 0.276 0.6609935565749183 0.020427821206394584
0 0.088 0.276 0.16666666424358845 0.020427821206394584
1 0.1870044947132137 0.146 0.3740089894264274 0.018968691120215226
1 0.10353461223774867 0.184 0.20706922447549733 0.018968691120215226
1 0.20120267755269378 0.8720000000000073 0.20240535510538757 0.017509561034050422
0 0.1 0.8720000000000073 0.12499999818269135 0.017509561034050422
1 0.48449180925058866 0.21199999999999272 0.33698361850117725 0.016050430947871064
0 0.316 0.21199999999999272 0.20833333030448556 0.016050430947871064
1 0.26707230797164083 0.08800000000000728 0.5341446159432817 0.013132170775541454
1 0.33326678380915475 0.9640000000000073 0.18653356761830947 0.013132170775541454
0 0.2399999999999982 0.9640000000000073 0.062499999091345675 0.013132170775541454
1 0.5749813368910782 0.944 0.19396267378215634 0.008754780517017934
0 0.478 0.944 0.08333333212179422 0.008754780517017934