1 0.1645700400353744 0.9832452194829748 0.3291400800707488 0.03350956103405042
1 0.31767082963586835 0.4279999999999927 0.6353416592717367 0.026264341551068354
1 0.2112122339646794 0.9948930446984013 0.3304244679293588 0.010213910603197292
0 0.05945833280328407 0.9948930446984013 0.11891666560656813 0.010213910603197292
1 0.43829881190824016 0.462 0.7005976238164804 0.018968691120215226
0 0.09087499931850834 0.462 0.18174999863701669 0.018968691120215226
1 0.8302952948744078 0.636 0.18459058974881554 0.018968691120215226
0 0.7379999999999982 0.636 0.18749999727403702 0.018968691120215226
1 0.700163579293052 0.7419999999999928 0.3563271585861039 0.016050430947871064
0 0.5219999999999981 0.7419999999999928 0.1458333312131399 0.016050430947871064
1 0.5210999089199013 0.008 0.36619981783980254 0.010213910603197292
0 0.338 0.008 0.12499999818269135 0.010213910603197292
1 0.036711660005530576 0.592 0.07342332001106115 0.010213910603197292
1 0.05795751033296074 0.822 0.11591502066592148 0.008754780517017934
1 0.2491182232752999 0.948 0.1702364465505998 0.005836520344688324
0 0.164 0.948 0.08333333212179422 0.005836520344688324