1 0.6015501956146491 0.41000000000000364 0.5551003912292981 0.04085564241278189
0 0.324 0.41000000000000364 0.5208333257612175 0.04085564241278189
1 0.982 0.40200000000000363 0.036 0.01605043094787834
0 0.9507500004543271 0.40200000000000363 0.09849999909134567 0.01605043094787834
1 0.7756480282959829 0.356 0.14329605659196568 0.014591300861706258
0 0.704000000000001 0.356 0.16666666424359028 0.014591300861706258
1 0.857 0.076 0.286 0.011673040689362096
0 0.714 0.076 0.10416666515224278 0.011673040689362096
1 0.20368178018724575 0.496 0.2793635603744915 0.011673040689362096
0 0.07366666606089711 0.496 0.14733333212179422 0.011673040689362096
1 0.2691379938779364 0.614 0.5382759877558728 0.011673040689362096
0 0.01404166628806115 0.614 0.0280833325761223 0.011673040689362096