0 0.9339166674238781 0.598 0.1321666651522437 0.03939651232660981
1 0.812 0.312 0.376 0.033559991981921486
0 0.624 0.312 0.3124999954567302 0.033559991981921486
1 0.1027421953379685 0.4219999999999927 0.16948439067593699 0.021886951292559388
0 0.06108333257612139 0.4219999999999927 0.12216666515224278 0.021886951292559388
1 0.27213709986734147 0.8259999999999927 0.42027419973468294 0.021886951292559388
0 0.07787499931850925 0.8259999999999927 0.1557499986370185 0.021886951292559388
1 0.861 0.338 0.278 0.020427821206394584
0 0.7220000000000004 0.338 0.14583333121314082 0.020427821206394584
1 0.5449996607304883 0.42 0.2739993214609767 0.020427821206394584
0 0.408 0.42 0.2499999963653845 0.020427821206394584
1 0.44892453290171763 0.13600000000000728 0.36184906580343523 0.017509561034050422
0 0.26799999999999957 0.13600000000000728 0.16666666424358936 0.017509561034050422
1 0.8980360916462501 0.19399999999999273 0.2000721832925001 0.016050430947871064
0 0.7980000000000005 0.19399999999999273 0.12499999818269225 0.016050430947871064
1 0.48935686456964006 0.15800000000000727 0.35871372913928007 0.013132170775541454
0 0.31000000000000044 0.15800000000000727 0.14583333121314082 0.013132170775541454
1 0.23682661759899976 0.18599999999999273 0.1776532351979995 0.011673040689362096
0 0.14800000000000046 0.18599999999999273 0.14583333121314082 0.011673040689362096
1 0.6190319760978504 0.4679999999999927 0.18206395219570096 0.011673040689362096
0 0.5280000000000005 0.4679999999999927 0.14583333121314082 0.011673040689362096
1 0.8146872700949007 0.9968113048707455 0.09737454018980134 0.006377390258508967
0 0.7660000000000005 0.9968113048707455 0.1041666651522437 0.006377390258508967