1 0.845 0.5339999999999996 0.31 0.08900693525641236
0 0.690000000000001 0.5339999999999996 0.27083332939583304 0.08900693525641236
1 0.656498232287925 0.156 0.66899646457585 0.043773902585120594
0 0.32199999999999906 0.156 0.37499999454807587 0.043773902585120594
1 0.921 0.374 0.158 0.03647825215426746
0 0.8420000000000009 0.374 0.2499999963653845 0.03647825215426746
1 0.812 0.6660000000000005 0.376 0.020427821206390036
0 0.624 0.6660000000000005 0.10416666515224278 0.020427821206390036
1 0.2949220770438051 0.896 0.31784415408761013 0.018968691120218865
0 0.1360000000000009 0.896 0.2499999963653845 0.018968691120218865
1 0.19226266759063218 0.012000000000000455 0.32852533518126437 0.0087547805170243
0 0.0400416662880607 0.012000000000000455 0.0800833325761214 0.0087547805170243