1 0.44461425773917473 0.7859999999999927 0.31722851547834946 0.036478252154265645
0 0.2859999999999982 0.7859999999999927 0.27083332939583127 0.036478252154265645
1 0.30254217213934315 0.64 0.16108434427868634 0.035019122068100844
0 0.22199999999999817 0.64 0.22916666333493413 0.035019122068100844
1 0.828 0.9832452194829748 0.344 0.03350956103405042
0 0.6560000000000018 0.9832452194829748 0.37499999454807764 0.03350956103405042
1 0.14443330420698294 0.16 0.2888666084139659 0.033559991981921486
1 0.8 0.4279999999999927 0.4 0.026264341551068354
0 0.6 0.4279999999999927 0.3541666615176291 0.026264341551068354
1 0.931 0.9948930446984013 0.138 0.010213910603197292
0 0.8619999999999982 0.9948930446984013 0.1458333312131399 0.010213910603197292
1 0.952 0.462 0.096 0.018968691120215226
0 0.9039999999999981 0.462 0.18749999727403702 0.018968691120215226
1 0.10575516787378365 0.6220000000000073 0.2115103357475673 0.017509561034050422
1 0.4445691938927885 0.4659999999999927 0.16513838778557693 0.016050430947871064
0 0.36199999999999816 0.4659999999999927 0.10416666515224278 0.016050430947871064
1 0.04502809503044955 0.892 0.0900561900608991 0.014591300861706258
1 0.8047116600055306 0.592 0.16942332001106114 0.010213910603197292
0 0.7199999999999982 0.592 0.10416666515224278 0.010213910603197292
1 0.8479575103329607 0.822 0.16791502066592148 0.008754780517017934
0 0.764 0.822 0.08333333212179422 0.008754780517017934
1 0.99 0.948 0.02 0.005836520344688324
0 0.9691666669695514 0.948 0.061666666060897116 0.005836520344688324