1 0.921 0.072 0.158 0.029182601723412516
0 0.8420000000000004 0.072 0.12499999818269225 0.029182601723412516
1 0.447380815227084 0.174 0.27476163045416796 0.02480521146490355
0 0.30999999999999955 0.174 0.20833333030448647 0.02480521146490355
1 0.06162757876222031 0.010471737823136209 0.12325515752444062 0.020943475646272417
0 0.9551250006814903 0.568 0.08974999863701942 0.018968691120215226
1 0.550688960505087 0.15199999999999272 0.37337792101017386 0.016050430947871064
0 0.36400000000000043 0.15199999999999272 0.1041666651522437 0.016050430947871064
1 0.03637112589782828 0.17599999999999272 0.07274225179565656 0.016050430947871064
1 0.8215516206191555 0.11600000000000728 0.19910324123831105 0.013132170775541454
0 0.7220000000000004 0.11600000000000728 0.14583333121314082 0.013132170775541454
1 0.6271618763297443 0.12400000000000727 0.2863237526594885 0.013132170775541454
0 0.48400000000000043 0.12400000000000727 0.12499999818269225 0.013132170775541454
1 0.807 0.24200000000000726 0.386 0.013132170775541454
0 0.6140000000000004 0.24200000000000726 0.12499999818269225 0.013132170775541454
1 0.991 0.6 0.018 0.010213910603197292
0 0.982 0.6 0.020833333030448556 0.010213910603197292
1 0.7029721604637134 0.962 0.1979443209274268 0.010213910603197292
0 0.6040000000000004 0.962 0.1041666651522437 0.010213910603197292
1 0.4603190076472956 0.2760000000000073 0.27663801529459126 0.002918260172344162