1 0.504 0.76 0.992 0.0612834636191692
0 0.13941666469791744 0.76 0.2788333293958349 0.0612834636191692
1 0.5428192296612214 0.6160000000000009 0.573638459322443 0.052528683102145805
0 0.256 0.6160000000000009 0.312499995456732 0.052528683102145805
1 0.71 0.596 0.58 0.045233032671290856
0 0.42 0.596 0.312499995456732 0.045233032671290856
1 0.829 0.6380000000000009 0.342 0.029182601723414338
0 0.6580000000000018 0.6380000000000009 0.37499999454807764 0.029182601723414338
1 0.693 0.7440000000000009 0.614 0.021886951292561206
0 0.386 0.7440000000000009 0.2499999963653827 0.021886951292561206
1 0.4704942339459503 0.55 0.9409884678919006 0.018968691120218865
0 0.034458332803284066 0.55 0.06891666560656813 0.018968691120218865
1 0.6579381237346915 0.03800000000000091 0.5198762474693831 0.0175095610340486
0 0.398 0.03800000000000091 0.12499999818269135 0.0175095610340486
1 0.09786957272297332 0.6360000000000009 0.19573914544594664 0.0175095610340486
1 0.33452237495104603 0.9100000000000009 0.6690447499020921 0.0175095610340486
0 0.029458332803284065 0.9100000000000009 0.05891666560656813 0.0175095610340486
1 0.35037567500594924 0.5119999999999991 0.2727513500118985 0.013132170775535997
0 0.214 0.5119999999999991 0.12499999818269135 0.013132170775535997
0 0.9651666669695514 0.6359999999999991 0.06966666606089711 0.013132170775535997
1 0.10182590594480644 0.8319999999999991 0.20365181188961287 0.013132170775535997
0 0.9599583337119384 0.42 0.08008333257612321 0.011673040689365734
1 0.696718306414792 0.818 0.29343661282958416 0.011673040689365734
0 0.55 0.818 0.12499999818269135 0.011673040689365734
1 0.964 0.9260000000000009 0.072 0.010213910603195472
0 0.928 0.9260000000000009 0.12499999818269135 0.010213910603195472
1 0.731 0.9379999999999991 0.538 0.008754780517023391
0 0.462 0.9379999999999991 0.12499999818269135 0.008754780517023391
1 0.5720354609148107 0.57 0.5640709218296215 0.002918260172340524