1 0.7075148308055632 0.48599999999999816 0.27902966161112636 0.04815129284363138
0 0.568 0.48599999999999816 0.062499999091345675 0.04815129284363138
1 0.822 0.6699999999999982 0.356 0.018968691120218865
0 0.644 0.6699999999999982 0.08333333212179422 0.018968691120218865
1 0.2418299763871346 0.7279999999999982 0.3236599527742692 0.017509561034046783
0 0.0800000000000009 0.7279999999999982 0.1458333312131417 0.017509561034046783
0 0.9653333339391029 0.7899999999999981 0.06933333212179423 0.017509561034046783
1 0.3987532912168772 0.04199999999999818 0.3535065824337544 0.010213910603193653
0 0.222 0.04199999999999818 0.12499999818269135 0.010213910603193653
1 0.37504123865805106 0.19799999999999818 0.3500824773161021 0.010213910603193653
0 0.2000000000000009 0.19799999999999818 0.1458333312131417 0.010213910603193653
1 0.040285252341798694 0.4759999999999982 0.08057050468359739 0.010213910603193653