1 0.7193959786063097 0.982 0.3507919572126193 0.02480521146490355
0 0.5439999999999982 0.982 0.18749999727403702 0.02480521146490355
1 0.24308350783687638 0.14399999999999272 0.3301670156737528 0.021886951292559388
0 0.07799999999999818 0.14399999999999272 0.1458333312131399 0.021886951292559388
1 0.42505624829172123 0.6779999999999927 0.4981124965834424 0.016050430947871064
0 0.17599999999999819 0.6779999999999927 0.1458333312131399 0.016050430947871064
1 0.7258688744441515 0.428 0.34373774888830305 0.014591300861706258
0 0.5539999999999982 0.428 0.10416666515224278 0.014591300861706258
1 0.3675964550491317 0.36800000000000727 0.4951929100982634 0.013132170775541454
0 0.12 0.36800000000000727 0.12499999818269135 0.013132170775541454
1 0.10109906552916437 0.6500000000000072 0.20219813105832873 0.013132170775541454
1 0.7042673722978743 0.7380000000000073 0.5165347445957487 0.013132170775541454
0 0.446 0.7380000000000073 0.08333333212179422 0.013132170775541454
1 0.5345997155758996 0.9960817398276558 0.6771994311517993 0.007836520344688324
0 0.19599999999999818 0.9960817398276558 0.1458333312131399 0.007836520344688324
1 0.03214274126168675 0.406 0.0642854825233735 0.010213910603197292