1 0.15784098012315007 0.932 0.27168196024630015 0.020427821206394584
0 0.057874999318510166 0.932 0.11574999863702033 0.020427821206394584
1 0.05379678283051817 0.194 0.10759356566103634 0.014591300861706258
0 0.025458332803285886 0.194 0.05091666560657177 0.014591300861706258
1 0.10491021908103994 0.8140000000000073 0.20982043816207988 0.013132170775541454
0 0.014666666060898025 0.8140000000000073 0.02933333212179605 0.013132170775541454
1 0.41801556085617175 0.9800000000000073 0.25203112171234354 0.013132170775541454
0 0.2920000000000009 0.9800000000000073 0.18749999727403882 0.013132170775541454
1 0.858543559811721 0.9920000000000073 0.17708711962344206 0.013132170775541454
0 0.7700000000000009 0.9920000000000073 0.1458333312131417 0.013132170775541454
1 0.2437680378381674 0.204 0.1395360756763348 0.008754780517017934
0 0.174 0.204 0.08333333212179422 0.008754780517017934
1 0.95 0.376 0.1 0.008754780517017934
0 0.9 0.376 0.10416666515224278 0.008754780517017934