1 0.933 0.11400000000000182 0.134 0.0350191220680972
0 0.8660000000000009 0.11400000000000182 0.2083333303044874 0.0350191220680972
1 0.4386856394177248 0.664 0.8133712788354497 0.02480521146490355
0 0.04204166628806115 0.664 0.0840833325761223 0.02480521146490355
1 0.14303796860966395 0.7919999999999981 0.2860759372193279 0.018968691120218865
0 0.9409166674238786 0.9912578272199444 0.11816666515224279 0.01748434556011125
0 0.9557500004543271 0.508 0.08849999909134568 0.01605043094787834
1 0.9 0.7220000000000019 0.2 0.011673040689365734
0 0.8 0.7220000000000019 0.10416666515224278 0.011673040689365734
1 0.938 0.05599999999999818 0.124 0.010213910603193653
0 0.876 0.05599999999999818 0.062499999091345675 0.010213910603193653
1 0.5641809519285517 0.506 0.28436190385710325 0.008754780517025211
0 0.422 0.506 0.12499999818269135 0.008754780517025211