1 0.08331836026236851 0.88 0.16663672052473702 0.0496104229298071
1 0.25810465540976657 0.13 0.5162093108195331 0.043773902585118776
1 0.30061611425754564 0.6259999999999963 0.44123222851509125 0.035019122068093565
0 0.08 0.6259999999999963 0.12499999818269135 0.035019122068093565
1 0.6748145483604275 0.9863395670476021 0.42962909672085514 0.027320865904795936
0 0.46 0.9863395670476021 0.2499999963653827 0.027320865904795936
1 0.479107067691566 0.9699999999999963 0.6902141353831321 0.027723471637240437
0 0.13399999999999818 0.9699999999999963 0.18749999727403702 0.027723471637240437
1 0.43206605312333884 0.5900000000000036 0.8641321062466777 0.02626434155107563
0 0.04408333257612139 0.5900000000000036 0.08816666515224278 0.02626434155107563
1 0.833 0.642 0.334 0.021886951292559388
0 0.666 0.642 0.16666666424358845 0.021886951292559388
0 0.9431250006814899 0.29200000000000365 0.11374999863702033 0.0189686911202225
1 0.03368966360796912 0.442 0.06737932721593824 0.017509561034050422
1 0.33604643989016403 0.204 0.3160928797803281 0.014591300861706258
0 0.178 0.204 0.12499999818269135 0.014591300861706258
1 0.41562259831987286 0.13400000000000364 0.3232451966397457 0.008754780517025211
0 0.25399999999999817 0.13400000000000364 0.062499999091345675 0.008754780517025211
1 0.047624892367657594 0.168 0.09524978473531519 0.007295650430853129