1 0.395532237459729 0.9520000000000073 0.647064474919458 0.03210086189575668
0 0.07766666606089712 0.9520000000000073 0.15533333212179423 0.03210086189575668
1 0.1571524275244301 0.00929565043085313 0.3143048550488602 0.01859130086170626
1 0.4930774976111752 0.084 0.40615499522235043 0.029182601723412516
0 0.2899999999999982 0.084 0.1458333312131399 0.029182601723412516
1 0.5857789761171188 0.41 0.5475579522342378 0.023346081378724192
0 0.31199999999999817 0.41 0.1458333312131399 0.023346081378724192
1 0.905 0.15999999999999273 0.19 0.021886951292559388
0 0.81 0.15999999999999273 0.2499999963653827 0.021886951292559388
1 0.2333518900297986 0.9819999999999928 0.4667037800595972 0.021886951292559388
1 0.30280177247267054 0.402 0.6056035449453411 0.020427821206394584
1 0.937 0.516 0.126 0.020427821206394584
0 0.8692916676510413 0.516 0.26141666469791747 0.020427821206394584
1 0.4887267430815009 0.696 0.2694534861630018 0.020427821206394584
0 0.3539999999999982 0.696 0.18749999727403702 0.020427821206394584
1 0.23818002333858385 0.21799999999999273 0.2643600466771677 0.016050430947871064
0 0.106 0.21799999999999273 0.12499999818269135 0.016050430947871064
1 0.27440963073474994 0.0022830426938890013 0.5488192614694999 0.0045660853877780025
1 0.2148565507681451 0.3599999999999927 0.3937131015362902 0.011673040689362096
0 0.040249999545672835 0.3599999999999927 0.08049999909134567 0.011673040689362096
1 0.36997974128735767 0.124 0.39995948257471536 0.010213910603197292
0 0.16999999999999818 0.124 0.1458333312131399 0.010213910603197292
1 0.04819227318309641 0.626 0.09638454636619281 0.010213910603197292
0 0.9811666669695515 0.5659999999999927 0.037666666060897115 0.007295650430853129
1 0.31375543019354335 0.6119999999999928 0.3955108603870867 0.007295650430853129
0 0.11599999999999819 0.6119999999999928 0.10416666515224278 0.007295650430853129