1 0.898 0.068 0.204 0.023346081378724192
0 0.796 0.068 0.12499999818269135 0.023346081378724192
1 0.839 0.5839999999999927 0.322 0.021886951292559388
0 0.677999999999999 0.5839999999999927 0.3124999954567302 0.021886951292559388
1 0.909 0.7499999999999927 0.182 0.021886951292559388
0 0.818 0.7499999999999927 0.04166666606089711 0.021886951292559388
1 0.925 0.528 0.15 0.020427821206394584
0 0.8500000000000009 0.528 0.2499999963653845 0.020427821206394584
1 0.09827301056136184 0.007012607736964128 0.19654602112272368 0.014025215473928257
0 0.027666666060898022 0.007012607736964128 0.055333332121796044 0.014025215473928257
1 0.3988925347597869 0.8279999999999927 0.4177850695195739 0.016050430947871064
0 0.19 0.8279999999999927 0.12499999818269135 0.016050430947871064
1 0.931 0.344 0.138 0.014591300861706258
0 0.8620000000000009 0.344 0.1458333312131417 0.014591300861706258
1 0.05086727128904749 0.454 0.10173454257809499 0.014591300861706258
1 0.47119729118835857 0.738 0.34639458237671716 0.014591300861706258
0 0.298 0.738 0.12499999818269135 0.014591300861706258
1 0.931 0.42000000000000726 0.138 0.013132170775541454
0 0.862 0.42000000000000726 0.10416666515224278 0.013132170775541454
1 0.1251305417046824 0.6159999999999928 0.2502610834093648 0.011673040689362096
1 0.5607843058193385 0.6779999999999927 0.2655686116386769 0.007295650430853129
0 0.428 0.6779999999999927 0.08333333212179422 0.007295650430853129
1 0.8356363377379458 0.8039999999999927 0.18727267547589144 0.007295650430853129
0 0.742 0.8039999999999927 0.10416666515224278 0.007295650430853129
1 0.7611506578575244 0.37200000000000727 0.278301315715049 0.002918260172344162