1 0.03580138720375453 0.9120000000000072 0.07160277440750906 0.027723471637247712
1 0.36431431088093086 0.3519999999999927 0.20462862176186172 0.026264341551068354
0 0.2620000000000009 0.3519999999999927 0.2083333303044874 0.026264341551068354
1 0.31742000817165716 0.8399999999999928 0.39084001634331433 0.021886951292559388
0 0.12200000000000091 0.8399999999999928 0.2083333303044874 0.021886951292559388
1 0.25356991457460115 0.37 0.19913982914920234 0.014591300861706258
0 0.154 0.37 0.12499999818269135 0.014591300861706258
1 0.021186430154501976 0.382 0.04237286030900395 0.014591300861706258
1 0.07054575877810748 0.8060000000000073 0.14109151755621496 0.013132170775541454
1 0.6261756822493826 0.8820000000000072 0.31635136449876516 0.013132170775541454
0 0.468 0.8820000000000072 0.12499999818269135 0.013132170775541454
1 0.5578025437989635 0.8559999999999928 0.3076050875979272 0.011673040689362096
0 0.404 0.8559999999999928 0.04166666606089711 0.011673040689362096
1 0.7184083628089138 0.066 0.2168167256178276 0.010213910603197292
0 0.61 0.066 0.12499999818269135 0.010213910603197292
1 0.5262557287642267 0.938 0.31251145752845333 0.008754780517017934
0 0.37 0.938 0.12499999818269135 0.008754780517017934
1 0.3246415774013967 0.47 0.29728315480279344 0.004377390258508967
1 0.6637193957036288 0.918 0.10743879140725766 0.004377390258508967
0 0.6099999999999982 0.918 0.062499999091345675 0.004377390258508967