1 0.19200959805485582 0.344 0.3040191961097116 0.033559991981921486
0 0.061666666060898025 0.344 0.12333333212179605 0.033559991981921486
1 0.17981170911364644 0.24 0.3036234182272929 0.029182601723412516
0 0.055666666060898026 0.24 0.11133333212179605 0.029182601723412516
1 0.07869317685245733 0.1399999999999927 0.15738635370491466 0.021886951292559388
1 0.845 0.5639999999999927 0.31 0.021886951292559388
0 0.690000000000001 0.5639999999999927 0.18749999727403882 0.021886951292559388
1 0.5561533683907938 0.9539999999999927 0.4923067367815875 0.021886951292559388
0 0.3100000000000009 0.9539999999999927 0.22916666333493596 0.021886951292559388
0 0.9877083341662665 0.46 0.024583331667467064 0.020427821206394584
1 0.568590228593659 0.53 0.6251804571873181 0.020427821206394584
0 0.256 0.53 0.12499999818269135 0.020427821206394584
1 0.11251907750806822 0.706 0.22503815501613644 0.018968691120215226
1 0.861 0.908 0.278 0.018968691120215226
0 0.7220000000000009 0.908 0.22916666333493596 0.018968691120215226
0 0.9713333339391029 0.8180000000000073 0.05733333212179423 0.017509561034050422
1 0.942 0.7219999999999928 0.116 0.016050430947871064
0 0.884 0.7219999999999928 0.10416666515224278 0.016050430947871064
1 0.14868624347145942 0.9079999999999927 0.29737248694291885 0.016050430947871064
0 0.03466666606089802 0.9079999999999927 0.06933333212179604 0.016050430947871064
1 0.16864173956727155 0.9359999999999927 0.3372834791345431 0.016050430947871064
1 0.834 0.22 0.332 0.014591300861706258
0 0.6680000000000009 0.22 0.1458333312131417 0.014591300861706258
1 0.8298177671539697 0.292 0.32363553430793945 0.014591300861706258
0 0.668 0.292 0.10416666515224278 0.014591300861706258
1 0.13401993530025993 0.8 0.26803987060051987 0.014591300861706258
1 0.11968703383286902 0.017999999999992723 0.15937406766573803 0.011673040689362096
0 0.04083333303044856 0.017999999999992723 0.08166666606089712 0.011673040689362096
1 0.689604771429571 0.04599999999999273 0.32720954285914194 0.011673040689362096
0 0.526 0.04599999999999273 0.10416666515224278 0.011673040689362096
1 0.5211496774667503 0.022 0.48629935493350057 0.010213910603197292
0 0.278 0.022 0.10416666515224278 0.010213910603197292
1 0.07836204639802873 0.0011886951292544837 0.15672409279605745 0.0023773902585089673
0 0.024041666288060697 0.0011886951292544837 0.04808333257612139 0.0023773902585089673
1 0.834 0.268 0.332 0.004377390258508967
1 0.899 0.896 0.202 0.004377390258508967