1 0.17029472777175125 0.818 0.3405894555435025 0.033559991981921486
1 0.10705357660925983 0.218 0.21410715321851967 0.020427821206394584
1 0.25516300744057024 0.366 0.3023260148811405 0.018968691120215226
0 0.1040833325761223 0.366 0.2081666651522446 0.018968691120215226
1 0.888 0.019999999999992725 0.224 0.016050430947871064
0 0.7760000000000009 0.019999999999992725 0.16666666424359028 0.016050430947871064
1 0.883 0.148 0.234 0.014591300861706258
0 0.7660000000000009 0.148 0.2083333303044874 0.014591300861706258
1 0.5310233031713824 0.4020000000000073 0.31004660634276476 0.013132170775541454
0 0.3760000000000009 0.4020000000000073 0.1458333312131417 0.013132170775541454
1 0.6950771995435271 0.2959999999999927 0.3141543990870541 0.011673040689362096
0 0.538 0.2959999999999927 0.10416666515224278 0.011673040689362096
1 0.932 0.042 0.136 0.010213910603197292
0 0.8640000000000009 0.042 0.1458333312131417 0.010213910603197292
1 0.921 0.886 0.158 0.010213910603197292
0 0.842 0.886 0.12499999818269135 0.010213910603197292