1 0.08642773619154104 0.578 0.17285547238308208 0.03939651232660981
1 0.4078690698605951 0.8580000000000073 0.8157381397211902 0.03210086189575668
1 0.17523916484205984 0.59 0.3504783296841197 0.030641731809591875
0 0.02029166583373262 0.59 0.04058333166746524 0.030641731809591875
1 0.3830250259666227 0.842 0.7660500519332454 0.030641731809591875
1 0.6855259924238817 0.116 0.4790519848477634 0.029182601723412516
0 0.446 0.116 0.20833333030448556 0.029182601723412516
1 0.6251793727107997 0.866 0.5103587454215994 0.029182601723412516
0 0.36999999999999816 0.866 0.18749999727403702 0.029182601723412516
1 0.5720985759923569 0.884 0.5121971519847138 0.029182601723412516
0 0.31599999999999817 0.884 0.18749999727403702 0.029182601723412516
1 0.05298990949731706 0.7039999999999927 0.10597981899463411 0.026264341551068354
1 0.23343961481242695 0.772 0.3108792296248539 0.020427821206394584
0 0.07799999999999818 0.772 0.10416666515224278 0.020427821206394584
1 0.026281755261632497 0.944 0.052563510523264995 0.020427821206394584
1 0.11754371672574962 0.598 0.23508743345149924 0.018968691120215226
1 0.8297340509080059 0.06200000000000728 0.15946810181601176 0.017509561034050422
0 0.75 0.06200000000000728 0.12499999818269135 0.017509561034050422
1 0.08172313144473264 0.7260000000000073 0.1634462628894653 0.017509561034050422
1 0.4168865108808459 0.444 0.5697730217616918 0.014591300861706258
0 0.13199999999999817 0.444 0.10416666515224278 0.014591300861706258
1 0.23141984723570933 0.35000000000000725 0.46283969447141865 0.013132170775541454
1 0.1883748581839409 0.3119999999999927 0.3767497163678818 0.011673040689362096
0 0.010458332803284065 0.3119999999999927 0.02091666560656813 0.011673040689362096
1 0.5276304780522023 0.978 0.18326095610440463 0.008754780517017934
0 0.436 0.978 0.08333333212179422 0.008754780517017934