1 0.10879429190954215 0.9579999999999927 0.2175885838190843 0.04085564241277461
1 0.32478406283078404 0.3419999999999927 0.6495681256615681 0.036478252154265645
0 0.036666666060897114 0.3419999999999927 0.07333333212179423 0.036478252154265645
1 0.5299074956157419 0.768 0.16781499123148388 0.02480521146490355
0 0.446 0.768 0.16666666424358845 0.02480521146490355
1 0.6274643951730268 0.035999999999992725 0.5149287903460535 0.021886951292559388
0 0.37 0.035999999999992725 0.16666666424358845 0.021886951292559388
1 0.4035234836846539 0.456 0.4990469673693078 0.020427821206394584
0 0.1539999999999982 0.456 0.22916666333493413 0.020427821206394584
1 0.7858509960096398 0.69 0.3317019920192797 0.020427821206394584
0 0.62 0.69 0.16666666424358845 0.020427821206394584
1 0.5075262866886587 0.212 0.6870525733773175 0.018968691120215226
0 0.16399999999999818 0.212 0.27083332939583127 0.018968691120215226
1 0.4676184992710187 0.804 0.8032369985420373 0.018968691120215226
0 0.1007083323489569 0.804 0.2014166646979138 0.018968691120215226
1 0.7064509889158072 0.064 0.3489019778316142 0.014591300861706258
0 0.5319999999999981 0.064 0.18749999727403702 0.014591300861706258
1 0.5651395370898553 0.28 0.17427907417971072 0.014591300861706258
0 0.4779999999999982 0.28 0.10416666515224278 0.014591300861706258
1 0.14565225927417122 0.15000000000000727 0.29130451854834244 0.013132170775541454
1 0.7050060751766177 0.9967169573061183 0.1700121503532355 0.006566085387763451
0 0.62 0.9967169573061183 0.12499999818269135 0.006566085387763451
1 0.09852338630032864 0.772 0.19704677260065728 0.010213910603197292