1 0.03670469068924831 0.938 0.07340938137849662 0.06857911405002233
1 0.14516871823939254 0.9833143515736665 0.29033743647878507 0.033371296852667
1 0.5841038748380615 0.18199999999999636 0.45220774967612304 0.035019122068093565
0 0.3579999999999982 0.18199999999999636 0.18749999727403702 0.035019122068093565
1 0.722 0.3940000000000036 0.556 0.02626434155107563
0 0.444 0.3940000000000036 0.12499999818269135 0.02626434155107563
1 0.857 0.8700000000000037 0.286 0.023346081378731467
0 0.714 0.8700000000000037 0.16666666424358845 0.023346081378731467
1 0.83 0.10200000000000364 0.34 0.0189686911202225
0 0.6599999999999981 0.10200000000000364 0.1458333312131399 0.0189686911202225
1 0.11595143685398034 0.35000000000000364 0.23190287370796067 0.0189686911202225
0 0.013291665833732622 0.35000000000000364 0.026583331667465245 0.0189686911202225
0 0.9507500004543271 0.40800000000000364 0.09849999909134567 0.0189686911202225
1 0.982 0.182 0.036 0.014591300861706258
0 0.9507500004543271 0.182 0.09849999909134567 0.014591300861706258
1 0.03804627563225404 0.8599999999999963 0.07609255126450808 0.013132170775534177
1 0.035657198440267164 0.042 0.07131439688053433 0.011673040689362096
1 0.039081193972560865 0.754 0.07816238794512173 0.011673040689362096
1 0.2592253072029762 0.87 0.23845061440595236 0.010213910603197292
0 0.13999999999999818 0.87 0.10416666515224278 0.010213910603197292
1 0.147458058100583 0.5980000000000036 0.294916116201166 0.008754780517025211
1 0.11918798679884822 0.08 0.21837597359769642 0.007295650430853129
0 0.02062499977283551 0.08 0.04124999954567102 0.007295650430853129
1 0.11104990117788476 0.7179999999999963 0.2220998023557695 0.005836520344681048
0 0.014833333030448557 0.7179999999999963 0.029666666060897115 0.005836520344681048
1 0.16723845987681124 0.964 0.3344769197536225 0.002918260172344162