1 0.03826953028497064 0.7819999999999964 0.07653906056994128 0.05982433353299712
1 0.872 0.112 0.256 0.03210086189575668
0 0.7440000000000009 0.112 0.16666666424359028 0.03210086189575668
1 0.889 0.26199999999999635 0.222 0.027723471637240437
0 0.778 0.26199999999999635 0.12499999818269135 0.027723471637240437
1 0.616457421217774 0.116 0.328914842435548 0.021886951292559388
0 0.4520000000000009 0.116 0.1458333312131417 0.021886951292559388
1 0.6407089304974124 0.07599999999999636 0.3334178609948249 0.020427821206387305
0 0.474 0.07599999999999636 0.10416666515224278 0.020427821206387305
1 0.16789441641282973 0.536 0.16778883282565948 0.014591300861706258
0 0.084 0.536 0.062499999091345675 0.014591300861706258
1 0.45419326712221936 0.842 0.24438653424443874 0.011673040689362096
0 0.3320000000000009 0.842 0.1458333312131417 0.011673040689362096
1 0.97 0.336 0.06 0.010213910603197292
0 0.94 0.336 0.10416666515224278 0.010213910603197292
1 0.02572327475570728 0.6779999999999964 0.05144654951141456 0.005836520344681048
0 0.013624999772836419 0.6779999999999964 0.027249999545672837 0.005836520344681048
1 0.5706187752821971 0.194 0.25723755056439407 0.004377390258508967