1 0.22325322192597924 0.718 0.36650644385195846 0.029182601723412516
0 0.098124998864183 0.718 0.196249997728366 0.029182601723412516
1 0.932 0.9911634796553189 0.136 0.017673040689362096
0 0.864 0.9911634796553189 0.20833333030448556 0.017673040689362096
0 0.9397083341662655 0.922 0.12058333166746889 0.020427821206394584
1 0.748 0.3780000000000073 0.504 0.017509561034050422
0 0.49599999999999816 0.3780000000000073 0.1458333312131399 0.017509561034050422
1 0.17637189545682122 0.5240000000000072 0.25274379091364246 0.017509561034050422
0 0.06666666606089712 0.5240000000000072 0.13333333212179424 0.017509561034050422
1 0.737 0.9880000000000073 0.526 0.017509561034050422
0 0.474 0.9880000000000073 0.16666666424358845 0.017509561034050422
1 0.22060784887038426 0.5559999999999927 0.2532156977407685 0.016050430947871064
0 0.09399999999999818 0.5559999999999927 0.10416666515224278 0.016050430947871064
1 0.10817177013531364 0.6779999999999927 0.21634354027062727 0.016050430947871064
0 0.008833333030448557 0.6779999999999927 0.017666666060897115 0.016050430947871064
1 0.948 0.7039999999999927 0.104 0.016050430947871064
0 0.8959999999999981 0.7039999999999927 0.1458333312131399 0.016050430947871064
1 0.26208041078887256 0.288 0.27216082157774507 0.014591300861706258
0 0.12599999999999817 0.288 0.18749999727403702 0.014591300861706258
1 0.948 0.74 0.104 0.014591300861706258
0 0.8959999999999981 0.74 0.18749999727403702 0.014591300861706258
1 0.851 0.75 0.298 0.014591300861706258
0 0.702 0.75 0.16666666424358845 0.014591300861706258
1 0.15524178975257383 0.93 0.31048357950514766 0.014591300861706258
1 0.6886457480645894 0.08400000000000728 0.149291496129179 0.013132170775541454
0 0.6139999999999982 0.08400000000000728 0.18749999727403702 0.013132170775541454