1 0.3452455870144922 0.8619999999999928 0.41049117402898444 0.036478252154265645
0 0.13999999999999954 0.8619999999999928 0.22916666333493504 0.036478252154265645
1 0.051645078246487175 0.9139999999999927 0.10329015649297435 0.026264341551068354
1 0.10146686794662946 0.258 0.20293373589325892 0.02480521146490355
1 0.37501637377025415 0.23 0.5340327475405083 0.018968691120215226
0 0.10799999999999954 0.23 0.16666666424358936 0.018968691120215226
1 0.5612570294565375 0.596 0.2785140589130751 0.018968691120215226
0 0.422 0.596 0.08333333212179422 0.018968691120215226
1 0.6212211163020793 0.05600000000000727 0.4224422326041586 0.017509561034050422
0 0.4100000000000009 0.05600000000000727 0.22916666333493596 0.017509561034050422
1 0.22592162363237459 0.49000000000000726 0.45184324726474917 0.017509561034050422
1 0.06407636085610056 0.7960000000000073 0.12815272171220113 0.017509561034050422
1 0.6458682689533479 0.9079999999999927 0.29573653790669596 0.016050430947871064
0 0.4980000000000009 0.9079999999999927 0.1458333312131417 0.016050430947871064
1 0.30906035805479404 0.404 0.5341207161095881 0.014591300861706258
0 0.047041666288061154 0.404 0.09408333257612231 0.014591300861706258
1 0.911 0.44 0.178 0.014591300861706258
0 0.822 0.44 0.020833333030448556 0.014591300861706258
1 0.3660776752808397 0.9933521747845734 0.5601553505616794 0.01329565043085313
0 0.08599999999999955 0.9933521747845734 0.16666666424358936 0.01329565043085313
1 0.04294055305984148 0.5620000000000073 0.08588110611968296 0.013132170775541454
1 0.28820030343348574 0.156 0.27640060686697143 0.010213910603197292
0 0.15000000000000047 0.156 0.08333333212179514 0.010213910603197292
1 0.4628312822815715 0.202 0.277662564563143 0.010213910603197292
0 0.324 0.202 0.10416666515224278 0.010213910603197292
1 0.911 0.626 0.178 0.010213910603197292
0 0.822 0.626 0.08333333212179422 0.010213910603197292
1 0.09811009857165573 0.708 0.13222019714331146 0.002