1 0.959 0.7120000000000073 0.082 0.027723471637247712
0 0.8756666678782049 0.7120000000000073 0.24866666424359027 0.027723471637247712
1 0.3666758345405124 0.19199999999999273 0.2853516690810247 0.021886951292559388
0 0.22400000000000092 0.19199999999999273 0.16666666424359028 0.021886951292559388
1 0.8043947622884471 0.494 0.31278952457689413 0.014591300861706258
0 0.6480000000000009 0.494 0.18749999727403882 0.014591300861706258
1 0.943 0.61 0.114 0.014591300861706258
0 0.886 0.61 0.10416666515224278 0.014591300861706258
1 0.12232161783021456 0.06600000000000728 0.24464323566042911 0.013132170775541454
1 0.937 0.978 0.126 0.010213910603197292
0 0.8740000000000009 0.978 0.1458333312131417 0.010213910603197292
1 0.5853935814862953 0.042 0.3747871629725905 0.008754780517017934
0 0.398 0.042 0.062499999091345675 0.008754780517017934
1 0.38534999027990763 0.08399999999999272 0.14669998055981523 0.007295650430853129
0 0.312 0.08399999999999272 0.08333333212179422 0.007295650430853129
1 0.883 0.3019999999999927 0.234 0.007295650430853129
0 0.766 0.3019999999999927 0.08333333212179422 0.007295650430853129
1 0.797 0.728 0.406 0.005836520344688324
0 0.594 0.728 0.04166666606089711 0.005836520344688324
1 0.829 0.714 0.342 0.004377390258508967