1 0.2549036922042633 0.96 0.5098073844085266 0.0350191220680972
0 0.045749998637020325 0.96 0.09149999727404065 0.0350191220680972
1 0.29129573764575617 0.3420000000000009 0.5825914752915123 0.03355999198192694
0 0.07274999863702032 0.3420000000000009 0.14549999727404064 0.03355999198192694
1 0.38613567547998534 0.9983395670476038 0.3122713509599707 0.0033208659047922993
0 0.22999999999999818 0.9983395670476038 0.22916666333493413 0.0033208659047922993
1 0.24245643781078796 0.9780000000000009 0.30891287562157593 0.029182601723414338
0 0.122124998864183 0.9780000000000009 0.244249997728366 0.029182601723414338
1 0.6145356898102509 0.258 0.48907137962050184 0.026264341551071994
0 0.36999999999999816 0.258 0.18749999727403702 0.026264341551071994
1 0.1160382209775289 0.09400000000000046 0.2320764419550578 0.020427821206390036
1 0.6673081830379634 0.2099999999999991 0.33461636607592665 0.020427821206389127
0 0.5 0.2099999999999991 0.16666666424358845 0.020427821206389127
1 0.5384641101386387 0.7639999999999991 0.7929282202772774 0.020427821206389127
0 0.14199999999999818 0.7639999999999991 0.18749999727403702 0.020427821206389127
1 0.6407787903291555 0.874 0.32555758065831103 0.018968691120218865
0 0.4779999999999982 0.874 0.10416666515224278 0.018968691120218865
1 0.04215837494949119 0.934 0.08431674989898238 0.018968691120218865
1 0.8350601443145824 0.43000000000000094 0.17012028862916487 0.0175095610340486
0 0.75 0.43000000000000094 0.08333333212179422 0.0175095610340486
1 0.804573865436807 0.06799999999999955 0.1731477308736139 0.01605043094787743
0 0.7179999999999982 0.06799999999999955 0.10416666515224278 0.01605043094787743
1 0.6027633750213827 0.98 0.16152675004276534 0.014591300861706258
0 0.522 0.98 0.12499999818269135 0.014591300861706258
1 0.06369070635828575 0.5239999999999991 0.1273814127165715 0.013132170775535997
1 0.0913963299930274 0.685999999999999 0.1827926599860548 0.013132170775535997
1 0.2506105207281762 0.2 0.4772210414563524 0.011673040689365734
0 0.02162499977283551 0.2 0.04324999954567102 0.011673040689365734
1 0.8048195343825136 0.952 0.32563906876502735 0.011673040689365734
0 0.6419999999999981 0.952 0.10416666515224278 0.011673040689365734
1 0.5914017704679881 0.13199999999999953 0.33480354093597636 0.010213910603194563
0 0.424 0.13199999999999953 0.12499999818269135 0.010213910603194563
1 0.1452887385268423 0.36200000000000093 0.15857747705368455 0.010213910603195472
0 0.06599999999999819 0.36200000000000093 0.10416666515224278 0.010213910603195472
1 0.4515186129338381 0.3119999999999991 0.16303722586767616 0.008754780517023391
0 0.36999999999999816 0.3119999999999991 0.10416666515224278 0.008754780517023391
1 0.7092802770402814 0.6399999999999991 0.33056055408056273 0.008754780517023391
0 0.544 0.6399999999999991 0.08333333212179422 0.008754780517023391
1 0.3637797481023445 0.552 0.1595594962046889 0.007295650430853129
0 0.2839999999999982 0.552 0.062499999091345675 0.007295650430853129