1 0.794 0.44 0.412 0.046692162757462935
0 0.588 0.44 0.2499999963653827 0.046692162757462935
1 0.81 0.2579999999999982 0.38 0.018968691120218865
0 0.6199999999999982 0.2579999999999982 0.22916666333493413 0.018968691120218865
1 0.897 0.6199999999999982 0.206 0.018968691120218865
0 0.794 0.6199999999999982 0.12499999818269135 0.018968691120218865
1 0.924 0.18 0.152 0.01605043094787834
0 0.848 0.18 0.16666666424358845 0.01605043094787834
1 0.7864088429985859 0.758 0.3528176859971718 0.01605043094787834
0 0.61 0.758 0.16666666424358845 0.01605043094787834
1 0.028055519128046397 0.98 0.056111038256092795 0.01605043094787834
1 0.3198378276161966 0.492 0.3316756552323932 0.014591300861706258
0 0.15400000000000091 0.492 0.2083333303044874 0.014591300861706258
1 0.42699686508082957 0.92 0.32999373016165917 0.014591300861706258
0 0.2620000000000009 0.92 0.16666666424359028 0.014591300861706258
1 0.2625928605842182 0.08000000000000182 0.3251857211684364 0.011673040689365734
0 0.1 0.08000000000000182 0.08333333212179422 0.011673040689365734
1 0.11542386782586073 0.11600000000000182 0.23084773565172145 0.011673040689365734
1 0.5325641387976502 0.7100000000000019 0.34512827759530046 0.011673040689365734
0 0.36 0.7100000000000019 0.12499999818269135 0.011673040689365734
1 0.39704903407844905 0.8379999999999982 0.2260980681568981 0.010213910603193653
0 0.284 0.8379999999999982 0.062499999091345675 0.010213910603193653
1 0.783 0.464 0.434 0.007295650430853129
0 0.566 0.464 0.08333333212179422 0.007295650430853129
1 0.06636357398129349 0.644 0.13272714796258697 0.007295650430853129
1 0.1432783843385114 0.004 0.2865567686770228 0.005836520344681048