1 0.20890274075584966 0.95 0.35780548151169933 0.033559991981921486
0 0.07229166583373445 0.95 0.1445833316674689 0.033559991981921486
1 0.889 0.98 0.222 0.029182601723412516
0 0.778 0.98 0.10416666515224278 0.029182601723412516
1 0.954 0.023999999999992725 0.092 0.026264341551068354
0 0.8967083341662665 0.023999999999992725 0.20658333166746706 0.026264341551068354
1 0.04590717688727273 0.9359999999999927 0.09181435377454546 0.026264341551068354
0 0.9499166674238786 0.312 0.10016666515224279 0.02480521146490355
0 0.9779166674238786 0.808 0.04416666515224279 0.023346081378724192
1 0.2907044658928571 0.29600000000000726 0.13340893178571422 0.017509561034050422
0 0.224 0.29600000000000726 0.062499999091345675 0.017509561034050422
1 0.14268525294029133 0.5659999999999927 0.28537050588058266 0.016050430947871064
1 0.507277105540823 0.272 0.3505542110816459 0.014591300861706258
0 0.332 0.272 0.08333333212179422 0.014591300861706258
1 0.7957059450854121 0.10600000000000728 0.38341189017082433 0.013132170775541454
0 0.604 0.10600000000000728 0.10416666515224278 0.013132170775541454
1 0.08971602891943985 0.22000000000000727 0.1794320578388797 0.013132170775541454
0 0.03466666606089802 0.22000000000000727 0.06933333212179604 0.013132170775541454
1 0.869820140889201 0.644 0.2076402817784019 0.010213910603197292
0 0.7660000000000009 0.644 0.1458333312131417 0.010213910603197292
1 0.894 0.38199999999999273 0.212 0.007295650430853129
0 0.788 0.38199999999999273 0.08333333212179422 0.007295650430853129