1 0.11890600846525376 0.848 0.23781201693050752 0.045233032671298135
1 0.655 0.676 0.69 0.035019122068100844
0 0.3100000000000009 0.676 0.1458333312131417 0.035019122068100844
1 0.98 0.8040000000000073 0.04 0.027723471637247712
0 0.8862500013629806 0.8040000000000073 0.22749999727403883 0.027723471637247712
1 0.5 0.962 1.0 0.02480521146490355
1 0.25957031363870553 0.5859999999999927 0.4631406272774111 0.021886951292559388
0 0.04524999954567283 0.5859999999999927 0.09049999909134566 0.021886951292559388
1 0.731 0.916 0.538 0.020427821206394584
0 0.4620000000000009 0.916 0.16666666424359028 0.020427821206394584
1 0.4773603812099336 0.94 0.7467207624198673 0.020427821206394584
0 0.1040833325761223 0.94 0.2081666651522446 0.020427821206394584
1 0.866 0.47800000000000725 0.268 0.017509561034050422
0 0.7320000000000009 0.47800000000000725 0.16666666424359028 0.017509561034050422
1 0.04051841146966035 0.43999999999999273 0.0810368229393207 0.016050430947871064
1 0.904 0.772 0.192 0.014591300861706258
0 0.8080000000000009 0.772 0.16666666424359028 0.014591300861706258
1 0.5608067069546878 0.22599999999999273 0.8696134139093756 0.011673040689362096
0 0.126 0.22599999999999273 0.12499999818269135 0.011673040689362096
1 0.20271374893888697 0.738 0.15342749787777393 0.008754780517017934
1 0.08335086301789034 0.5659999999999927 0.15470172603578067 0.007295650430853129
0 0.02383333303044856 0.5659999999999927 0.04766666606089712 0.007295650430853129
1 0.2651299969061665 0.7959999999999927 0.45025999381233306 0.007295650430853129
0 0.04 0.7959999999999927 0.062499999091345675 0.007295650430853129