1 0.41146638816342873 0.2760000000000073 0.33093277632685747 0.03210086189575668
0 0.2460000000000009 0.2760000000000073 0.16666666424359028 0.03210086189575668
1 0.3340055226796203 0.17 0.0680110453592406 0.023346081378724192
0 0.3 0.17 0.08333333212179422 0.023346081378724192
1 0.853833890328473 0.24400000000000727 0.21966778065694598 0.017509561034050422
0 0.744 0.24400000000000727 0.12499999818269135 0.017509561034050422
1 0.959 0.4879999999999927 0.082 0.016050430947871064
0 0.9180000000000009 0.4879999999999927 0.1458333312131417 0.016050430947871064
1 0.943 0.22000000000000727 0.114 0.013132170775541454
0 0.8860000000000009 0.22000000000000727 0.18749999727403882 0.013132170775541454
1 0.010086926879448583 0.242 0.020173853758897166 0.004377390258508967