1 0.12241642580207372 0.186 0.24483285160414744 0.02480521146490355
1 0.7090875360153696 0.892 0.2221750720307391 0.02480521146490355
0 0.598 0.892 0.20833333030448556 0.02480521146490355
1 0.799 0.008471737823139846 0.402 0.016943475646279692
0 0.598 0.008471737823139846 0.12499999818269135 0.016943475646279692
1 0.6005252033133911 0.20400000000000182 0.7850504066267822 0.020427821206390945
0 0.2080000000000009 0.20400000000000182 0.2083333303044874 0.020427821206390945
1 0.88 0.08799999999999818 0.24 0.018968691120218865
0 0.7599999999999982 0.08799999999999818 0.1458333312131399 0.018968691120218865
1 0.962 0.30599999999999816 0.076 0.017509561034046783
0 0.9151250006814898 0.30599999999999816 0.16974999863702034 0.017509561034046783
1 0.03338237940101681 0.112 0.06676475880203361 0.014591300861706258
1 0.056844979695350045 0.04400000000000182 0.11368995939070009 0.013132170775537815
1 0.09666495929169287 0.23000000000000181 0.19332991858338575 0.011673040689365734
0 0.026458332803285883 0.23000000000000181 0.05291666560657177 0.011673040689365734
1 0.908 0.678 0.184 0.008754780517025211
0 0.8159999999999982 0.678 0.10416666515224278 0.008754780517025211
1 0.38423898378548255 0.25200000000000183 0.44047796757096513 0.0043773902585126055