1 0.812 0.7400000000000009 0.376 0.03355999198192694
0 0.6239999999999991 0.7400000000000009 0.3958333275785244 0.03355999198192694
1 0.39606166386742736 0.42 0.6041233277348547 0.0306417318095846
0 0.094 0.42 0.12499999818269135 0.0306417318095846
1 0.37780488863011213 0.49 0.3076097772602243 0.027723471637244073
0 0.22400000000000092 0.49 0.22916666333493596 0.027723471637244073
0 0.9657500004543271 0.11800000000000045 0.06849999909134567 0.026264341551072903
1 0.5962101687541708 0.5120000000000009 0.4644203375083416 0.021886951292561206
0 0.36400000000000093 0.5120000000000009 0.27083332939583304 0.021886951292561206
1 0.2519697314849918 0.536 0.44793946296998366 0.014591300861706258
0 0.04524999954567283 0.536 0.09049999909134566 0.014591300861706258
1 0.2109921498222966 0.38999999999999907 0.4219842996445932 0.013132170775535997
1 0.6820412041659875 0.344 0.16008240833197487 0.011673040689365734
0 0.6020000000000009 0.344 0.1458333312131417 0.011673040689365734
1 0.07527102940622353 0.692000000000001 0.15054205881244706 0.010213910603195472