1 0.14326940848240519 0.8540000000000073 0.17453881696481038 0.027723471637247712
0 0.07487499931850834 0.8540000000000073 0.14974999863701668 0.027723471637247712
1 0.2591544267801419 0.784 0.34230885356028373 0.020427821206394584
0 0.088 0.784 0.08333333212179422 0.020427821206394584
1 0.1453628168785799 0.164 0.2907256337571598 0.018968691120215226
1 0.35966911248568795 0.7640000000000072 0.7193382249713759 0.017509561034050422
1 0.3884603948352342 0.30400000000000726 0.34092078967046835 0.013132170775541454
0 0.21799999999999817 0.30400000000000726 0.10416666515224278 0.013132170775541454
1 0.47063878372148793 0.8080000000000073 0.17727756744297585 0.013132170775541454
0 0.382 0.8080000000000073 0.16666666424358845 0.013132170775541454
1 0.5150931774555502 0.8439999999999928 0.18218635491110036 0.007295650430853129