1 0.3940404216120678 0.9120000000000072 0.7880808432241356 0.046692162757462935
1 0.06495605735720164 0.026 0.12991211471440328 0.033559991981921486
0 0.025874999318508344 0.026 0.05174999863701669 0.033559991981921486
1 0.05724525416703909 0.786 0.11449050833407819 0.023346081378724192
1 0.5663201942512697 0.26599999999999274 0.17664038850253927 0.021886951292559388
0 0.478 0.26599999999999274 0.12499999818269135 0.021886951292559388
1 0.11639469804709551 0.624 0.23278939609419103 0.020427821206394584
0 0.009666666060897115 0.624 0.01933333212179423 0.020427821206394584
1 0.6208780643504469 0.856 0.4777561287008939 0.018968691120215226
0 0.38200000000000184 0.856 0.2916666624262834 0.018968691120215226
1 0.18924634943775526 0.5720000000000073 0.3784926988755105 0.017509561034050422
1 0.7060144094082261 0.7559999999999927 0.47602881881645226 0.016050430947871064
0 0.4679999999999982 0.7559999999999927 0.1458333312131399 0.016050430947871064