1 0.04849437888608736 0.4899999999999927 0.09698875777217472 0.036478252154265645
0 0.9602916676510412 0.7419999999999928 0.07941666469791744 0.021886951292559388
1 0.752 0.14 0.496 0.018968691120215226
0 0.5039999999999982 0.14 0.22916666333493413 0.018968691120215226
1 0.482057069491424 0.686 0.3241141389828481 0.018968691120215226
0 0.32 0.686 0.2499999963653827 0.018968691120215226
1 0.4333177068059158 0.7160000000000073 0.16263541361183162 0.017509561034050422
0 0.352 0.7160000000000073 0.12499999818269135 0.017509561034050422
1 0.3586825098349927 0.19799999999999274 0.2733650196699855 0.016050430947871064
0 0.222 0.19799999999999274 0.12499999818269135 0.016050430947871064
1 0.6577738091589527 0.6200000000000073 0.15554761831790528 0.013132170775541454
0 0.58 0.6200000000000073 0.08333333212179422 0.013132170775541454
1 0.7072633235736503 0.118 0.14652664714730054 0.010213910603197292
0 0.634 0.118 0.12499999818269135 0.010213910603197292
0 0.9691666669695514 0.364 0.061666666060897116 0.010213910603197292
0 0.9911666669695515 0.56 0.017666666060897115 0.010213910603197292
1 0.0905570311405645 0.634 0.149114062281129 0.010213910603197292
0 0.018416666515224278 0.634 0.036833333030448556 0.010213910603197292
1 0.968 0.224 0.064 0.008754780517017934
0 0.936 0.224 0.12499999818269135 0.008754780517017934
1 0.931 0.502 0.138 0.008754780517017934
0 0.862 0.502 0.08333333212179422 0.008754780517017934