1 0.647539427715747 0.746 0.19907885543149406 0.03939651232660981
0 0.5480000000000005 0.746 0.14583333121314082 0.03939651232660981
1 0.1442105150801508 0.66 0.2884210301603016 0.030641731809591875
1 0.905 0.2060000000000073 0.19 0.027723471637247712
0 0.81 0.2060000000000073 0.020833333030448556 0.027723471637247712
1 0.8787299209800776 0.9659999999999928 0.20545984196015524 0.026264341551068354
0 0.776 0.9659999999999928 0.22916666333493596 0.026264341551068354
1 0.4103934699189017 0.7 0.2847869398378034 0.02480521146490355
0 0.268 0.7 0.35416666151762727 0.02480521146490355
1 0.3203623422684959 0.3559999999999927 0.19272468453699185 0.021886951292559388
0 0.22400000000000045 0.3559999999999927 0.08333333212179514 0.021886951292559388
1 0.948 0.39599999999999275 0.104 0.021886951292559388
0 0.8960000000000005 0.39599999999999275 0.14583333121314082 0.021886951292559388
0 0.9389166674238781 0.284 0.1221666651522437 0.020427821206394584
1 0.5892064048501721 0.03 0.578412809700344 0.018968691120215226
0 0.30000000000000043 0.03 0.14583333121314082 0.018968691120215226
1 0.04564230649086312 0.2600000000000073 0.09128461298172624 0.017509561034050422
0 0.992541667196715 0.01 0.01491666560656995 0.014591300861706258
1 0.06371822441452514 0.03800000000000728 0.12743644882905028 0.013132170775541454
1 0.03851228405491247 0.49800000000000727 0.07702456810982494 0.013132170775541454
1 0.872 0.6840000000000073 0.256 0.013132170775541454
0 0.7440000000000004 0.6840000000000073 0.14583333121314082 0.013132170775541454
1 0.861 0.8180000000000073 0.278 0.013132170775541454
0 0.7220000000000004 0.8180000000000073 0.12499999818269225 0.013132170775541454
1 0.7460740907080458 0.009999999999992725 0.41614818141609156 0.011673040689362096
0 0.5380000000000005 0.009999999999992725 0.14583333121314082 0.011673040689362096
1 0.2660235350860153 0.23999999999999272 0.36804707017203053 0.011673040689362096
0 0.08200000000000046 0.23999999999999272 0.12499999818269225 0.011673040689362096
1 0.8027284990018753 0.706 0.20545699800375042 0.010213910603197292
0 0.7000000000000004 0.706 0.12499999818269225 0.010213910603197292
1 0.13904807552859302 0.976 0.17809615105718604 0.010213910603197292
0 0.06145833280328543 0.976 0.12291666560657086 0.010213910603197292
1 0.2522674208973758 0.32599999999999274 0.18853484179475163 0.007295650430853129
0 0.158 0.32599999999999274 0.062499999091345675 0.007295650430853129
1 0.0678921656525772 0.4799999999999927 0.1357843313051544 0.007295650430853129
1 0.3699649595963542 0.6679999999999927 0.09592991919270843 0.007295650430853129
0 0.32200000000000045 0.6679999999999927 0.08333333212179514 0.007295650430853129