1 0.6853724247319951 0.686 0.41874484946399027 0.05398781318831607
0 0.4760000000000009 0.686 0.1458333312131417 0.05398781318831607
1 0.2380356556338147 0.8460000000000036 0.4760713112676294 0.04815129284363502
1 0.533747679611537 0.912 0.7234953592230741 0.02480521146490355
0 0.17199999999999954 0.912 0.2916666624262807 0.02480521146490355
1 0.7341849795169765 0.468 0.3883699590339529 0.021886951292559388
0 0.5400000000000009 0.468 0.16666666424359028 0.021886951292559388
1 0.578912099473031 0.938 0.4458241989460621 0.021886951292559388
0 0.3560000000000009 0.938 0.2499999963653845 0.021886951292559388
1 0.43495467232632473 0.6719999999999964 0.13390934465264945 0.020427821206387305
0 0.368 0.6719999999999964 0.10416666515224278 0.020427821206387305
1 0.8679165137340615 0.43000000000000366 0.263833027468123 0.01605043094787834
0 0.7360000000000009 0.43000000000000366 0.18749999727403882 0.01605043094787834
1 0.1300258855652619 0.118 0.2600517711305238 0.011673040689362096
1 0.7997926270298558 0.872 0.3035852540597116 0.011673040689362096
0 0.6480000000000009 0.872 0.1458333312131417 0.011673040689362096
1 0.043279054679136154 0.972 0.08655810935827231 0.011673040689362096
1 0.11935487066530004 0.3160000000000036 0.23870974133060008 0.008754780517025211
0 0.035458332803285426 0.3160000000000036 0.07091666560657085 0.008754780517025211
1 0.933 0.34000000000000363 0.134 0.008754780517025211
0 0.866 0.34000000000000363 0.062499999091345675 0.008754780517025211
1 0.007890062344127273 0.6320000000000037 0.015780124688254547 0.008754780517025211