1 0.22761456397258348 0.2560000000000073 0.18722912794516697 0.037937382240445
0 0.134 0.2560000000000073 0.020833333030448556 0.037937382240445
1 0.957 0.394 0.086 0.030641731809591875
0 0.8736666678782053 0.394 0.25266666424358936 0.030641731809591875
0 0.9400416681053687 0.4359999999999927 0.11991666378926266 0.026264341551068354
1 0.8170220361585239 0.092 0.32604407231704774 0.023346081378724192
0 0.654 0.092 0.29166666242628164 0.023346081378724192
1 0.6695260379533904 0.866 0.2670520759067808 0.018968691120215226
0 0.536 0.866 0.16666666424358936 0.018968691120215226
1 0.545687390940883 0.7780000000000072 0.323374781881766 0.017509561034050422
0 0.384 0.7780000000000072 0.16666666424358936 0.017509561034050422
1 0.7667368773873284 0.5720000000000073 0.18147375477465674 0.013132170775541454
0 0.676 0.5720000000000073 0.16666666424358936 0.013132170775541454
1 0.39595724835327656 0.552 0.1559144967065531 0.010213910603197292
0 0.318 0.552 0.14583333121314082 0.010213910603197292
1 0.7926972793183895 0.2299999999999927 0.18939455863677904 0.007295650430853129
0 0.6979999999999997 0.2299999999999927 0.10416666515224324 0.007295650430853129