1 0.6208218896524259 0.056 0.1896437793048517 0.05398781318831607
0 0.526 0.056 0.020833333030448556 0.05398781318831607
1 0.773 0.186 0.454 0.02480521146490355
0 0.546 0.186 0.12499999818269135 0.02480521146490355
1 0.931 0.112 0.138 0.014591300861706258
0 0.8620000000000009 0.112 0.16666666424359028 0.014591300861706258
1 0.86 0.04400000000000182 0.28 0.013132170775537815
0 0.7200000000000009 0.04400000000000182 0.16666666424359028 0.013132170775537815
0 0.9535416671967151 0.23000000000000181 0.09291666560656996 0.011673040689365734
1 0.2367475853895703 0.23199999999999818 0.2694951707791406 0.010213910603193653
0 0.102 0.23199999999999818 0.08333333212179422 0.010213910603193653
1 0.42837431142626065 0.772 0.4367486228525213 0.008754780517025211
0 0.21 0.772 0.10416666515224278 0.008754780517025211
1 0.14648931098993853 0.01600000000000182 0.29297862197987706 0.0043773902585126055
1 0.5132663425016317 0.10000000000000182 0.2785326850032634 0.0043773902585126055