1 0.3367756601626807 0.7559999999999982 0.3335513203253613 0.018968691120218865
0 0.1700000000000009 0.7559999999999982 0.18749999727403882 0.018968691120218865
1 0.7603479802403462 0.704 0.3566959604806925 0.014591300861706258
0 0.582000000000001 0.704 0.1458333312131417 0.014591300861706258
1 0.59 0.5620000000000018 0.82 0.013132170775537815
0 0.1800000000000009 0.5620000000000018 0.1458333312131417 0.013132170775537815
1 0.8206311353264683 0.7820000000000018 0.3492622706529364 0.011673040689365734
0 0.646 0.7820000000000018 0.10416666515224278 0.011673040689365734
1 0.39685250367097613 0.8339999999999982 0.7937050073419523 0.010213910603193653
1 0.07986840913157447 0.342 0.15973681826314895 0.008754780517025211
0 0.019041666288060696 0.342 0.03808333257612139 0.008754780517025211
1 0.01259956276646244 0.31399999999999817 0.02519912553292488 0.002918260172340524