1 0.20687936360389902 0.576 0.41375872720779805 0.03210086189575668
0 0.012249999545672836 0.576 0.024499999091345672 0.03210086189575668
1 0.13663209798253592 0.7239999999999963 0.27326419596507184 0.020427821206387305
1 0.5436211112603178 0.72 0.49124222252063554 0.017509561034050422
0 0.298 0.72 0.10416666515224278 0.017509561034050422
1 0.5407142763353313 0.6200000000000037 0.2494285526706626 0.01605043094787834
0 0.4160000000000009 0.6200000000000037 0.1458333312131417 0.01605043094787834
1 0.958 0.45 0.084 0.014591300861706258
0 0.9160000000000009 0.45 0.16666666424359028 0.014591300861706258
1 0.914 0.4339999999999964 0.172 0.005836520344681048
0 0.828 0.4339999999999964 0.08333333212179422 0.005836520344681048