0 0.9695000009086543 0.16000000000000728 0.06099999818269134 0.06711998396385752
1 0.6155033598683549 0.8780000000000073 0.5750067197367098 0.03210086189575668
0 0.328 0.8780000000000073 0.2499999963653827 0.03210086189575668
1 0.45274231786532254 0.204 0.9054846357306451 0.029182601723412516
0 0.04149999909134658 0.204 0.08299999818269316 0.029182601723412516
1 0.2505371887079127 0.394 0.5010743774158254 0.023346081378724192
0 0.04729166583373444 0.394 0.09458333166746888 0.023346081378724192
1 0.64767781928763 0.5399999999999927 0.57535563857526 0.021886951292559388
0 0.36000000000000093 0.5399999999999927 0.1458333312131417 0.021886951292559388
1 0.10760045466984866 0.116 0.21520090933969732 0.020427821206394584
0 0.014499999091346581 0.116 0.028999998182693162 0.020427821206394584
1 0.373814236929793 0.166 0.33162847385958594 0.020427821206394584
0 0.208 0.166 0.12499999818269135 0.020427821206394584
1 0.5610581349341647 0.152 0.23011626986832925 0.014591300861706258
0 0.446 0.152 0.12499999818269135 0.014591300861706258
1 0.5834682952316307 0.668 0.12293659046326139 0.014591300861706258
0 0.5219999999999981 0.668 0.1458333312131399 0.014591300861706258
1 0.75 0.858 0.5 0.014591300861706258
0 0.49999999999999817 0.858 0.18749999727403702 0.014591300861706258
1 0.5618808821249295 0.11200000000000727 0.447761764249859 0.013132170775541454
0 0.338 0.11200000000000727 0.16666666424358845 0.013132170775541454
1 0.7873240449331351 0.4159999999999927 0.35464808986627033 0.011673040689362096
0 0.6099999999999982 0.4159999999999927 0.10416666515224278 0.011673040689362096
1 0.06253631637340186 0.764 0.12507263274680372 0.010213910603197292
1 0.821 0.51 0.358 0.005836520344688324
0 0.6419999999999981 0.51 0.062499999091345675 0.005836520344688324
1 0.886 0.832 0.228 0.004377390258508967
0 0.7719999999999981 0.832 0.062499999091345675 0.004377390258508967