1 0.855 0.2800000000000009 0.29 0.03647825215426746
0 0.7099999999999991 0.2800000000000009 0.41666666060897295 0.03647825215426746
1 0.7091970684679682 0.55 0.4343941369359363 0.026264341551071994
0 0.492 0.55 0.12499999818269135 0.026264341551071994
1 0.3030125999175007 0.122 0.2500251998350013 0.023346081378731467
0 0.1780000000000009 0.122 0.1458333312131417 0.023346081378731467
1 0.887 0.702000000000001 0.226 0.021886951292561206
0 0.7740000000000009 0.702000000000001 0.2083333303044874 0.021886951292561206
1 0.05088450159016702 0.03199999999999909 0.10176900318033404 0.020427821206389127
1 0.07666537016984239 0.366 0.15333074033968477 0.018968691120218865
1 0.11737462911497641 0.828 0.23474925822995282 0.014591300861706258
1 0.86 0.03199999999999909 0.28 0.013132170775535997
0 0.7200000000000009 0.03199999999999909 0.1458333312131417 0.013132170775535997
1 0.4668025001536571 0.669999999999999 0.7936050003073142 0.013132170775535997
0 0.07 0.669999999999999 0.12499999818269135 0.013132170775535997
1 0.23641513366291564 0.913999999999999 0.3128302673258313 0.013132170775535997
0 0.08 0.913999999999999 0.08333333212179422 0.013132170775535997
1 0.7856489112010404 0.9819999999999991 0.25929782240208077 0.013132170775535997
0 0.656 0.9819999999999991 0.08333333212179422 0.013132170775535997
1 0.10086883949273033 0.83 0.20173767898546066 0.011673040689365734
1 0.08983321048548715 0.0820000000000009 0.1796664209709743 0.010213910603195472
1 0.009868212994967507 0.3860000000000009 0.019736425989935014 0.010213910603195472
1 0.07466335575624726 0.7759999999999991 0.14932671151249452 0.008754780517023391
1 0.7496454463323735 0.9679999999999991 0.33929089266474693 0.008754780517023391
0 0.58 0.9679999999999991 0.04166666606089711 0.008754780517023391
1 0.898 0.748 0.204 0.007295650430853129
0 0.796 0.748 0.08333333212179422 0.007295650430853129