1 0.7849962093411723 0.08400000000000728 0.11799241868234457 0.03210086189575668
0 0.726 0.08400000000000728 0.020833333030448556 0.03210086189575668
1 0.9185451383835561 0.262 0.0610902767671123 0.029182601723412516
0 0.888 0.262 0.12499999818269135 0.029182601723412516
1 0.5919985671385429 0.4620000000000073 0.16399713427708593 0.017509561034050422
0 0.51 0.4620000000000073 0.10416666515224278 0.017509561034050422
1 0.6295463371634287 0.296 0.11109267432685738 0.014591300861706258
0 0.574 0.296 0.020833333030448556 0.014591300861706258
1 0.874 0.246 0.252 0.010213910603197292
0 0.748 0.246 0.10416666515224278 0.010213910603197292
1 0.842472133861218 0.272 0.23294426772243607 0.010213910603197292
0 0.726 0.272 0.12499999818269135 0.010213910603197292
1 0.029129767627653565 0.06 0.05825953525530713 0.008754780517017934