1 0.30054658394780015 0.34999999999999637 0.44909316789560033 0.035019122068093565
0 0.07966666606089802 0.34999999999999637 0.15933333212179604 0.035019122068093565
0 0.9507500004543271 0.734 0.09849999909134567 0.02480521146490355
1 0.11538826831127062 0.9100000000000036 0.23077653662254125 0.023346081378731467
0 0.009458332803285884 0.9100000000000036 0.018916665606571768 0.023346081378731467
1 0.3270155599078562 0.812 0.30603111981571235 0.021886951292559388
0 0.1740000000000009 0.812 0.2499999963653845 0.021886951292559388
1 0.3715630642067172 0.29400000000000365 0.26712612841343436 0.0189686911202225
0 0.2380000000000009 0.29400000000000365 0.1458333312131417 0.0189686911202225
1 0.31137641297684604 0.6980000000000036 0.2547528259536921 0.0189686911202225
0 0.1840000000000009 0.6980000000000036 0.18749999727403882 0.0189686911202225
1 0.3254976706518091 0.086 0.26299534130361824 0.011673040689362096
0 0.194 0.086 0.10416666515224278 0.011673040689362096
1 0.400393860406035 0.316 0.2167877208120699 0.002