1 0.711 0.554 0.578 0.035019122068100844
0 0.4220000000000018 0.554 0.37499999454807764 0.035019122068100844
1 0.2568046209113818 0.374 0.5136092418227636 0.02480521146490355
0 0.009249999545672835 0.374 0.01849999909134567 0.02480521146490355
1 0.895 0.9937986971337741 0.21 0.012402605732451775
0 0.7900000000000018 0.9937986971337741 0.33333332848718056 0.012402605732451775
1 0.2657112062516662 0.7379999999999928 0.5114224125033324 0.021886951292559388
0 0.046666666060897116 0.7379999999999928 0.09333333212179423 0.021886951292559388
1 0.825 0.248 0.35 0.018968691120215226
0 0.6499999999999981 0.248 0.22916666333493413 0.018968691120215226
0 0.9459166674238786 0.08800000000000728 0.10816666515224278 0.017509561034050422
1 0.6757391442103889 0.19200000000000728 0.24747828842077796 0.017509561034050422
0 0.5519999999999982 0.19200000000000728 0.1458333312131399 0.017509561034050422
1 0.5760645422998277 0.21800000000000727 0.24412908459965546 0.013132170775541454
0 0.454 0.21800000000000727 0.12499999818269135 0.013132170775541454
1 0.689 0.2660000000000073 0.622 0.013132170775541454
0 0.378 0.2660000000000073 0.12499999818269135 0.013132170775541454