1 0.905 0.346 0.19 0.029182601723412516
0 0.8099999999999982 0.346 0.18749999727403702 0.029182601723412516
1 0.2293013993550503 0.07199999999999818 0.4426027987101006 0.018968691120218865
0 0.00920833325761123 0.07199999999999818 0.01841666651522246 0.018968691120218865
1 0.35242832266242113 0.16799999999999818 0.7048566453248423 0.018968691120218865
0 0.034291665833732624 0.16799999999999818 0.06858333166746525 0.018968691120218865
1 0.4788141518747125 0.664 0.46562830374942493 0.014591300861706258
0 0.246 0.664 0.16666666424358845 0.014591300861706258
1 0.5758378368026115 0.38200000000000184 0.48767567360522296 0.013132170775537815
0 0.3319999999999982 0.38200000000000184 0.10416666515224278 0.013132170775537815
1 0.8283464525151503 0.072 0.3206929050303006 0.008754780517025211
0 0.668 0.072 0.12499999818269135 0.008754780517025211
1 0.5442129474685371 0.528 0.16442589493707419 0.008754780517025211
0 0.462 0.528 0.12499999818269135 0.008754780517025211