1 0.1420145048171953 0.806 0.2840290096343906 0.029182601723412516
1 0.27587872036351563 0.17999999999999272 0.2597574407270313 0.026264341551068354
0 0.146 0.17999999999999272 0.062499999091345675 0.026264341551068354
1 0.5878621162381223 0.22200000000000727 0.36372423247624464 0.017509561034050422
0 0.406 0.22200000000000727 0.08333333212179422 0.017509561034050422
1 0.23239119771676725 0.6939999999999927 0.4327823954335345 0.016050430947871064
0 0.0340416662880607 0.6939999999999927 0.0680833325761214 0.016050430947871064
1 0.742268377332629 0.8579999999999928 0.47653675466525786 0.016050430947871064
0 0.5040000000000009 0.8579999999999928 0.1458333312131417 0.016050430947871064
1 0.1347924326168195 0.8659999999999928 0.173584865233639 0.016050430947871064
0 0.0500416662880607 0.8659999999999928 0.1000833325761214 0.016050430947871064
1 0.7029444102288135 0.314 0.37788882045762695 0.014591300861706258
0 0.5140000000000009 0.314 0.1458333312131417 0.014591300861706258
1 0.14524448180592844 0.718 0.2584889636118569 0.014591300861706258
0 0.044458332803285885 0.718 0.08891666560657177 0.014591300861706258
1 0.6633876058002143 0.6180000000000073 0.6427752116004285 0.013132170775541454
0 0.3420000000000009 0.6180000000000073 0.1458333312131417 0.013132170775541454
1 0.1953561808102495 0.678 0.390712361620499 0.010213910603197292
1 0.925 0.358 0.15 0.005836520344688324
0 0.85 0.358 0.062499999091345675 0.005836520344688324
1 0.4416832019287658 0.236 0.26736640385753163 0.004377390258508967