1 0.896 0.602 0.208 0.043773902585118776
0 0.7919999999999996 0.602 0.18749999727403793 0.043773902585118776
1 0.5202268760164297 0.21799999999999636 0.6684537520328595 0.03793738224043773
0 0.20237499840985537 0.21799999999999636 0.40474999681971074 0.03793738224043773
1 0.09261615682772435 0.7780000000000037 0.1852323136554487 0.03355999198192876
1 0.36646919413129125 0.158 0.27293838826258254 0.02480521146490355
0 0.23 0.158 0.020833333030448556 0.02480521146490355
1 0.712 0.13200000000000364 0.576 0.0189686911202225
0 0.42400000000000043 0.13200000000000364 0.14583333121314082 0.0189686911202225
1 0.08231524721936466 0.35800000000000365 0.16463049443872932 0.0189686911202225
1 0.5950832832403298 0.6820000000000036 0.43016656648065965 0.0189686911202225
0 0.38000000000000045 0.6820000000000036 0.14583333121314082 0.0189686911202225
1 0.24512226754389757 0.8980000000000037 0.42224453508779514 0.01605043094787834
0 0.05345833280328543 0.8980000000000037 0.10691666560657086 0.01605043094787834
1 0.29548846073120966 0.7539999999999963 0.4149769214624193 0.013132170775534177
0 0.08800000000000045 0.7539999999999963 0.12499999818269225 0.013132170775534177
1 0.972 0.964 0.056 0.011673040689362096
0 0.9440000000000005 0.964 0.1041666651522437 0.011673040689362096
0 0.9567500004543271 0.492 0.08649999909134568 0.010213910603197292
1 0.020818741913742996 0.23000000000000365 0.04163748382748599 0.008754780517025211