1 0.699 0.096 0.602 0.02480521146490355
0 0.3979999999999995 0.096 0.18749999727403793 0.02480521146490355
1 0.97 0.726 0.06 0.023346081378724192
0 0.9283333339391024 0.726 0.14333333212179514 0.023346081378724192
0 0.981541667196715 0.842 0.03691666560656995 0.023346081378724192
1 0.861 0.7099999999999927 0.278 0.021886951292559388
0 0.722 0.7099999999999927 0.2499999963653845 0.021886951292559388
1 0.35742430956572935 0.718 0.2668486191314587 0.018968691120215226
0 0.224 0.718 0.020833333030448556 0.018968691120215226
1 0.15839428926174104 0.6759999999999927 0.3167885785234821 0.016050430947871064
1 0.7038773026438438 0.8139999999999927 0.3757546052876878 0.016050430947871064
0 0.5159999999999996 0.8139999999999927 0.16666666424358936 0.016050430947871064
1 0.4145508941559365 0.068 0.27310178831187293 0.014591300861706258
0 0.27800000000000047 0.068 0.12499999818269225 0.014591300861706258
1 0.44802507569053435 0.31799999999999273 0.27605015138106864 0.011673040689362096
0 0.31000000000000044 0.31799999999999273 0.1041666651522437 0.011673040689362096
1 0.5222768205093398 0.078 0.7925536410186796 0.010213910603197292
0 0.126 0.078 0.020833333030448556 0.010213910603197292
1 0.5216898608259621 0.834 0.18337972165192423 0.008754780517017934
0 0.43000000000000044 0.834 0.08333333212179514 0.008754780517017934
1 0.05770105254330156 0.814 0.11540210508660312 0.004377390258508967