1 0.5234594254079656 0.9917043495691469 0.5749188508159314 0.016591300861706258
0 0.2360000000000009 0.9917043495691469 0.2083333303044874 0.016591300861706258
1 0.894 0.4940000000000018 0.212 0.027723471637244073
0 0.7880000000000009 0.4940000000000018 0.1458333312131417 0.027723471637244073
0 0.9559166674238786 0.7079999999999982 0.08816666515224278 0.018968691120218865
1 0.134597722814573 0.35 0.269195445629146 0.014591300861706258
1 0.22557091965221207 0.756 0.45114183930442414 0.014591300861706258
1 0.5789410579283567 0.3060000000000018 0.3418821158567134 0.011673040689365734
0 0.408 0.3060000000000018 0.08333333212179422 0.011673040689365734
1 0.6591010419129061 0.9900000000000018 0.3062020838258122 0.011673040689365734
0 0.506 0.9900000000000018 0.10416666515224278 0.011673040689365734
1 0.08139229650618109 0.30199999999999816 0.16278459301236217 0.010213910603193653
1 0.43082130715111905 0.5179999999999981 0.2616426143022381 0.010213910603193653
0 0.3 0.5179999999999981 0.08333333212179422 0.010213910603193653
1 0.14711432836103358 0.756 0.12622865672206718 0.005836520344681048
1 0.975 0.78 0.05 0.005836520344681048
0 0.95 0.78 0.04166666606089711 0.005836520344681048