1 0.822 0.058 0.356 0.035019122068100844
0 0.6439999999999981 0.058 0.27083332939583127 0.035019122068100844
0 0.9761250006814899 0.5840000000000073 0.04774999863702033 0.027723471637247712
1 0.828 0.9360000000000073 0.344 0.027723471637247712
0 0.656 0.9360000000000073 0.08333333212179422 0.027723471637247712
1 0.2115049786822892 0.9620000000000073 0.4230099573645784 0.027723471637247712
0 0.011666666060897115 0.9620000000000073 0.02333333212179423 0.027723471637247712
1 0.21161979125170366 0.9780000000000073 0.4232395825034073 0.027723471637247712
0 0.011666666060897115 0.9780000000000073 0.02333333212179423 0.027723471637247712
0 0.9747500004543271 0.436 0.05049999909134567 0.023346081378724192
1 0.1454303431517328 0.536 0.2908606863034656 0.023346081378724192
0 0.017249999545672835 0.536 0.03449999909134567 0.023346081378724192
1 0.909 0.1679999999999927 0.182 0.021886951292559388
0 0.8180000000000018 0.1679999999999927 0.2916666624262834 0.021886951292559388
1 0.12442203582433649 0.4119999999999927 0.24884407164867298 0.021886951292559388
1 0.16920973971195416 0.916 0.3384194794239083 0.020427821206394584
1 0.546 0.944 0.908 0.020427821206394584
0 0.0980833325761214 0.944 0.1961666651522428 0.020427821206394584
1 0.40472426094695946 0.116 0.3214485218939189 0.018968691120215226
0 0.2439999999999982 0.116 0.020833333030448556 0.018968691120215226
1 0.7836876465238948 0.332 0.34337529304778946 0.018968691120215226
0 0.612 0.332 0.20833333030448556 0.018968691120215226
1 0.741 0.348 0.518 0.018968691120215226
0 0.482 0.348 0.20833333030448556 0.018968691120215226
1 0.13471008770031404 0.4 0.26942017540062807 0.018968691120215226
1 0.768 0.486 0.464 0.018968691120215226
0 0.536 0.486 0.16666666424358845 0.018968691120215226
1 0.049755408867209555 0.8419999999999928 0.09951081773441911 0.016050430947871064
1 0.3662455426233719 0.36 0.4844910852467437 0.014591300861706258
0 0.124 0.36 0.08333333212179422 0.014591300861706258
1 0.22551811784247003 0.516 0.45103623568494006 0.010213910603197292
1 0.698 0.62 0.604 0.010213910603197292
0 0.396 0.62 0.12499999818269135 0.010213910603197292