1 0.91 0.9079999999999991 0.18 0.05544694327448633
0 0.820000000000001 0.9079999999999991 0.2499999963653845 0.05544694327448633
0 0.9817500004543271 0.1660000000000009 0.03649999909134567 0.0175095610340486
1 0.2911616024618843 0.286 0.5823232049237685 0.01605043094787834
0 0.024249999545672835 0.286 0.04849999909134567 0.01605043094787834
1 0.948 0.982 0.104 0.01605043094787834
0 0.8960000000000009 0.982 0.16666666424359028 0.01605043094787834
1 0.20015032682180936 0.326 0.4003006536436187 0.014591300861706258
0 0.034458332803285883 0.326 0.06891666560657177 0.014591300861706258
1 0.021651930600220113 0.2420000000000009 0.043303861200440226 0.010213910603195472
1 0.13547987317597562 0.5060000000000009 0.14695974635195125 0.010213910603195472
0 0.062249999545672834 0.5060000000000009 0.12449999909134567 0.010213910603195472
1 0.6197912946208644 0.654 0.16358258924172878 0.007295650430853129
0 0.538 0.654 0.10416666515224278 0.007295650430853129
1 0.09499107943319268 0.542 0.18998215886638536 0.002