1 0.971 0.4 0.058 0.020427821206394584
0 0.9241250006814907 0.4 0.15174999863701852 0.020427821206394584
1 0.24833707656127718 0.048 0.2606741531225543 0.018968691120215226
0 0.11800000000000091 0.048 0.2083333303044874 0.018968691120215226
1 0.5222812560842458 0.3559999999999927 0.2205625121684916 0.016050430947871064
0 0.4120000000000009 0.3559999999999927 0.16666666424359028 0.016050430947871064
1 0.7988439406723564 0.14000000000000729 0.2536878813447129 0.013132170775541454
0 0.672 0.14000000000000729 0.08333333212179422 0.013132170775541454
1 0.4985592426790327 0.9740000000000073 0.2811184853580653 0.013132170775541454
0 0.358 0.9740000000000073 0.12499999818269135 0.013132170775541454
1 0.7061035405071261 0.6819999999999927 0.30820708101425226 0.011673040689362096
0 0.5520000000000009 0.6819999999999927 0.16666666424359028 0.011673040689362096
0 0.9727500004543271 0.656 0.054499999091345674 0.010213910603197292