1 0.6789038764033648 0.576 0.5858077528067297 0.043773902585118776
0 0.386 0.576 0.20833333030448556 0.043773902585118776
1 0.04407402968866518 0.432 0.08814805937733036 0.029182601723412516
1 0.872 0.12399999999999636 0.256 0.027723471637240437
0 0.744 0.12399999999999636 0.12499999818269135 0.027723471637240437
1 0.41076725444803014 0.798 0.8215345088960603 0.018968691120215226
1 0.5460529144583507 0.18200000000000363 0.1441058289167013 0.01605043094787834
0 0.4739999999999982 0.18200000000000363 0.062499999091345675 0.01605043094787834
1 0.18689648783940174 0.9759999999999928 0.3737929756788035 0.016050430947871064
1 0.851 0.306 0.298 0.014591300861706258
0 0.702 0.306 0.20833333030448556 0.014591300861706258
1 0.5613229014733061 0.9 0.1546458029466121 0.014591300861706258
0 0.48399999999999815 0.9 0.10416666515224278 0.014591300861706258
1 0.948 0.6460000000000072 0.104 0.013132170775541454
0 0.8959999999999981 0.6460000000000072 0.062499999091345675 0.013132170775541454
1 0.32798614235432977 0.048 0.5559722847086596 0.011673040689362096
0 0.06666666606089712 0.048 0.13333333212179424 0.011673040689362096
1 0.24796005343192518 0.5859999999999927 0.2839201068638504 0.007295650430853129
0 0.106 0.5859999999999927 0.08333333212179422 0.007295650430853129