0 0.9497500004543271 0.576 0.10049999909134567 0.03210086189575668
1 0.8236486383339188 0.728 0.28729727666783766 0.021886951292559388
0 0.6800000000000009 0.728 0.16666666424359028 0.021886951292559388
1 0.948 0.7239999999999963 0.104 0.020427821206387305
0 0.896 0.7239999999999963 0.12499999818269135 0.020427821206387305
1 0.7110349928184114 0.3180000000000036 0.41006998563682284 0.0189686911202225
0 0.5060000000000009 0.3180000000000036 0.16666666424359028 0.0189686911202225
1 0.41718276574750507 0.35800000000000365 0.3183655314950101 0.0189686911202225
0 0.2580000000000009 0.35800000000000365 0.18749999727403882 0.0189686911202225
1 0.6527600833619944 0.47000000000000364 0.26952016672398893 0.0189686911202225
0 0.5180000000000009 0.47000000000000364 0.2083333303044874 0.0189686911202225
1 0.04197231298257884 0.07 0.08394462596515768 0.011673040689362096
1 0.34906280714038895 0.148 0.3141256142807779 0.010213910603197292
0 0.19200000000000092 0.148 0.1458333312131417 0.010213910603197292
1 0.6932712773034382 0.6400000000000037 0.07054255460687636 0.008754780517025211
0 0.658 0.6400000000000037 0.08333333212179422 0.008754780517025211
1 0.4824696471913676 0.454 0.32093929438273516 0.007295650430853129
0 0.322 0.454 0.08333333212179422 0.007295650430853129