1 0.815 0.504 0.37 0.045233032671298135
0 0.6300000000000004 0.504 0.1041666651522437 0.045233032671298135
1 0.837 0.806 0.326 0.033559991981921486
0 0.6739999999999996 0.806 0.18749999727403793 0.033559991981921486
1 0.11716072214730093 0.8219999999999927 0.23432144429460186 0.021886951292559388
1 0.12963908024025567 0.764 0.25927816048051133 0.020427821206394584
1 0.057108411269013684 0.41600000000000725 0.11421682253802737 0.017509561034050422
1 0.956 0.9820000000000073 0.088 0.017509561034050422
0 0.9091250006814903 0.9820000000000073 0.1817499986370194 0.017509561034050422
1 0.7093801219293918 0.6539999999999927 0.41876024385878374 0.016050430947871064
0 0.5000000000000004 0.6539999999999927 0.14583333121314082 0.016050430947871064
1 0.7368280500305345 0.8400000000000073 0.27765610006106906 0.013132170775541454
0 0.5979999999999995 0.8400000000000073 0.18749999727403793 0.013132170775541454
1 0.4496013556066764 0.566 0.3992027112133528 0.008754780517017934
0 0.25000000000000044 0.566 0.08333333212179514 0.008754780517017934