1 0.3134596378035203 0.736 0.4549192756070406 0.035019122068100844
0 0.13674999863702034 0.736 0.2734999972740407 0.035019122068100844
1 0.624 0.00929565043085313 0.752 0.01859130086170626
0 0.24800000000000183 0.00929565043085313 0.37499999454807764 0.01859130086170626
1 0.20894483205434516 0.45 0.41788966410869033 0.02480521146490355
1 0.15808627346033607 0.62 0.31617254692067215 0.02480521146490355
1 0.922 0.9819999999999928 0.156 0.021886951292559388
0 0.844 0.9819999999999928 0.16666666424358845 0.021886951292559388
1 0.917 0.402 0.166 0.020427821206394584
0 0.8339999999999982 0.402 0.18749999727403702 0.020427821206394584
1 0.13002038207282748 0.434 0.26004076414565497 0.020427821206394584
1 0.4529046056448224 0.118 0.9058092112896448 0.018968691120215226
1 0.2316498558793628 0.47600000000000725 0.4632997117587256 0.017509561034050422
1 0.07477465329618826 0.27 0.14954930659237653 0.014591300861706258
1 0.6416061686060711 0.272 0.2432123372121423 0.014591300861706258
0 0.5199999999999981 0.272 0.1458333312131399 0.014591300861706258
0 0.8999999999999981 0.0022830426938890013 0.10416666515224278 0.0045660853877780025
0 0.9777500004543271 0.3599999999999927 0.04449999909134567 0.011673040689362096
1 0.10721190909219148 0.5059999999999927 0.21442381818438297 0.011673040689362096
1 0.803 0.626 0.394 0.010213910603197292
0 0.6059999999999982 0.626 0.10416666515224278 0.010213910603197292
1 0.46415333556229055 0.64 0.23630667112458104 0.008754780517017934
0 0.346 0.64 0.08333333212179422 0.008754780517017934
1 0.1004547301516759 0.834 0.2009094603033518 0.008754780517017934