1 0.14260779031180937 0.7159999999999928 0.04521558062361873 0.04085564241277461
0 0.11999999999999977 0.7159999999999928 0.08333333212179468 0.04085564241277461
1 0.2857594210046584 0.17800000000000726 0.3955188420093168 0.03210086189575668
0 0.1429583318946311 0.17800000000000726 0.2859166637892622 0.03210086189575668
1 0.6361692338080865 0.35600000000000726 0.3163384676161731 0.03210086189575668
0 0.4780000000000002 0.35600000000000726 0.062499999091346126 0.03210086189575668
1 0.1372089296908748 0.5539999999999927 0.2744178593817496 0.021886951292559388
1 0.2691071130363084 0.7980000000000073 0.23021422607261685 0.013132170775541454
0 0.154 0.7980000000000073 0.14583333121314082 0.013132170775541454
1 0.046271933169498194 0.3639999999999927 0.09254386633899639 0.011673040689362096
1 0.040138325866790864 0.6959999999999927 0.08027665173358173 0.011673040689362096
1 0.40295824382293494 0.7699999999999927 0.2379164876458699 0.011673040689362096
0 0.284 0.7699999999999927 0.12499999818269225 0.011673040689362096
0 0.9681666669695512 0.624 0.06366666606089758 0.010213910603197292