1 0.81 0.7239999999999963 0.38 0.035019122068093565
0 0.62 0.7239999999999963 0.22916666333493596 0.035019122068093565
1 0.663 0.8140000000000036 0.674 0.03355999198192876
0 0.32599999999999957 0.8140000000000036 0.20833333030448647 0.03355999198192876
1 0.544 0.025999999999996363 0.912 0.0306417318095846
0 0.11170833234895826 0.025999999999996363 0.22341666469791652 0.0306417318095846
1 0.34469534306993865 0.16 0.27339068613987727 0.029182601723412516
0 0.20799999999999955 0.16 0.18749999727403793 0.029182601723412516
1 0.37222666682406724 0.666 0.2644533336481345 0.029182601723412516
0 0.24 0.666 0.062499999091345675 0.029182601723412516
1 0.804 0.35800000000000365 0.392 0.023346081378731467
0 0.608 0.35800000000000365 0.27083332939583304 0.023346081378731467
1 0.5683379303550419 0.2700000000000036 0.4166758607100837 0.0189686911202225
0 0.36 0.2700000000000036 0.2499999963653845 0.0189686911202225
1 0.7359434809965351 0.17000000000000365 0.42788696199307014 0.01605043094787834
0 0.5220000000000005 0.17000000000000365 0.14583333121314082 0.01605043094787834
1 0.7772013771951128 0.444 0.42240275439022573 0.014591300861706258
0 0.5660000000000005 0.444 0.12499999818269225 0.014591300861706258
1 0.902 0.8779999999999963 0.196 0.013132170775534177
0 0.8039999999999995 0.8779999999999963 0.16666666424358936 0.013132170775534177
1 0.15523174320751787 0.9579999999999964 0.31046348641503574 0.013132170775534177
1 0.848 0.026 0.304 0.011673040689362096
0 0.6960000000000005 0.026 0.14583333121314082 0.011673040689362096
1 0.6959347185814168 0.306 0.28386943716283347 0.010213910603197292
0 0.5540000000000005 0.306 0.12499999818269225 0.010213910603197292
0 0.9440000000000005 0.316 0.1041666651522437 0.010213910603197292
1 0.7709935698419349 0.12200000000000363 0.4339871396838698 0.008754780517025211
0 0.5540000000000005 0.12200000000000363 0.1041666651522437 0.008754780517025211
0 0.9783750002271636 0.372 0.04324999954567284 0.007295650430853129
1 0.6181214090236999 0.68 0.40824281804739987 0.007295650430853129
0 0.4140000000000005 0.68 0.08333333212179514 0.007295650430853129