1 0.042602804836174075 0.2940000000000009 0.08520560967234815 0.029182601723414338
1 0.2881380990260841 0.374 0.5762761980521682 0.027723471637244073
1 0.07990747320594437 0.948 0.15981494641188873 0.023346081378731467
1 0.212359271456603 0.03800000000000091 0.424718542913206 0.021886951292561206
0 0.035458332803285426 0.03800000000000091 0.07091666560657085 0.021886951292561206
1 0.4703169789669219 0.8580000000000009 0.1406339579338437 0.021886951292561206
0 0.4000000000000009 0.8580000000000009 0.16666666424359028 0.021886951292561206
1 0.927 0.32399999999999907 0.146 0.020427821206389127
0 0.8540000000000009 0.32399999999999907 0.18749999727403882 0.020427821206389127
1 0.857 0.919999999999999 0.286 0.020427821206389127
0 0.7140000000000009 0.919999999999999 0.2083333303044874 0.020427821206389127
1 0.5582339750290793 0.318 0.29646795005815874 0.018968691120218865
0 0.4100000000000009 0.318 0.1458333312131417 0.018968691120218865
1 0.24474025209553202 0.6560000000000009 0.48948050419106404 0.0175095610340486
1 0.9199517770720249 0.434 0.15190355414404985 0.01605043094787834
0 0.844 0.434 0.062499999091345675 0.01605043094787834
1 0.1583896633247632 0.956 0.3167793266495264 0.01605043094787834
1 0.5177793900710094 0.1059999999999991 0.1475587801420188 0.013132170775535997
0 0.444 0.1059999999999991 0.12499999818269135 0.013132170775535997
1 0.053220578093999396 0.5879999999999991 0.10644115618799879 0.013132170775535997
0 0.9831250006814908 0.6239999999999991 0.033749998637018504 0.013132170775535997
1 0.09047611174088115 0.5500000000000009 0.1809522234817623 0.010213910603195472
1 0.04796075382966774 0.586000000000001 0.09592150765933548 0.010213910603195472
1 0.906 0.9380000000000009 0.188 0.010213910603195472
0 0.812 0.9380000000000009 0.10416666515224278 0.010213910603195472
1 0.6866528018948056 0.9719999999999991 0.14130560378961127 0.008754780517023391
0 0.616 0.9719999999999991 0.10416666515224278 0.008754780517023391
1 0.11320816824830808 0.074 0.14241633649661617 0.007295650430853129
1 0.6566370692943683 0.394 0.2972741385887366 0.007295650430853129
0 0.508 0.394 0.10416666515224278 0.007295650430853129