1 0.09032561397977588 0.46399999999999275 0.18065122795955177 0.055446943274480874
1 0.6524666187923358 0.168 0.4329332375846716 0.033559991981921486
0 0.436 0.168 0.3541666615176291 0.033559991981921486
1 0.604 0.5260000000000072 0.792 0.027723471637247712
0 0.20800000000000182 0.5260000000000072 0.37499999454807764 0.027723471637247712
1 0.4706166994594096 0.436 0.26523339891881914 0.023346081378724192
0 0.338 0.436 0.12499999818269135 0.023346081378724192
1 0.08131190473049901 0.06399999999999273 0.16262380946099803 0.021886951292559388
1 0.6177411058142552 0.5459999999999927 0.2554822116285104 0.021886951292559388
0 0.49 0.5459999999999927 0.2499999963653827 0.021886951292559388
1 0.8643271691359478 0.7239999999999928 0.20865433827189553 0.021886951292559388
0 0.7600000000000018 0.7239999999999928 0.2916666624262834 0.021886951292559388
1 0.0885341309174546 0.598 0.1770682618349092 0.020427821206394584
1 0.12309172899738405 0.5120000000000072 0.2461834579947681 0.017509561034050422
0 0.03687499931850834 0.5120000000000072 0.07374999863701669 0.017509561034050422
1 0.5460186124985721 0.634 0.22003722499714423 0.008754780517017934
0 0.436 0.634 0.04166666606089711 0.008754780517017934