1 0.04667407005215591 0.057999999999992724 0.09334814010431182 0.026264341551068354
1 0.6170704672696338 0.2819999999999927 0.5261409345392676 0.026264341551068354
0 0.354 0.2819999999999927 0.08333333212179422 0.026264341551068354
1 0.7159950795531258 0.32999999999999274 0.4639901591062517 0.026264341551068354
0 0.48400000000000093 0.32999999999999274 0.16666666424359028 0.026264341551068354
1 0.7831556780753617 0.918 0.29431135615072346 0.018968691120215226
0 0.636 0.918 0.10416666515224278 0.018968691120215226
1 0.04282003835471369 0.5539999999999927 0.08564007670942737 0.016050430947871064
1 0.6283110414024113 0.62 0.28862208280482265 0.014591300861706258
0 0.484 0.62 0.12499999818269135 0.014591300861706258
1 0.770621000999322 0.48400000000000726 0.3132420019986439 0.013132170775541454
0 0.614 0.48400000000000726 0.12499999818269135 0.013132170775541454
1 0.27686774631935895 0.49200000000000726 0.27773549263871794 0.013132170775541454
0 0.138 0.49200000000000726 0.10416666515224278 0.013132170775541454
1 0.16362653427395707 0.8740000000000073 0.32725306854791414 0.013132170775541454
1 0.7021396526965554 0.034 0.3922793053931109 0.010213910603197292
0 0.5060000000000009 0.034 0.1458333312131417 0.010213910603197292
1 0.8044262855317392 0.496 0.3128525710634785 0.010213910603197292
0 0.648 0.496 0.10416666515224278 0.010213910603197292
1 0.26724281574618725 0.898 0.2584856314923745 0.010213910603197292
0 0.1380000000000009 0.898 0.1458333312131417 0.010213910603197292
1 0.04162126740306485 0.89 0.0832425348061297 0.008754780517017934
1 0.6142777913271948 0.8959999999999927 0.28055558265438957 0.007295650430853129
0 0.474 0.8959999999999927 0.10416666515224278 0.007295650430853129