1 0.937 0.42799999999999816 0.126 0.026264341551071994
0 0.8740000000000009 0.42799999999999816 0.18749999727403882 0.026264341551071994
1 0.6128598172121956 0.174 0.2977196344243912 0.023346081378731467
0 0.464 0.174 0.08333333212179422 0.023346081378731467
1 0.883 0.9240000000000018 0.234 0.013132170775537815
0 0.7660000000000009 0.9240000000000018 0.1458333312131417 0.013132170775537815
1 0.686869869393663 0.9880000000000018 0.14573973878732613 0.013132170775537815
0 0.614 0.9880000000000018 0.12499999818269135 0.013132170775537815
1 0.91 0.6559999999999981 0.18 0.010213910603193653
0 0.82 0.6559999999999981 0.04166666606089711 0.010213910603193653
1 0.4348748392787002 0.974 0.20574967855740034 0.005836520344681048
0 0.332 0.974 0.04166666606089711 0.005836520344681048