1 0.2750136002465588 0.7319999999999982 0.37802720049311755 0.049610422929803465
0 0.1107083323489569 0.7319999999999982 0.2214166646979138 0.049610422929803465
0 0.9353333339391029 0.624 0.12933333212179424 0.036478252154265645
1 0.4228538318345072 0.844 0.38970766366901444 0.029182601723412516
0 0.228 0.844 0.39583332757852624 0.029182601723412516
1 0.28050814392056234 0.9 0.25701628784112474 0.023346081378731467
0 0.152 0.9 0.08333333212179422 0.023346081378731467
1 0.15815146782628653 0.948 0.25230293565257306 0.023346081378731467
0 0.05766666606089711 0.948 0.11533333212179422 0.023346081378731467
1 0.0770578079725965 0.31200000000000183 0.154115615945193 0.020427821206390945
1 0.49472854062718397 0.4739999999999982 0.6214570812543679 0.018968691120218865
0 0.1839999999999982 0.4739999999999982 0.22916666333493413 0.018968691120218865
0 0.9565416671967141 0.5119999999999982 0.08691666560657177 0.018968691120218865
1 0.852 0.02599999999999818 0.296 0.017509561034046783
0 0.7039999999999982 0.02599999999999818 0.22916666333493413 0.017509561034046783
1 0.3892558020245651 0.7539999999999982 0.25851160404913026 0.017509561034046783
0 0.2599999999999982 0.7539999999999982 0.1458333312131399 0.017509561034046783
1 0.7324783181080656 0.042 0.5329566362161313 0.014591300861706258
0 0.466 0.042 0.08333333212179422 0.014591300861706258
1 0.852 0.546 0.296 0.014591300861706258
0 0.704 0.546 0.12499999818269135 0.014591300861706258
1 0.27867517501678774 0.718 0.25335035003357553 0.014591300861706258
0 0.1519999999999982 0.718 0.1458333312131399 0.014591300861706258
1 0.688302449835479 0.766 0.4006048996709578 0.014591300861706258
0 0.488 0.766 0.16666666424358845 0.014591300861706258
1 0.19841678569022952 0.9160000000000018 0.39683357138045905 0.013132170775537815
1 0.09576815125432586 0.7840000000000018 0.19153630250865172 0.011673040689365734
1 0.852 0.9960817398276595 0.296 0.007836520344681049
0 0.704 0.9960817398276595 0.08333333212179422 0.007836520344681049
1 0.06616286774446235 0.00999999999999818 0.1323257354889247 0.010213910603193653
1 0.1686934814254164 0.03199999999999818 0.3373869628508328 0.010213910603193653
1 0.42325289763577895 0.6899999999999982 0.13050579527155787 0.010213910603193653
0 0.358 0.6899999999999982 0.12499999818269135 0.010213910603193653
1 0.944 0.152 0.112 0.008754780517025211
0 0.888 0.152 0.12499999818269135 0.008754780517025211