1 0.09919580300273628 0.678 0.19839160600547256 0.05106955301597191
1 0.873 0.38599999999999635 0.254 0.03793738224043773
0 0.746 0.38599999999999635 0.020833333030448556 0.03793738224043773
0 0.9621250006814908 0.36000000000000365 0.0757499986370185 0.02626434155107563
1 0.055938882417940476 0.8200000000000036 0.11187776483588095 0.0189686911202225
1 0.1502882349937163 0.37 0.3005764699874326 0.017509561034050422
1 0.1998581263395263 0.624 0.3997162526790526 0.017509561034050422
0 0.035458332803285426 0.624 0.07091666560657085 0.017509561034050422
1 0.824 0.17400000000000365 0.352 0.01605043094787834
0 0.648 0.17400000000000365 0.020833333030448556 0.01605043094787834
1 0.3512734357361096 0.6459999999999964 0.40254687147221924 0.013132170775534177
0 0.1500000000000009 0.6459999999999964 0.1458333312131417 0.013132170775534177
1 0.6196841439214641 0.6759999999999964 0.5473682878429281 0.013132170775534177
0 0.346 0.6759999999999964 0.08333333212179422 0.013132170775534177
1 0.906 0.428 0.188 0.011673040689362096
0 0.812 0.428 0.020833333030448556 0.011673040689362096
1 0.884 0.5900000000000036 0.232 0.008754780517025211
0 0.768 0.5900000000000036 0.08333333212179422 0.008754780517025211