1 0.17578805645807552 0.12400000000000364 0.35157611291615104 0.023346081378731467
0 0.017291665833732622 0.12400000000000364 0.034583331667465245 0.023346081378731467
1 0.5813666388134042 0.37200000000000366 0.15073327762680855 0.023346081378731467
0 0.5059999999999982 0.37200000000000366 0.020833333030448556 0.023346081378731467
1 0.02817708034523457 0.324 0.05635416069046914 0.021886951292559388
0 0.9780833343934301 0.92 0.0438333312131399 0.021886951292559388
1 0.1295033229369783 0.096 0.2590066458739566 0.017509561034050422
0 0.013249999545672835 0.096 0.02649999909134567 0.017509561034050422
1 0.22019552543166537 0.36 0.42439105086333073 0.017509561034050422
0 0.045666666060897115 0.36 0.09133333212179423 0.017509561034050422
1 0.03302338682612389 0.11200000000000364 0.06604677365224779 0.01605043094787834
1 0.4321625084752522 0.676 0.5683250169505045 0.014591300861706258
0 0.1479999999999982 0.676 0.18749999727403702 0.014591300861706258
1 0.41888087931601514 0.26999999999999635 0.14976175863203026 0.013132170775534177
0 0.344 0.26999999999999635 0.08333333212179422 0.013132170775534177
1 0.721 0.6639999999999964 0.558 0.013132170775534177
0 0.442 0.6639999999999964 0.16666666424358845 0.013132170775534177
1 0.461731326099738 0.314 0.583462652199476 0.010213910603197292
0 0.16999999999999818 0.314 0.10416666515224278 0.010213910603197292
1 0.4113863285013522 0.184 0.43877265700270435 0.007295650430853129
0 0.19199999999999817 0.184 0.10416666515224278 0.007295650430853129
1 0.8663581012558424 0.426 0.15671620251168497 0.007295650430853129
0 0.7879999999999981 0.426 0.062499999091345675 0.007295650430853129