0 0.9452916676510418 0.738 0.10941666469791653 0.05398781318831607
1 0.06407209915536351 0.618 0.12814419831072701 0.03210086189575668
1 0.17742001729248022 0.8000000000000036 0.35484003458496044 0.02626434155107563
1 0.1982194763747925 0.708 0.16443895274958503 0.02480521146490355
0 0.11600000000000045 0.708 0.14583333121314082 0.02480521146490355
1 0.24302351679952652 0.28400000000000364 0.23404703359905307 0.023346081378731467
0 0.12600000000000044 0.28400000000000364 0.14583333121314082 0.023346081378731467
1 0.6385320678722491 0.5300000000000037 0.33306413574449834 0.023346081378731467
0 0.47199999999999953 0.5300000000000037 0.16666666424358936 0.023346081378731467
1 0.4023093678326168 0.7460000000000037 0.5086187356652335 0.023346081378731467
0 0.148 0.7460000000000037 0.29166666242628164 0.023346081378731467
1 0.7943824702659085 0.7040000000000036 0.27276494053181705 0.0189686911202225
0 0.6579999999999996 0.7040000000000036 0.18749999727403793 0.0189686911202225
1 0.7871426818921773 0.508 0.25828536378435457 0.017509561034050422
0 0.6579999999999996 0.508 0.18749999727403793 0.017509561034050422
0 0.9597500004543271 0.3860000000000036 0.08049999909134567 0.01605043094787834
0 0.9813750002271636 0.29 0.03724999954567283 0.014591300861706258
1 0.07344126632501957 0.432 0.14688253265003914 0.014591300861706258
0 0.018833333030449012 0.432 0.037666666060898024 0.014591300861706258
1 0.18703985545047816 0.764 0.2500797109009563 0.014591300861706258
0 0.07266666606089711 0.764 0.14533333212179422 0.014591300861706258
1 0.3161078077295861 0.8939999999999964 0.18421561545917212 0.013132170775534177
0 0.22400000000000045 0.8939999999999964 0.14583333121314082 0.013132170775534177
1 0.054692214693849564 0.16000000000000364 0.10938442938769913 0.008754780517025211