1 0.3788445735746409 0.43600000000000183 0.7576891471492818 0.0350191220680972
1 0.424300462555173 0.45400000000000185 0.848600925110346 0.0350191220680972
1 0.8964523976491855 0.8760000000000018 0.18490479529837103 0.027723471637244073
0 0.804 0.8760000000000018 0.16666666424358845 0.027723471637244073
1 0.5561583018059937 0.4660000000000018 0.5243166036119874 0.013132170775537815
0 0.2939999999999982 0.4660000000000018 0.1458333312131399 0.013132170775537815
1 0.4656886684747769 0.7260000000000019 0.5153773369495539 0.011673040689365734
0 0.2079999999999982 0.7260000000000019 0.10416666515224278 0.011673040689365734
1 0.5561174299839932 0.7 0.34823485996798625 0.008754780517025211
0 0.382 0.7 0.08333333212179422 0.008754780517025211
1 0.7242022371846742 0.844 0.36040447436934847 0.005836520344681048
0 0.5439999999999982 0.844 0.062499999091345675 0.005836520344681048