1 0.861 0.63 0.278 0.029182601723412516
0 0.7219999999999982 0.63 0.18749999727403702 0.029182601723412516
0 0.950875001135817 0.15000000000000727 0.098249997728366 0.027723471637247712
1 0.20635592095445462 0.3900000000000073 0.3967118419089093 0.027723471637247712
0 0.040458332803284064 0.3900000000000073 0.08091666560656813 0.027723471637247712
1 0.4228521641451534 0.7300000000000073 0.3977043282903069 0.027723471637247712
0 0.22399999999999817 0.7300000000000073 0.18749999727403702 0.027723471637247712
1 0.807 0.9840000000000073 0.386 0.027723471637247712
0 0.614 0.9840000000000073 0.3541666615176291 0.027723471637247712
1 0.3045386694065892 0.614 0.6090773388131784 0.02480521146490355
1 0.06419020956845088 0.71 0.12838041913690176 0.02480521146490355
1 0.49867715316103384 0.06399999999999273 0.8093543063220677 0.021886951292559388
0 0.0990833325761214 0.06399999999999273 0.1981666651522428 0.021886951292559388
1 0.09932347705559005 0.742 0.1986469541111801 0.018968691120215226
0 0.007458332803284066 0.742 0.014916665606568132 0.018968691120215226
1 0.4489315345889845 0.9100000000000072 0.797863069177969 0.017509561034050422
0 0.051041666288059784 0.9100000000000072 0.10208333257611957 0.017509561034050422
1 0.807 0.008 0.386 0.014591300861706258
0 0.614 0.008 0.12499999818269135 0.014591300861706258
1 0.10730860305382157 0.024 0.21461720610764315 0.014591300861706258
1 0.20251410541880432 0.764 0.26102821083760863 0.014591300861706258
0 0.07199999999999818 0.764 0.062499999091345675 0.014591300861706258
1 0.3100146871160614 0.21000000000000726 0.6200293742321228 0.013132170775541454
1 0.5004065202602087 0.28800000000000725 0.1408130405204174 0.013132170775541454
0 0.42999999999999816 0.28800000000000725 0.1458333312131399 0.013132170775541454
1 0.30868044469758205 0.13199999999999273 0.4053608893951641 0.011673040689362096
0 0.10599999999999818 0.13199999999999273 0.10416666515224278 0.011673040689362096
1 0.8286075048958464 0.37999999999999273 0.14521500979169286 0.011673040689362096
0 0.7559999999999982 0.37999999999999273 0.1458333312131399 0.011673040689362096
1 0.6412055182165677 0.5699999999999927 0.13841103643313546 0.011673040689362096
0 0.572 0.5699999999999927 0.12499999818269135 0.011673040689362096
1 0.6123909907973284 0.7419999999999928 0.40878198159465684 0.011673040689362096
0 0.408 0.7419999999999928 0.08333333212179422 0.011673040689362096
1 0.06460182368360257 0.8139999999999927 0.12920364736720513 0.011673040689362096
1 0.91 0.202 0.18 0.008754780517017934
0 0.8199999999999982 0.202 0.062499999091345675 0.008754780517017934