1 0.857 0.9936100020045197 0.286 0.012779995990960743
0 0.7140000000000004 0.9936100020045197 0.14583333121314082 0.012779995990960743
1 0.9 0.42200000000000365 0.2 0.02626434155107563
0 0.8000000000000005 0.42200000000000365 0.12499999818269225 0.02626434155107563
1 0.83 0.524 0.34 0.021886951292559388
0 0.6599999999999996 0.524 0.18749999727403793 0.021886951292559388
1 0.0600530019568173 0.7279999999999963 0.1201060039136346 0.020427821206387305
1 0.04486342537201744 0.9938930446984013 0.08972685074403489 0.012213910603197292
1 0.976 0.832 0.048 0.017509561034050422
0 0.9239166674238781 0.832 0.1521666651522437 0.017509561034050422
1 0.03720081763561143 0.178 0.07440163527122286 0.014591300861706258
1 0.2963329968493085 0.398 0.29266599369861707 0.014591300861706258
0 0.14999999999999977 0.398 0.14583333121314035 0.014591300861706258
1 0.1621495336952612 0.21399999999999636 0.2162990673905224 0.013132170775534177
0 0.06866666606089757 0.21399999999999636 0.13733333212179513 0.013132170775534177
1 0.1180998696516499 0.9987169573061146 0.2361997393032998 0.0025660853877707266
1 0.5467210943404153 0.962 0.16544218868083044 0.010213910603197292
0 0.464 0.962 0.020833333030448556 0.010213910603197292
1 0.6600549570869207 0.14000000000000365 0.2401099141738414 0.008754780517025211
0 0.5400000000000005 0.14000000000000365 0.1041666651522437 0.008754780517025211
1 0.4178324972107043 0.8640000000000037 0.23166499442140867 0.008754780517025211
0 0.302 0.8640000000000037 0.062499999091345675 0.008754780517025211
1 0.245549853394843 0.41199999999999637 0.14709970678968604 0.005836520344681048
0 0.172 0.41199999999999637 0.062499999091345675 0.005836520344681048
1 0.808 0.9339999999999964 0.384 0.005836520344681048
0 0.616 0.9339999999999964 0.062499999091345675 0.005836520344681048