1 0.19326518521295658 0.23799999999999819 0.38653037042591315 0.049610422929803465
1 0.958 0.794 0.084 0.046692162757462935
0 0.916 0.794 0.062499999091345675 0.046692162757462935
1 0.849 0.288 0.302 0.036478252154265645
0 0.6979999999999991 0.288 0.41666666060897295 0.036478252154265645
1 0.2814199519505355 0.2079999999999982 0.554839903901071 0.03355999198192512
0 0.05929166583373444 0.2079999999999982 0.11858333166746889 0.03355999198192512
1 0.941 0.3000000000000018 0.118 0.027723471637244073
0 0.8524583346205927 0.3000000000000018 0.29508333075881454 0.027723471637244073
1 0.963 0.15 0.074 0.01605043094787834
0 0.9260000000000009 0.15 0.1458333312131417 0.01605043094787834
1 0.01460774334776488 0.6 0.02921548669552976 0.01605043094787834
0 0.9907916667423878 0.208 0.018416666515224278 0.014591300861706258
1 0.26966489811599786 0.5560000000000018 0.24732979623199572 0.011673040689365734
0 0.1460000000000009 0.5560000000000018 0.16666666424359028 0.011673040689365734
1 0.898 0.2639999999999982 0.204 0.010213910603193653
0 0.796 0.2639999999999982 0.12499999818269135 0.010213910603193653
0 0.9641666669695514 0.016 0.07166666606089711 0.008754780517025211
1 0.898 0.752 0.204 0.007295650430853129
0 0.796 0.752 0.08333333212179422 0.007295650430853129