1 0.5655858454073895 0.9700000000000073 0.32717169081477915 0.037937382240445
0 0.402 0.9700000000000073 0.12499999818269135 0.037937382240445
1 0.20780180646519694 0.384 0.4156036129303939 0.029182601723412516
1 0.6770865592212213 0.7359999999999928 0.4381731184424425 0.026264341551068354
0 0.4579999999999982 0.7359999999999928 0.18749999727403702 0.026264341551068354
1 0.21877258716493633 0.2299999999999927 0.43754517432987267 0.021886951292559388
1 0.38947291897402103 0.802 0.298945837948042 0.018968691120215226
0 0.2399999999999982 0.802 0.10416666515224278 0.018968691120215226
1 0.8352943742914285 0.43799999999999273 0.30258874858285706 0.016050430947871064
0 0.6839999999999982 0.43799999999999273 0.18749999727403702 0.016050430947871064
1 0.10120309820147304 0.708 0.20240619640294608 0.014591300861706258
1 0.0513759701887775 0.2780000000000073 0.102751940377555 0.013132170775541454
1 0.3076274050068205 0.8299999999999927 0.459254810013641 0.011673040689362096
0 0.07799999999999818 0.8299999999999927 0.1458333312131399 0.011673040689362096