1 0.6565745905221608 0.9479999999999927 0.28914918104432175 0.026264341551068354
0 0.5120000000000002 0.9479999999999927 0.20833333030448695 0.026264341551068354
1 0.972 0.3739999999999927 0.056 0.016050430947871064
0 0.9439999999999997 0.3739999999999927 0.10416666515224324 0.016050430947871064
1 0.918 0.028000000000007276 0.164 0.013132170775541454
0 0.836 0.028000000000007276 0.12499999818269225 0.013132170775541454
1 0.5843729966707704 0.7420000000000073 0.16874599334154072 0.013132170775541454
0 0.5 0.7420000000000073 0.16666666424358936 0.013132170775541454
1 0.891 0.2299999999999927 0.218 0.011673040689362096
0 0.7819999999999998 0.2299999999999927 0.08333333212179468 0.011673040689362096
1 0.490396065997375 0.236 0.24079213199474997 0.005836520344688324