0 0.9727083341662665 0.8279999999999997 0.05458333166746707 0.029182601723413883
1 0.775 0.892 0.45 0.027723471637243164
0 0.5500000000000009 0.892 0.16666666424359028 0.027723471637243164
1 0.566755424697566 0.528 0.20551084939513203 0.014591300861707169
0 0.4640000000000009 0.528 0.1458333312131417 0.014591300861707169
1 0.030311082260185685 0.714 0.06062216452037137 0.014591300861707169
1 0.6027682371024484 0.19400000000000023 0.23753647420489687 0.013132170775536451
0 0.48400000000000093 0.19400000000000023 0.16666666424359028 0.013132170775536451
1 0.8494339700386727 0.3100000000000002 0.16686794007734534 0.013132170775536451
0 0.7660000000000009 0.3100000000000002 0.1458333312131417 0.013132170775536451
1 0.26905376539125064 0.4280000000000002 0.19810753078250126 0.013132170775536451
0 0.17 0.4280000000000002 0.12499999818269135 0.013132170775536451
1 0.6802387083695967 0.456 0.21647741673919335 0.011673040689365734
0 0.572000000000001 0.456 0.16666666424359028 0.011673040689365734
1 0.03806274826939898 0.5480000000000003 0.07612549653879797 0.010213910603195018
1 0.06389319695920494 0.9120000000000003 0.12778639391840987 0.010213910603195018
0 0.008249999545672836 0.9120000000000003 0.016499999091345672 0.010213910603195018
1 0.9266307935132163 0.91 0.1452615870264326 0.0087547805170243
0 0.854 0.91 0.10416666515224278 0.0087547805170243
1 0.013755576730728535 0.04 0.02751115346145707 0.0072956504308535845
1 0.8703563143072243 0.264 0.2527126286144485 0.005836520344682867
0 0.744 0.264 0.062499999091345675 0.005836520344682867
1 0.13537743903052524 0.392 0.1907548780610505 0.005836520344682867
0 0.04083333303044856 0.392 0.08166666606089712 0.005836520344682867