1 0.10303544907057767 0.6540000000000018 0.20607089814115534 0.020427821206390945
1 0.811 0.444 0.378 0.01605043094787834
0 0.6220000000000009 0.444 0.18749999727403882 0.01605043094787834
1 0.963 0.478 0.074 0.01605043094787834
0 0.9161250006814907 0.478 0.1677499986370185 0.01605043094787834
1 0.6646532144957309 0.908 0.4533064289914619 0.01605043094787834
0 0.438 0.908 0.12499999818269135 0.01605043094787834
1 0.5444908898905342 0.07600000000000182 0.3409817797810683 0.013132170775537815
0 0.374 0.07600000000000182 0.12499999818269135 0.013132170775537815
1 0.1250251302822653 0.6820000000000018 0.2500502605645306 0.011673040689365734
0 0.028249999545672835 0.6820000000000018 0.05649999909134567 0.011673040689365734
1 0.6753231255499231 0.5819999999999982 0.47464625109984626 0.010213910603193653
0 0.438 0.5819999999999982 0.10416666515224278 0.010213910603193653
1 0.936 0.402 0.128 0.008754780517025211
1 0.6256013381417651 0.544 0.2872026762835303 0.008754780517025211
0 0.482 0.544 0.08333333212179422 0.008754780517025211
1 0.6562060811061629 0.768 0.4564121622123257 0.008754780517025211
0 0.428 0.768 0.08333333212179422 0.008754780517025211
1 0.974 0.836 0.052 0.007295650430853129
0 0.9479583337119393 0.836 0.10408333257612139 0.007295650430853129