1 0.42523564225339944 0.436 0.6824712845067988 0.030641731809591875
0 0.084 0.436 0.16666666424358845 0.030641731809591875
1 0.41971883559534034 0.512 0.5434376711906806 0.030641731809591875
0 0.1479999999999982 0.512 0.1458333312131399 0.030641731809591875
1 0.16289504474469868 0.6419999999999927 0.32579008948939736 0.026264341551068354
1 0.30798691575512205 0.784 0.535973831510244 0.02480521146490355
0 0.09291666560657177 0.784 0.18583333121314355 0.02480521146490355
1 0.03750202985828219 0.04799999999999272 0.07500405971656438 0.021886951292559388
1 0.759 0.7559999999999927 0.482 0.021886951292559388
0 0.518 0.7559999999999927 0.16666666424358845 0.021886951292559388
1 0.5266489015519892 0.594 0.2812978031039784 0.020427821206394584
0 0.386 0.594 0.16666666424358845 0.020427821206394584
0 0.9821250006814899 0.842 0.035749998637020323 0.020427821206394584
1 0.2141235268944929 0.264 0.26024705378898577 0.018968691120215226
0 0.08399999999999819 0.264 0.1458333312131399 0.018968691120215226
1 0.618 0.7680000000000072 0.764 0.017509561034050422
0 0.23599999999999818 0.7680000000000072 0.18749999727403702 0.017509561034050422
1 0.2416775546586232 0.7519999999999927 0.2713551093172464 0.016050430947871064
0 0.10599999999999818 0.7519999999999927 0.18749999727403702 0.016050430947871064
1 0.016601315114165117 0.294 0.033202630228330234 0.014591300861706258
1 0.851 0.7420000000000073 0.298 0.013132170775541454
0 0.7019999999999982 0.7420000000000073 0.10416666515224278 0.013132170775541454
1 0.14455550875362133 0.6039999999999928 0.28911101750724266 0.011673040689362096
1 0.4498810021154841 0.152 0.3877620042309682 0.010213910603197292
0 0.2559999999999982 0.152 0.10416666515224278 0.010213910603197292
1 0.2856879137043452 0.6479999999999927 0.2753758274086904 0.007295650430853129
0 0.148 0.6479999999999927 0.08333333212179422 0.007295650430853129