1 0.130261416327573 0.518 0.260522832655146 0.030641731809591875
1 0.6425265623393661 0.44599999999999274 0.3530531246787323 0.026264341551068354
0 0.4660000000000009 0.44599999999999274 0.2083333303044874 0.026264341551068354
1 0.5410702361802714 0.184 0.39014047236054283 0.02480521146490355
0 0.3460000000000009 0.184 0.2083333303044874 0.02480521146490355
1 0.95 0.8199999999999927 0.1 0.021886951292559388
0 0.9000000000000009 0.8199999999999927 0.18749999727403882 0.021886951292559388
1 0.42523452970565084 0.744 0.1784690594113017 0.018968691120215226
0 0.3360000000000009 0.744 0.16666666424359028 0.018968691120215226
1 0.4470810088774706 0.003012607736964128 0.11416201775494118 0.006025215473928256
0 0.3900000000000009 0.003012607736964128 0.1458333312131417 0.006025215473928256
1 0.15344659690799473 0.7739999999999927 0.2628931938159894 0.016050430947871064
0 0.04224999954567284 0.7739999999999927 0.08449999909134567 0.016050430947871064
1 0.39000940050848387 0.35400000000000725 0.2160188010169677 0.013132170775541454
0 0.282 0.35400000000000725 0.08333333212179422 0.013132170775541454
1 0.32251984121514304 0.826 0.1690396824302861 0.010213910603197292
0 0.238 0.826 0.10416666515224278 0.010213910603197292
1 0.8443909917493165 0.432 0.19278198349863304 0.008754780517017934
0 0.748 0.432 0.12499999818269135 0.008754780517017934
1 0.7436818477053175 0.772 0.31936369541063503 0.008754780517017934
0 0.584 0.772 0.10416666515224278 0.008754780517017934
1 0.906 0.18599999999999273 0.188 0.007295650430853129
0 0.812 0.18599999999999273 0.12499999818269135 0.007295650430853129
0 0.9829583337119393 0.846 0.034083332576121395 0.005836520344688324