1 0.15229370890496716 0.8279999999999991 0.3045874178099343 0.03210086189575486
1 0.3350627362326484 0.2979999999999991 0.49412547246529676 0.020427821206389127
0 0.08799999999999977 0.2979999999999991 0.10416666515224324 0.020427821206389127
1 0.5431678311160892 0.852 0.1743356622321785 0.018968691120218865
0 0.4559999999999998 0.852 0.10416666515224324 0.018968691120218865
1 0.7128372091874781 0.5240000000000009 0.18567441837495607 0.0175095610340486
0 0.62 0.5240000000000009 0.14583333121314082 0.0175095610340486
1 0.5229547340520921 0.272 0.5219094681041843 0.014591300861706258
0 0.26200000000000023 0.272 0.20833333030448695 0.014591300861706258
1 0.983 0.5699999999999991 0.034 0.013132170775535997
0 0.9621666669695512 0.5699999999999991 0.07566666606089757 0.013132170775535997
1 0.967 0.42 0.066 0.011673040689365734
0 0.9305416671967148 0.42 0.1389166656065704 0.011673040689365734
1 0.983 0.4060000000000009 0.034 0.010213910603195472
0 0.9517500004543269 0.4060000000000009 0.09649999909134613 0.010213910603195472
1 0.7412284035360963 0.8619999999999991 0.24245680707219253 0.008754780517023391
0 0.6199999999999998 0.8619999999999991 0.08333333212179468 0.008754780517023391