0 0.9290416681053685 0.622 0.1419166637892631 0.05398781318831607
1 0.4360155958467367 0.508 0.3840311916934734 0.02480521146490355
0 0.2440000000000009 0.508 0.1458333312131417 0.02480521146490355
1 0.7094080950705592 0.624 0.43481619014111855 0.02480521146490355
0 0.49200000000000094 0.624 0.16666666424359028 0.02480521146490355
1 0.533650001975503 0.638 0.42730000395100615 0.023346081378724192
0 0.3200000000000009 0.638 0.18749999727403882 0.023346081378724192
1 0.11170367187135616 0.4339999999999927 0.22340734374271232 0.021886951292559388
1 0.7722097686372581 0.306 0.32041953727451616 0.018968691120215226
0 0.6120000000000009 0.306 0.18749999727403882 0.018968691120215226
1 0.32198052873976485 0.2620000000000073 0.5679610574795297 0.017509561034050422
0 0.06587499931851017 0.2620000000000073 0.13174999863702033 0.017509561034050422
1 0.7506615833524338 0.38599999999999274 0.3213231667048676 0.016050430947871064
0 0.5900000000000009 0.38599999999999274 0.16666666424359028 0.016050430947871064
1 0.931 0.36400000000000726 0.138 0.013132170775541454
0 0.8620000000000009 0.36400000000000726 0.16666666424359028 0.013132170775541454
1 0.48789822411247585 0.8320000000000073 0.44379644822495173 0.013132170775541454
0 0.266 0.8320000000000073 0.10416666515224278 0.013132170775541454
1 0.4197184600094224 0.13399999999999274 0.3074369200188448 0.011673040689362096
0 0.266 0.13399999999999274 0.10416666515224278 0.011673040689362096
1 0.925 0.17599999999999272 0.15 0.011673040689362096
0 0.8500000000000009 0.17599999999999272 0.1458333312131417 0.011673040689362096
1 0.958 0.2939999999999927 0.084 0.011673040689362096
0 0.9160000000000009 0.2939999999999927 0.16666666424359028 0.011673040689362096
1 0.3197864747913463 0.072 0.30357294958269265 0.010213910603197292
0 0.168 0.072 0.10416666515224278 0.010213910603197292
1 0.22039846479162314 0.9968113048707455 0.2567969295832463 0.006377390258508967
0 0.092 0.9968113048707455 0.08333333212179422 0.006377390258508967
1 0.707054687382496 0.6939999999999927 0.19010937476499204 0.007295650430853129
0 0.612 0.6939999999999927 0.10416666515224278 0.007295650430853129