1 0.1623712357464119 0.49 0.3247424714928238 0.08317041491172858
0 0.041166665152242786 0.49 0.08233333030448557 0.08317041491172858
1 0.290423700831755 0.584 0.16084740166351003 0.03210086189575668
0 0.2100000000000009 0.584 0.16666666424359028 0.03210086189575668
1 0.364259724512699 0.516 0.156519449025398 0.029182601723412516
0 0.286 0.516 0.08333333212179422 0.029182601723412516
1 0.12892123427483237 0.5999999999999963 0.25784246854966475 0.027723471637240437
1 0.06620589353365085 0.29400000000000365 0.1324117870673017 0.02626434155107563
1 0.09884566678019564 0.8220000000000036 0.1696913335603913 0.02626434155107563
0 0.0330416662880607 0.8220000000000036 0.0660833325761214 0.02626434155107563
1 0.23693464763705743 0.6339999999999963 0.16186929527411484 0.020427821206387305
0 0.15600000000000092 0.6339999999999963 0.1458333312131417 0.020427821206387305
1 0.1094149831458135 0.43600000000000366 0.218829966291627 0.0189686911202225
1 0.04685643140248431 0.726 0.09371286280496861 0.017509561034050422
1 0.11154279394036712 0.6519999999999964 0.22308558788073424 0.013132170775534177