1 0.14057599966714224 0.37 0.16115199933428448 0.05690607336066023
0 0.10812499886418209 0.37 0.21624999772836417 0.05690607336066023
1 0.20223145248477523 0.774 0.40446290496955045 0.03210086189575668
0 0.03812499886418209 0.774 0.07624999772836417 0.03210086189575668
1 0.542772753394951 0.37 0.33354550678990197 0.02480521146490355
0 0.376 0.37 0.10416666515224278 0.02480521146490355
1 0.606 0.6140000000000037 0.788 0.023346081378731467
0 0.2120000000000009 0.6140000000000037 0.22916666333493596 0.023346081378731467
1 0.3008222007668901 0.3200000000000036 0.6016444015337802 0.0189686911202225
0 0.03929166583373444 0.3200000000000036 0.07858333166746888 0.0189686911202225
1 0.4243676809491753 0.7480000000000037 0.8127353618983507 0.0189686911202225
0 0.055874999318510164 0.7480000000000037 0.11174999863702033 0.0189686911202225
1 0.3535784616329511 0.8400000000000036 0.49915692326590216 0.0189686911202225
0 0.1040833325761223 0.8400000000000036 0.2081666651522446 0.0189686911202225
1 0.926 0.37 0.148 0.017509561034050422
0 0.8520000000000009 0.37 0.22916666333493596 0.017509561034050422