1 0.2171878159670232 0.7019999999999964 0.4343756319340464 0.0423147724989467
1 0.0656229769675192 0.482 0.1312459539350384 0.021886951292559388
1 0.922 0.6799999999999964 0.156 0.020427821206387305
0 0.844 0.6799999999999964 0.20833333030448556 0.020427821206387305
0 0.9733333339391029 0.10799999999999636 0.05333333212179423 0.013132170775534177
1 0.95 0.46 0.1 0.011673040689362096
0 0.8999999999999981 0.46 0.10416666515224278 0.011673040689362096
1 0.6585439725689194 0.598 0.38508794513783867 0.011673040689362096
0 0.4659999999999982 0.598 0.1458333312131399 0.011673040689362096
1 0.661286073018855 0.872 0.3905721460377099 0.011673040689362096
0 0.466 0.872 0.12499999818269135 0.011673040689362096
1 0.825 0.15200000000000363 0.35 0.008754780517025211
0 0.65 0.15200000000000363 0.08333333212179422 0.008754780517025211