1 0.769 0.01129565043085313 0.462 0.02259130086170626
0 0.5380000000000009 0.01129565043085313 0.18749999727403882 0.02259130086170626
1 0.33507306947876986 0.7700000000000037 0.37414613895753973 0.02626434155107563
0 0.1480000000000009 0.7700000000000037 0.1458333312131417 0.02626434155107563
1 0.7259525533883306 0.232 0.4839051067766613 0.021886951292559388
0 0.48400000000000093 0.232 0.18749999727403882 0.021886951292559388
1 0.9 0.03 0.2 0.011673040689362096
0 0.8 0.03 0.12499999818269135 0.011673040689362096
1 0.3259886404053341 0.948 0.3319772808106682 0.011673040689362096
0 0.16 0.948 0.12499999818269135 0.011673040689362096
0 0.9759583337119393 0.17 0.04808333257612139 0.010213910603197292
1 0.029952160726496004 0.554 0.05990432145299201 0.002918260172344162