1 0.3500755773219171 0.914 0.4801511546438342 0.05106955301597191
0 0.11 0.914 0.20833333030448556 0.05106955301597191
1 0.2688535214443182 0.222 0.5377070428886364 0.03210086189575668
0 0.052291665833732626 0.222 0.10458333166746525 0.03210086189575668
1 0.07830972592632679 0.24600000000000363 0.15661945185265358 0.02626434155107563
1 0.11627692287107493 0.77 0.23255384574214985 0.021886951292559388
1 0.5083662299492043 0.6060000000000036 0.3407324598984087 0.0189686911202225
0 0.338 0.6060000000000036 0.16666666424358845 0.0189686911202225
1 0.1056801119335596 0.7100000000000036 0.2113602238671192 0.0189686911202225
1 0.5971705199005791 0.7 0.17034103980115833 0.010213910603197292
0 0.5119999999999982 0.7 0.1458333312131399 0.010213910603197292
1 0.2565488009779638 0.074 0.18509760195592753 0.007295650430853129
0 0.16399999999999818 0.074 0.10416666515224278 0.007295650430853129
1 0.2669094978473695 0.372 0.181818995694739 0.007295650430853129
0 0.176 0.372 0.12499999818269135 0.007295650430853129