1 0.98 0.638 0.04 0.035019122068100844
0 0.96 0.638 0.062499999091345675 0.035019122068100844
1 0.0920338907606556 0.9892452194829748 0.1840677815213112 0.021509561034050422
1 0.5145182900616437 0.7319999999999928 0.7770365801232875 0.026264341551068354
0 0.12600000000000092 0.7319999999999928 0.22916666333493596 0.026264341551068354
1 0.34488296747532693 0.976 0.6337659349506539 0.018968691120215226
0 0.07129166583373445 0.976 0.1425833316674689 0.018968691120215226
1 0.5444966699978422 0.6899999999999927 0.31699333999568446 0.016050430947871064
0 0.3860000000000009 0.6899999999999927 0.16666666424359028 0.016050430947871064
1 0.6834006941447306 0.7659999999999927 0.1628013882894611 0.011673040689362096
0 0.602 0.7659999999999927 0.08333333212179422 0.011673040689362096
1 0.30458273745506176 0.94 0.1611654749101235 0.010213910603197292
0 0.224 0.94 0.10416666515224278 0.010213910603197292