1 0.3513489834266129 0.14999999999999636 0.4346979668532258 0.027723471637240437
0 0.15033333212179606 0.14999999999999636 0.3006666642435921 0.027723471637240437
1 0.11769304161179935 0.054 0.2353860832235987 0.02480521146490355
1 0.10356100729279569 0.37400000000000366 0.20712201458559137 0.023346081378731467
1 0.654 0.356 0.692 0.021886951292559388
0 0.308 0.356 0.312499995456732 0.021886951292559388
1 0.73 0.40999999999999637 0.54 0.020427821206387305
0 0.46 0.40999999999999637 0.16666666424358845 0.020427821206387305
0 0.9483333339391029 0.6679999999999964 0.10333333212179423 0.020427821206387305
1 0.6427823032854649 0.616 0.30156460657092976 0.017509561034050422
0 0.492 0.616 0.12499999818269135 0.017509561034050422
1 0.784 0.46400000000000363 0.432 0.01605043094787834
0 0.568 0.46400000000000363 0.16666666424358845 0.01605043094787834
1 0.963 0.5640000000000036 0.074 0.01605043094787834
0 0.9161250006814898 0.5640000000000036 0.16774999863702034 0.01605043094787834
1 0.784 0.44199999999999634 0.432 0.013132170775534177
0 0.5679999999999982 0.44199999999999634 0.18749999727403702 0.013132170775534177
1 0.6226244132880165 0.6599999999999964 0.7372488265760331 0.013132170775534177
0 0.25399999999999817 0.6599999999999964 0.1458333312131399 0.013132170775534177
1 0.24369774777518796 0.576 0.4873954955503759 0.011673040689362096
1 0.7245881818388389 0.586 0.3131763636776777 0.011673040689362096
0 0.5679999999999982 0.586 0.10416666515224278 0.011673040689362096
1 0.5662132531610369 0.30000000000000365 0.3004265063220737 0.008754780517025211
0 0.416 0.30000000000000365 0.08333333212179422 0.008754780517025211
1 0.2670814476418909 0.5900000000000036 0.5341628952837818 0.008754780517025211
1 0.6569339226780431 0.9879999999999963 0.305867845356086 0.005836520344681048
0 0.5039999999999982 0.9879999999999963 0.062499999091345675 0.005836520344681048