0 0.9507500004543271 0.9180000000000073 0.09849999909134567 0.027723471637247712
1 0.912 0.9439999999999927 0.176 0.026264341551068354
0 0.824000000000001 0.9439999999999927 0.1458333312131417 0.026264341551068354
1 0.04626641971257232 0.102 0.09253283942514463 0.02480521146490355
1 0.10019976103053614 0.7759999999999927 0.20039952206107228 0.021886951292559388
1 0.82 0.9955282621768565 0.36 0.00894347564628697
0 0.64 0.9955282621768565 0.062499999091345675 0.00894347564628697
1 0.06414503562952723 0.066 0.12829007125905445 0.020427821206394584
1 0.917 0.37 0.166 0.018968691120215226
0 0.834000000000001 0.37 0.2499999963653845 0.018968691120215226
1 0.8093338520583957 0.8500000000000073 0.33866770411679137 0.017509561034050422
0 0.64 0.8500000000000073 0.10416666515224278 0.017509561034050422
1 0.5508171204014425 0.8120000000000073 0.25763424080288494 0.013132170775541454
0 0.422 0.8120000000000073 0.08333333212179422 0.013132170775541454
1 0.24514845106897792 0.041999999999992724 0.21029690213795585 0.011673040689362096
0 0.1400000000000009 0.041999999999992724 0.16666666424359028 0.011673040689362096
1 0.24936259838599473 0.23799999999999272 0.21872519677198943 0.011673040689362096
0 0.1400000000000009 0.23799999999999272 0.16666666424359028 0.011673040689362096
1 0.31722693927234197 0.26799999999999274 0.1784538785446839 0.007295650430853129
0 0.228 0.26799999999999274 0.10416666515224278 0.007295650430853129