1 0.15418397266414194 0.9895847865305768 0.3083679453282839 0.020830426938846357
1 0.05609495116054859 0.336 0.11218990232109718 0.043773902585118776
1 0.3651099338277231 0.8180000000000073 0.7302198676554462 0.017509561034050422
0 0.02745833280328543 0.8180000000000073 0.05491666560657086 0.017509561034050422
1 0.871 0.8420000000000073 0.258 0.017509561034050422
0 0.7419999999999995 0.8420000000000073 0.20833333030448647 0.017509561034050422
1 0.014872408961596193 0.3419999999999927 0.029744817923192387 0.016050430947871064
1 0.919 0.064 0.162 0.014591300861706258
0 0.8379999999999995 0.064 0.18749999727403793 0.014591300861706258
1 0.49699425653733986 0.638 0.22598851307467976 0.014591300861706258
0 0.384 0.638 0.062499999091345675 0.014591300861706258
1 0.865 0.656 0.27 0.014591300861706258
0 0.7300000000000004 0.656 0.1041666651522437 0.014591300861706258
1 0.833 0.7420000000000073 0.334 0.013132170775541454
0 0.6660000000000005 0.7420000000000073 0.1041666651522437 0.013132170775541454
1 0.914 0.1999999999999927 0.172 0.011673040689362096
0 0.8280000000000004 0.1999999999999927 0.14583333121314082 0.011673040689362096
1 0.3107301916661531 0.7519999999999927 0.32946038333230626 0.011673040689362096
0 0.14600000000000046 0.7519999999999927 0.1041666651522437 0.011673040689362096
1 0.1382997425255976 0.648 0.2765994850511952 0.010213910603197292
1 0.6313920522636222 0.34 0.23478410452724438 0.008754780517017934
0 0.5140000000000005 0.34 0.1041666651522437 0.008754780517017934
1 0.7067067844757026 0.4299999999999927 0.23341356895140508 0.007295650430853129
0 0.5900000000000004 0.4299999999999927 0.08333333212179514 0.007295650430853129