1 0.946 0.9220000000000036 0.108 0.02626434155107563
0 0.8919999999999981 0.9220000000000036 0.1458333312131399 0.02626434155107563
1 0.1042870012251915 0.6120000000000037 0.208574002450383 0.023346081378731467
1 0.08349416902837492 0.17600000000000363 0.16698833805674984 0.01605043094787834
0 0.021458332803285886 0.17600000000000363 0.04291666560657177 0.01605043094787834
1 0.0620386091251803 0.49800000000000366 0.1240772182503606 0.01605043094787834
0 0.009874999318510163 0.49800000000000366 0.019749998637020327 0.01605043094787834
1 0.3168999291628716 0.75 0.30579985832574313 0.014591300861706258
0 0.164 0.75 0.10416666515224278 0.014591300861706258
1 0.837 0.844 0.326 0.014591300861706258
0 0.6739999999999982 0.844 0.18749999727403702 0.014591300861706258
1 0.057372011180330446 0.56 0.11474402236066089 0.010213910603197292
1 0.5213129186408787 0.742 0.2146258372817574 0.010213910603197292
0 0.4140000000000009 0.742 0.10416666515224461 0.010213910603197292
1 0.94 0.324 0.12 0.004377390258508967