1 0.24415025657837305 0.504 0.4563005131567461 0.0306417318095846
0 0.07049999909134658 0.504 0.14099999818269315 0.0306417318095846
1 0.15128728871539535 0.506 0.3025745774307907 0.0306417318095846
1 0.06660114104950389 0.152 0.13320228209900778 0.023346081378731467
1 0.6914580284035801 0.11 0.2909160568071602 0.021886951292559388
0 0.546 0.11 0.10416666515224278 0.021886951292559388
0 0.986541667196715 0.36 0.02691666560656995 0.021886951292559388
1 0.22846317349270795 0.5879999999999982 0.2729263469854159 0.017509561034046783
0 0.092 0.5879999999999982 0.12499999818269135 0.017509561034046783
1 0.3059784055452783 0.532 0.6119568110905566 0.01605043094787834
0 0.044083332576122305 0.532 0.08816666515224461 0.01605043094787834
1 0.958 0.138 0.084 0.014591300861706258
0 0.916 0.138 0.10416666515224278 0.014591300861706258
1 0.882 0.548 0.236 0.014591300861706258
0 0.7640000000000009 0.548 0.2083333303044874 0.014591300861706258
1 0.6524227637868544 0.7660000000000018 0.10084552757370875 0.013132170775537815
0 0.602 0.7660000000000018 0.12499999818269135 0.013132170775537815
1 0.05523244242335204 0.02999999999999818 0.11046488484670408 0.010213910603193653
1 0.24980205844191733 0.8439999999999982 0.2716041168838346 0.010213910603193653
0 0.114 0.8439999999999982 0.12499999818269135 0.010213910603193653
1 0.947 0.938 0.106 0.008754780517025211
0 0.894 0.938 0.12499999818269135 0.008754780517025211
1 0.6001447862783161 0.574 0.38828957255663227 0.005836520344681048
0 0.406 0.574 0.062499999091345675 0.005836520344681048