1 0.08073542296954474 0.01921391060319729 0.16147084593908947 0.03842782120639458
1 0.3142096598206508 0.39599999999999635 0.22041931964130163 0.03793738224043773
0 0.20400000000000046 0.39599999999999635 0.12499999818269225 0.03793738224043773
1 0.857 0.01038999799548401 0.286 0.02077999599096802
0 0.7140000000000004 0.01038999799548401 0.14583333121314082 0.02077999599096802
1 0.9 0.018 0.2 0.03210086189575668
0 0.8000000000000005 0.018 0.14583333121314082 0.03210086189575668
1 0.7557087733877743 0.7600000000000037 0.4514175467755485 0.0189686911202225
0 0.5300000000000005 0.7600000000000037 0.14583333121314082 0.0189686911202225
1 0.4339545937512239 0.858 0.2839091875024478 0.014591300861706258
0 0.29199999999999954 0.858 0.16666666424358936 0.014591300861706258
1 0.28407984282580356 0.962 0.2001596856516071 0.014591300861706258
0 0.18400000000000022 0.962 0.18749999727403838 0.014591300861706258
1 0.1180998696516499 0.0052830426938817255 0.2361997393032998 0.010566085387763451
1 0.884 0.542 0.232 0.011673040689362096
0 0.7680000000000005 0.542 0.08333333212179514 0.011673040689362096
1 0.5737949945885211 0.882 0.2195899891770423 0.011673040689362096
0 0.46400000000000047 0.882 0.1041666651522437 0.011673040689362096
1 0.5891890118670171 0.914 0.29037802373403426 0.011673040689362096
0 0.44400000000000045 0.914 0.14583333121314082 0.011673040689362096
1 0.17291828553591176 0.534 0.2818365710718235 0.010213910603197292
0 0.036833333030448556 0.534 0.07366666606089711 0.010213910603197292
1 0.7118160754718037 0.064 0.16763215094360748 0.007295650430853129
0 0.628 0.064 0.062499999091345675 0.007295650430853129