1 0.799 0.374 0.402 0.0496104229298071
0 0.598 0.374 0.16666666424358936 0.0496104229298071
1 0.88 0.20399999999999271 0.24 0.036478252154265645
0 0.76 0.20399999999999271 0.3124999954567302 0.036478252154265645
1 0.804 0.33199999999999275 0.392 0.036478252154265645
0 0.6079999999999998 0.33199999999999275 0.2291666633349355 0.036478252154265645
1 0.27379879755703157 0.15200000000000727 0.3275975951140631 0.03210086189575668
0 0.11000000000000022 0.15200000000000727 0.18749999727403838 0.03210086189575668
1 0.13368823795043203 0.394 0.26737647590086405 0.030641731809591875
0 0.040333332121794914 0.394 0.08066666424358983 0.030641731809591875
1 0.21247707022118129 0.4359999999999927 0.2689541404423626 0.026264341551068354
0 0.1379583318946311 0.4359999999999927 0.2759166637892622 0.026264341551068354
0 0.9467500004543269 0.312 0.10649999909134612 0.020427821206394584
1 0.712 0.362 0.576 0.020427821206394584
0 0.4240000000000002 0.362 0.18749999727403838 0.020427821206394584
1 0.7758483114679875 0.772 0.24769662293597502 0.014591300861706258
0 0.652 0.772 0.14583333121314082 0.014591300861706258
1 0.628855555496471 0.6160000000000073 0.12571111099294194 0.013132170775541454
0 0.5660000000000003 0.6160000000000073 0.062499999091346126 0.013132170775541454
1 0.951 0.7080000000000073 0.098 0.013132170775541454
0 0.902 0.7080000000000073 0.12499999818269225 0.013132170775541454
0 0.9731666669695512 0.126 0.053666666060897567 0.010213910603197292
1 0.5683883728546032 0.406 0.18077674570920635 0.010213910603197292
0 0.47799999999999976 0.406 0.10416666515224324 0.010213910603197292
1 0.7124825161345893 0.7499999999999927 0.18496503226917865 0.007295650430853129
0 0.6199999999999998 0.7499999999999927 0.08333333212179468 0.007295650430853129