1 0.16056056886498846 0.308 0.3211211377299769 0.036478252154265645
1 0.040372814277287034 0.324 0.08074562855457407 0.02480521146490355
1 0.18335215393447107 0.1580000000000018 0.36670430786894215 0.020427821206390945
1 0.2956833982608605 0.6460000000000018 0.32736679652172096 0.020427821206390945
0 0.132 0.6460000000000018 0.08333333212179422 0.020427821206390945
1 0.6477347272445441 0.616 0.3394694544890881 0.01605043094787834
0 0.4779999999999982 0.616 0.10416666515224278 0.01605043094787834
1 0.5486375043337175 0.888 0.661275008667435 0.01605043094787834
0 0.218 0.888 0.20833333030448556 0.01605043094787834
1 0.21087989874348023 0.154 0.42175979748696046 0.014591300861706258
1 0.15719821655513624 0.872 0.3143964331102725 0.014591300861706258
1 0.05874965180649997 0.20000000000000182 0.11749930361299994 0.013132170775537815
1 0.45255837573477403 0.4280000000000018 0.48911675146954803 0.013132170775537815
0 0.208 0.4280000000000018 0.12499999818269135 0.013132170775537815
1 0.021892164430573756 0.6160000000000018 0.04378432886114751 0.013132170775537815
1 0.3305620426376172 0.3040000000000018 0.3331240852752344 0.011673040689365734
0 0.16399999999999818 0.3040000000000018 0.10416666515224278 0.011673040689365734
1 0.16043835206197765 0.9160000000000018 0.3208767041239553 0.011673040689365734
1 0.44234823447159216 0.35 0.4926964689431843 0.008754780517025211
0 0.196 0.35 0.08333333212179422 0.008754780517025211
1 0.6701178603886492 0.518 0.3402357207772984 0.008754780517025211
0 0.49999999999999817 0.518 0.10416666515224278 0.008754780517025211