1 0.49394236581097994 0.688 0.40388473162195987 0.033559991981921486
0 0.292 0.688 0.3333333284871787 0.033559991981921486
1 0.5 0.16199999999999273 1.0 0.026264341551068354
1 0.9 0.238 0.2 0.023346081378724192
0 0.7999999999999996 0.238 0.18749999727403793 0.023346081378724192
1 0.4289896589244759 0.738 0.2099793178489517 0.014591300861706258
0 0.32400000000000045 0.738 0.08333333212179514 0.014591300861706258
1 0.83 0.15800000000000727 0.34 0.013132170775541454
0 0.6599999999999996 0.15800000000000727 0.18749999727403793 0.013132170775541454
1 0.020193851723000308 0.2600000000000073 0.040387703446000615 0.013132170775541454
1 0.1641491644148291 0.7700000000000072 0.2642983288296582 0.013132170775541454
0 0.03200000000000023 0.7700000000000072 0.062499999091346126 0.013132170775541454
1 0.7901280769707459 0.04599999999999273 0.2162561539414919 0.011673040689362096
0 0.6820000000000005 0.04599999999999273 0.12499999818269225 0.011673040689362096
1 0.1879879044697018 0.2819999999999927 0.3759758089394036 0.011673040689362096
0 0.04066666606089734 0.2819999999999927 0.08133333212179468 0.011673040689362096
1 0.107801128709762 0.10199999999999272 0.215602257419524 0.007295650430853129
1 0.40412486037105644 0.1999999999999927 0.660249720742113 0.007295650430853129
0 0.074 0.1999999999999927 0.062499999091345675 0.007295650430853129