1 0.747 0.022415213469415902 0.506 0.044830426938831804
0 0.494 0.022415213469415902 0.6041666578830118 0.044830426938831804
1 0.921 0.9260000000000073 0.158 0.04231477249895397
0 0.842 0.9260000000000073 0.2499999963653845 0.04231477249895397
1 0.552 0.4359999999999927 0.896 0.04085564241277461
0 0.11970833234895827 0.4359999999999927 0.23941666469791653 0.04085564241277461
1 0.19683611231584291 0.07 0.3816722246316858 0.035019122068100844
0 0.09674999863701941 0.07 0.19349999727403883 0.035019122068100844
1 0.856 0.904 0.288 0.035019122068100844
0 0.7119999999999995 0.904 0.20833333030448647 0.035019122068100844
0 0.987541667196715 0.016000000000007276 0.02491666560656995 0.027723471637247712
1 0.926 0.566 0.148 0.020427821206394584
0 0.8519999999999995 0.566 0.18749999727403793 0.020427821206394584
1 0.6462196568154627 0.748 0.32443931363092543 0.020427821206394584
0 0.48399999999999954 0.748 0.18749999727403793 0.020427821206394584
1 0.839 0.762 0.322 0.020427821206394584
0 0.6779999999999995 0.762 0.16666666424358936 0.020427821206394584
1 0.11573603823084841 0.788 0.23147207646169682 0.020427821206394584
1 0.7382433545478534 0.236 0.29248670909570684 0.018968691120215226
0 0.5920000000000004 0.236 0.14583333121314082 0.018968691120215226
1 0.6018664318709316 0.9700000000000073 0.7117328637418632 0.017509561034050422
0 0.24599999999999955 0.9700000000000073 0.16666666424358936 0.017509561034050422
1 0.12595157364515444 0.7740000000000072 0.2519031472903089 0.013132170775541454
1 0.07316893716599407 0.5399999999999927 0.13433787433198813 0.011673040689362096
0 0.029041666288061152 0.5399999999999927 0.058083332576122304 0.011673040689362096
1 0.16428281387843754 0.336 0.14056562775687506 0.010213910603197292
0 0.094 0.336 0.062499999091345675 0.010213910603197292
1 0.8412532779798644 0.836 0.21450655595972876 0.010213910603197292
0 0.7340000000000004 0.836 0.1041666651522437 0.010213910603197292
1 0.8076370274256228 0.882 0.29927405485124564 0.010213910603197292
0 0.6580000000000005 0.882 0.12499999818269225 0.010213910603197292
1 0.98 0.042 0.04 0.008754780517017934
0 0.9591666669695514 0.042 0.08166666606089712 0.008754780517017934
1 0.379054719908534 0.09 0.20210943981706805 0.008754780517017934
0 0.278 0.09 0.062499999091345675 0.008754780517017934