1 0.5258372726669759 0.6979999999999927 0.32767454533395174 0.04085564241277461
0 0.36200000000000093 0.6979999999999927 0.2083333303044874 0.04085564241277461
1 0.5251335330281881 0.8880000000000072 0.1742670660563763 0.037937382240445
0 0.438 0.8880000000000072 0.020833333030448556 0.037937382240445
1 0.6923090435686172 0.06599999999999272 0.5286180871372343 0.026264341551068354
0 0.42800000000000094 0.06599999999999272 0.27083332939583304 0.026264341551068354
1 0.828 0.37599999999999273 0.344 0.026264341551068354
0 0.6560000000000009 0.37599999999999273 0.1458333312131417 0.026264341551068354
1 0.06537370058082616 0.052 0.13074740116165232 0.02480521146490355
1 0.855 0.088 0.29 0.02480521146490355
0 0.710000000000001 0.088 0.16666666424359028 0.02480521146490355
1 0.904 0.4 0.192 0.023346081378724192
0 0.8080000000000009 0.4 0.16666666424359028 0.023346081378724192
1 0.817 0.032 0.366 0.018968691120215226
0 0.634 0.032 0.12499999818269135 0.018968691120215226
1 0.26361114529168844 0.6459999999999927 0.5272222905833769 0.016050430947871064
0 0.011083332576122302 0.6459999999999927 0.022166665152244604 0.016050430947871064
1 0.29330777390024104 0.354 0.25061554780048206 0.014591300861706258
0 0.1680000000000009 0.354 0.1458333312131417 0.014591300861706258
1 0.07904193481334915 0.83 0.1580838696266983 0.014591300861706258
1 0.49244705608093226 0.006283042693889002 0.26089411216186453 0.012566085387778004
0 0.362 0.006283042693889002 0.10416666515224278 0.012566085387778004
1 0.746 0.4000000000000073 0.508 0.013132170775541454
0 0.49200000000000094 0.4000000000000073 0.1458333312131417 0.013132170775541454
1 0.6078625352414456 0.6420000000000072 0.3397250704828912 0.013132170775541454
0 0.438 0.6420000000000072 0.10416666515224278 0.013132170775541454
1 0.25045488514115916 0.8419999999999928 0.1649097702823183 0.011673040689362096
0 0.168 0.8419999999999928 0.10416666515224278 0.011673040689362096
1 0.06992260192874074 0.184 0.13984520385748148 0.010213910603197292
1 0.12335950890591812 0.9984465223492007 0.24671901781183625 0.0031069553015986456
0 0.9861666669695515 0.15399999999999273 0.027666666060897113 0.007295650430853129
1 0.1573022642669639 0.5400000000000073 0.2386045285339278 0.002918260172344162