1 0.5539638417949627 0.284 0.37192768358992545 0.030641731809591875
0 0.368 0.284 0.062499999091345675 0.030641731809591875
1 0.3473837916578477 0.31 0.15476758331569546 0.02480521146490355
0 0.2700000000000009 0.31 0.16666666424359028 0.02480521146490355
0 0.9771666669695515 0.546 0.045666666060897115 0.023346081378724192
1 0.906 0.9000000000000072 0.188 0.013132170775541454
0 0.812 0.9000000000000072 0.10416666515224278 0.013132170775541454
1 0.3503899756823539 0.126 0.2047799513647078 0.010213910603197292
0 0.248 0.126 0.10416666515224278 0.010213910603197292
1 0.6123931432918325 0.616 0.27278628658366505 0.010213910603197292
0 0.476 0.616 0.08333333212179422 0.010213910603197292
1 0.03942561248382208 0.294 0.07885122496764416 0.008754780517017934
1 0.11623770388707907 0.308 0.18847540777415817 0.008754780517017934
0 0.037041666288060694 0.308 0.07408333257612139 0.008754780517017934
1 0.47841182591076087 0.009999999999992725 0.26482365182152173 0.007295650430853129
0 0.346 0.009999999999992725 0.062499999091345675 0.007295650430853129
1 0.6147863903901707 0.4859999999999927 0.42957278078034145 0.007295650430853129